persona,game,world,cause_of_death,jump_count,coins_collected,avg_vx,progress_ratio,route,enemies_killed,elapsed_time
novice,mario,Mario1-2,Stuck,6,2,137.34,0.348,"[(112.0, 208.0), (116.5, 226.4), (129.0, 280.4), (149.5, 353.8), (177.9, 314.5), (207.3, 260.9), (233.4, 228.5), (265.6, 219.2), (303.8, 240.0), (341.9, 186.8), (377.7, 133.2), (409.3, 100.9), (444.8, 91.6), (484.8, 112.4), (524.3, 168.8), (564.3, 242.1), (604.3, 315.5), (624.1, 290.6), (629.6, 234.4), (643.1, 199.3), (664.6, 187.1), (694.1, 203.5), (731.5, 255.4), (752.1, 218.5), (757.6, 166.5), (771.1, 136.3), (792.6, 129.3), (822.1, 153.7), (859.5, 213.5), (898.8, 195.5), (937.0, 139.4), (972.5, 104.2), (1009.0, 92.1), (1049.0, 108.5), (1089.0, 160.4), (1129.0, 233.6), (1169.0, 306.9), (1209.0, 336.9), (1249.0, 310.6), (1289.0, 307.9), (1329.0, 337.9), (1368.9, 339.8), (1405.9, 278.6), (1424.4, 240.0), (1424.4, 258.4), (1424.4, 312.4), (1431.2, 358.3), (1448.8, 304.3), (1474.2, 325.3), (1507.2, 340.1), (1538.6, 313.8), (1565.5, 311.2), (1595.0, 341.2), (1630.6, 325.8), (1664.0, 308.1), (1696.5, 316.5), (1712.8, 359.8), (1712.0, 314.5), (1712.0, 260.9), (1713.2, 228.8), (1721.8, 219.9), (1738.2, 240.0), (1765.8, 171.1), (1801.2, 146.5), (1841.2, 177.2), (1881.2, 240.0), (1919.8, 171.1), (1954.5, 146.5), (1968.0, 177.2), (1968.0, 240.0), (1968.4, 171.1), (1968.4, 146.5), (1968.4, 177.2), (1968.4, 240.0), (1968.8, 171.1), (1968.8, 146.5), (1968.8, 177.2), (1968.8, 240.0), (1968.8, 171.1), (1968.8, 146.5), (1968.8, 177.2), (1968.8, 240.0), (1968.8, 171.1), (1968.8, 146.5), (1968.8, 177.2), (1968.8, 240.0), (1968.8, 171.1), (1968.8, 146.5), (1968.8, 177.2), (1968.8, 240.0), (1968.8, 171.1), (1968.8, 146.5), (1968.8, 177.2), (1968.8, 240.0), (1968.8, 171.1), (1968.8, 146.5), (1968.8, 177.2), (1968.8, 240.0), (1968.8, 171.1), (1968.8, 146.5), (1968.8, 177.2), (1968.8, 240.0), (1968.8, 171.1), (1968.8, 146.5), (1968.8, 177.2)]",0,13.98
novice,mario,Mario1-2,Stuck,1,0,-11.28,0.009,"[(112.0, 208.0), (107.5, 226.4), (95.0, 280.4), (79.8, 353.8), (71.1, 314.5), (56.0, 260.9), (48.0, 228.5), (48.0, 219.2), (48.0, 240.0), (49.1, 296.4), (52.9, 368.0), (48.9, 299.4), (48.0, 251.1), (48.0, 224.7), (48.0, 222.0), (48.0, 251.9), (49.5, 316.1), (52.6, 348.9), (48.0, 285.4), (48.0, 242.3), (48.0, 221.7), (48.0, 226.1), (48.4, 265.0), (50.4, 334.4), (51.9, 331.1), (48.0, 272.7), (48.0, 235.0), (48.0, 220.2), (48.0, 232.5), (49.0, 280.2), (51.8, 352.7), (50.7, 314.6), (48.0, 261.2), (48.0, 229.1), (48.0, 220.1), (48.0, 241.1), (49.1, 297.7), (52.9, 368.0)]",0,5.02
novice,mario,Mario1-2,Enemy,0,0,10.19,0.031,"[(112.0, 208.0), (110.9, 226.4), (110.9, 280.4), (113.5, 353.8), (119.3, 368.0), (124.6, 368.0), (126.5, 368.0), (128.7, 368.0), (131.7, 368.0), (132.6, 368.0), (134.7, 368.0), (137.7, 368.0), (138.6, 368.0), (140.7, 368.0), (143.7, 368.0), (144.6, 368.0), (146.7, 368.0), (149.7, 368.0), (150.6, 368.0), (152.7, 368.0), (155.7, 368.0), (156.6, 368.0), (158.7, 368.0), (161.7, 368.0), (162.6, 368.0), (164.7, 368.0), (167.7, 368.0), (168.6, 368.0), (170.7, 368.0), (173.7, 368.0), (174.6, 368.0), (176.7, 368.0), (171.4, 368.0), (172.3, 368.0), (174.4, 368.0), (177.4, 368.0), (178.3, 368.0), (171.7, 368.0), (175.2, 368.0), (176.0, 368.0), (174.9, 368.0), (172.7, 368.0), (173.8, 368.0), (175.8, 368.0), (178.9, 368.0), (170.8, 368.0)]",0,6.08
novice,mario,Mario1-2,Stuck,29,3,91.99,0.347,"[(112.0, 208.0), (116.5, 226.4), (129.0, 280.4), (149.5, 353.8), (180.2, 315.1), (219.0, 264.8), (259.0, 236.6), (299.0, 231.6), (338.4, 240.4), (354.0, 240.4), (359.9, 240.4), (366.7, 240.4), (383.5, 240.4), (397.5, 240.4), (408.7, 240.4), (420.2, 240.4), (428.8, 240.4), (434.7, 240.4), (441.5, 240.4), (446.0, 240.4), (448.3, 240.4), (460.8, 240.4), (461.9, 240.4), (461.9, 240.4), (464.2, 240.4), (465.2, 240.4), (465.3, 240.4), (467.5, 240.4), (468.6, 240.4), (468.6, 240.4), (470.8, 240.4), (471.9, 240.4), (471.9, 240.4), (474.2, 240.4), (475.2, 240.4), (475.3, 240.4), (477.5, 240.4), (478.6, 240.4), (478.6, 240.4), (480.8, 240.4), (481.9, 240.4), (481.9, 240.4), (484.2, 240.4), (485.2, 240.4), (485.3, 240.4), (487.5, 240.4), (488.6, 240.4), (488.6, 240.4), (490.8, 240.4), (491.9, 240.4), (491.9, 240.4), (494.2, 240.4), (495.2, 240.4), (496.9, 247.4), (503.5, 288.0), (518.1, 358.3), (543.0, 315.4), (576.6, 265.4), (616.2, 237.9), (656.2, 233.7), (696.2, 260.9), (736.2, 219.1), (776.2, 168.4), (816.2, 139.1), (856.2, 133.2), (896.2, 158.7), (936.2, 219.3), (944.4, 292.6), (950.9, 366.0), (968.0, 307.9), (993.5, 273.1), (1008.0, 299.4), (1008.0, 346.0), (1008.0, 313.9), (1008.0, 304.9), (1008.0, 326.0), (1008.0, 358.3), (1008.0, 293.2), (1009.2, 251.2), (1017.8, 232.3), (1034.2, 238.5), (1059.1, 262.3), (1094.6, 196.9), (1134.6, 152.0), (1174.6, 129.4), (1214.6, 130.9), (1254.6, 166.1), (1264.1, 233.7), (1264.1, 307.0), (1269.6, 337.0), (1283.1, 310.7), (1304.6, 308.1), (1334.1, 338.1), (1371.6, 340.1), (1411.6, 281.4), (1424.1, 245.9), (1424.1, 247.4), (1424.1, 288.0), (1425.9, 358.3), (1437.6, 315.4), (1458.1, 313.9), (1486.6, 343.7), (1523.1, 311.5), (1563.1, 306.8), (1603.1, 338.5), (1643.1, 323.6), (1683.1, 305.9), (1712.4, 314.3), (1712.4, 357.6), (1712.0, 315.1), (1712.0, 264.8), (1713.2, 237.6), (1721.8, 234.1), (1740.1, 208.3), (1767.6, 229.3), (1804.6, 194.6), (1844.6, 144.0), (1884.6, 162.2), (1924.6, 215.8), (1964.6, 195.0), (1968.8, 144.0), (1968.8, 162.4), (1968.8, 216.4), (1968.0, 194.8), (1968.0, 144.0), (1968.0, 162.4), (1968.0, 216.4), (1968.0, 195.2), (1968.0, 144.0), (1968.0, 162.4), (1968.0, 216.4), (1968.0, 195.0), (1968.0, 144.0), (1968.0, 162.4), (1968.0, 216.4), (1968.0, 194.8), (1968.0, 144.0), (1968.0, 162.4), (1968.0, 216.4), (1968.0, 195.2), (1968.0, 144.0), (1968.0, 162.4), (1968.0, 216.4), (1968.0, 195.0), (1968.0, 144.0), (1968.0, 162.4), (1968.0, 216.4), (1968.0, 194.8), (1968.0, 144.0), (1968.0, 162.4), (1968.0, 216.4), (1968.0, 195.2), (1968.0, 144.0), (1968.0, 162.4), (1968.0, 216.4), (1968.0, 195.0), (1968.0, 144.0)]",0,20.88
novice,mario,Mario1-2,Stuck,2,0,196.46,0.969,"[(112.0, 208.0), (116.5, 226.4), (129.0, 280.4), (149.5, 353.8), (180.2, 314.5), (219.0, 260.9), (259.0, 228.5), (299.0, 219.2), (339.0, 240.0), (379.0, 171.2), (419.0, 122.7), (459.0, 96.1), (499.0, 93.1), (539.0, 122.8), (579.0, 186.8), (619.0, 260.1), (659.0, 275.8), (699.0, 214.6), (739.0, 173.9), (779.0, 156.0), (819.0, 164.1), (859.0, 207.1), (899.0, 203.0), (939.0, 144.3), (979.0, 106.4), (1019.0, 91.4), (1059.0, 103.5), (1099.0, 151.0), (1139.0, 223.4), (1179.0, 296.8), (1219.0, 340.8), (1259.0, 311.6), (1299.0, 305.7), (1339.0, 331.3), (1379.0, 348.9), (1419.0, 285.1), (1424.4, 241.8), (1424.4, 254.2), (1424.4, 303.8), (1430.9, 368.0), (1448.4, 304.0), (1473.9, 320.9), (1507.4, 368.0), (1547.4, 304.0), (1587.4, 320.9), (1627.4, 358.1), (1667.4, 326.0), (1707.4, 317.0), (1712.4, 338.1), (1716.9, 368.0), (1748.6, 368.3), (1788.6, 368.0), (1828.6, 339.8), (1868.6, 306.5), (1908.6, 335.9), (1948.6, 331.4), (1988.6, 310.8), (2028.6, 315.3), (2068.6, 354.2), (2108.6, 314.5), (2128.8, 261.1), (2128.8, 229.8), (2128.8, 221.6), (2128.8, 243.4), (2128.8, 300.8), (2131.5, 368.0), (2146.0, 304.0), (2168.5, 320.9), (2199.0, 368.0), (2238.6, 304.0), (2278.6, 320.9), (2318.6, 368.0), (2358.6, 304.0), (2398.6, 320.9), (2438.6, 368.0), (2478.6, 304.0), (2518.6, 320.9), (2558.6, 368.0), (2598.6, 299.1), (2638.6, 250.6), (2671.9, 224.0), (2671.6, 221.1), (2670.9, 250.8), (2674.4, 314.8), (2686.6, 348.9), (2709.1, 285.1), (2739.6, 278.8), (2777.8, 318.5), (2817.8, 348.9), (2857.8, 285.1), (2897.8, 278.8), (2937.8, 318.5), (2977.8, 348.9), (3017.8, 285.1), (3057.8, 241.8), (3097.8, 221.0), (3137.8, 225.2), (3177.8, 263.8), (3217.8, 333.1), (3257.8, 331.0), (3280.8, 272.3), (3288.2, 234.4), (3303.8, 219.4), (3327.2, 231.5), (3359.1, 261.4), (3399.0, 195.1), (3439.0, 149.2), (3479.0, 125.4), (3519.0, 126.0), (3559.0, 160.1), (3599.0, 227.0), (3639.0, 300.4), (3664.0, 368.0), (3663.0, 299.4), (3668.5, 251.2), (3682.0, 224.9), (3703.5, 222.3), (3733.0, 252.3), (3770.4, 316.4), (3810.4, 348.9), (3850.4, 285.1), (3858.6, 241.8), (3869.1, 221.0), (3887.6, 225.2), (3914.1, 263.8), (3951.1, 209.8), (3991.1, 158.7), (4031.1, 129.2), (4071.1, 123.0), (4111.1, 148.3), (4151.1, 208.7), (4191.1, 282.0), (4231.1, 316.9), (4242.6, 253.1), (4253.1, 209.8), (4271.6, 189.0), (4298.1, 193.2), (4332.6, 231.8), (4372.5, 186.5), (4412.5, 132.9), (4452.5, 100.5), (4492.5, 91.2), (4532.5, 112.0), (4572.5, 168.4), (4612.5, 241.8), (4624.4, 315.1), (4631.6, 348.9), (4649.1, 305.1), (4674.6, 330.4), (4708.9, 348.9), (4748.9, 305.1), (4788.9, 330.4), (4828.9, 348.9), (4868.9, 285.1), (4908.9, 241.8), (4948.9, 221.0), (4988.9, 202.0), (5028.9, 138.2), (5068.9, 94.9), (5108.9, 82.8), (5148.9, 114.5), (5188.9, 179.9), (5228.9, 253.3), (5268.9, 218.1), (5308.9, 164.5), (5348.9, 132.1), (5388.9, 122.8), (5428.9, 143.7), (5468.9, 200.0), (5488.0, 146.6), (5488.0, 95.6), (5488.0, 84.8), (5488.7, 121.0), (5488.7, 189.1), (5488.4, 153.9), (5488.9, 100.3), (5488.8, 82.8), (5488.0, 114.5), (5488.0, 179.9), (5487.0, 162.2), (5485.8, 106.4), (5488.1, 81.3), (5488.0, 108.6), (5488.0, 170.8), (5487.6, 170.6), (5485.9, 112.2), (5488.4, 80.4), (5488.8, 103.2), (5488.0, 161.6), (5488.1, 179.2), (5487.6, 118.0), (5488.0, 80.0), (5488.0, 98.4), (5488.0, 152.4), (5487.9, 188.4), (5486.1, 124.9), (5487.6, 81.9), (5488.4, 94.2), (5488.0, 143.8), (5488.0, 197.8), (5486.8, 131.7), (5486.5, 86.1), (5488.0, 90.5), (5488.0, 135.6), (5488.0, 207.4), (5487.6, 138.6), (5487.6, 90.1)]",0,27.47
novice,mario,Mario1-2,Enemy,0,0,163.45,0.075,"[(112.0, 208.0), (107.5, 226.4), (95.0, 280.4), (74.5, 353.8), (51.0, 368.0), (53.0, 368.0), (85.5, 368.0), (125.5, 368.0), (165.5, 368.0), (205.5, 368.0), (245.5, 368.0), (285.5, 368.0), (325.5, 368.0), (365.5, 368.0), (405.5, 368.0)]",0,1.95
novice,mario,Mario1-2,Stuck,1,0,198.12,0.969,"[(112.0, 208.0), (116.5, 226.4), (129.0, 280.4), (149.5, 353.8), (180.2, 314.5), (219.0, 260.9), (259.0, 228.5), (299.0, 219.2), (339.0, 240.0), (379.0, 171.2), (419.0, 122.7), (459.0, 96.1), (499.0, 93.1), (539.0, 122.8), (579.0, 186.8), (619.0, 260.1), (659.0, 275.8), (699.0, 214.6), (739.0, 173.9), (779.0, 156.0), (819.0, 164.1), (859.0, 207.1), (899.0, 203.0), (939.0, 144.3), (979.0, 106.4), (1019.0, 91.4), (1059.0, 103.5), (1099.0, 151.0), (1139.0, 223.4), (1179.0, 296.8), (1219.0, 340.8), (1259.0, 311.6), (1299.0, 305.7), (1339.0, 331.3), (1379.0, 348.9), (1419.0, 285.1), (1424.4, 241.8), (1424.4, 254.2), (1424.4, 303.8), (1430.9, 368.0), (1448.4, 304.0), (1473.9, 320.9), (1507.4, 368.0), (1547.4, 304.0), (1587.4, 320.9), (1627.4, 358.1), (1667.4, 326.0), (1707.4, 317.0), (1712.4, 338.1), (1716.9, 368.0), (1748.6, 368.3), (1788.6, 368.0), (1828.6, 339.8), (1868.6, 306.5), (1908.6, 335.9), (1948.6, 331.4), (1988.6, 310.8), (2028.6, 315.3), (2068.6, 354.2), (2108.6, 314.5), (2128.8, 260.9), (2128.8, 228.5), (2128.8, 219.2), (2128.8, 240.0), (2128.8, 296.4), (2131.5, 368.0), (2146.0, 304.0), (2168.5, 320.9), (2199.0, 368.0), (2238.6, 304.0), (2278.6, 320.9), (2318.6, 368.0), (2358.6, 304.0), (2398.6, 320.9), (2438.6, 368.0), (2478.6, 304.0), (2518.6, 320.9), (2558.6, 368.0), (2598.6, 299.1), (2638.6, 250.6), (2672.1, 224.0), (2672.1, 221.1), (2672.1, 250.8), (2673.9, 314.8), (2684.1, 348.9), (2704.6, 285.1), (2733.1, 278.8), (2769.6, 318.5), (2809.6, 348.9), (2849.6, 285.1), (2889.6, 278.8), (2929.6, 318.5), (2969.6, 348.9), (3009.6, 285.1), (3049.6, 241.8), (3089.6, 221.0), (3129.6, 225.2), (3169.6, 263.8), (3209.6, 333.1), (3249.6, 331.0), (3280.1, 272.3), (3285.6, 234.4), (3299.1, 219.4), (3320.6, 231.5), (3350.5, 261.4), (3389.8, 195.1), (3429.8, 149.2), (3469.8, 125.4), (3509.8, 126.0), (3549.8, 160.1), (3589.8, 227.0), (3629.8, 300.4), (3664.0, 368.0), (3664.4, 299.1), (3670.9, 250.6), (3685.4, 224.0), (3707.9, 221.1), (3738.4, 250.8), (3776.5, 314.8), (3816.5, 348.9), (3856.5, 285.1), (3859.5, 241.8), (3871.0, 221.0), (3890.5, 225.2), (3918.0, 263.8), (3955.8, 209.8), (3995.8, 158.7), (4035.8, 129.2), (4075.8, 123.0), (4115.8, 148.3), (4155.8, 208.7), (4195.8, 282.0), (4235.8, 316.9), (4242.6, 253.1), (4253.1, 209.8), (4271.6, 189.0), (4298.1, 193.2), (4332.6, 231.8), (4372.5, 186.5), (4412.5, 132.9), (4452.5, 100.5), (4492.5, 91.2), (4532.5, 112.0), (4572.5, 168.4), (4612.5, 241.8), (4624.1, 315.1), (4630.4, 348.9), (4646.9, 305.1), (4671.4, 330.4), (4704.6, 348.9), (4744.6, 305.1), (4784.6, 330.4), (4824.6, 348.9), (4864.6, 285.1), (4904.6, 241.8), (4944.6, 221.0), (4984.6, 202.0), (5024.6, 138.2), (5064.6, 94.9), (5104.6, 82.8), (5144.6, 114.5), (5184.6, 179.9), (5224.6, 253.3), (5264.6, 218.1), (5304.6, 164.5), (5344.6, 132.1), (5384.6, 122.8), (5424.6, 143.7), (5464.6, 200.0), (5488.8, 146.6), (5488.8, 95.6), (5488.8, 84.8), (5488.8, 121.0), (5488.8, 189.1), (5488.0, 153.9), (5488.0, 100.3), (5488.0, 82.8), (5488.0, 114.5), (5488.0, 179.9), (5488.0, 162.0), (5488.0, 105.9), (5488.0, 81.3), (5488.0, 108.6), (5488.0, 170.8), (5488.4, 170.5), (5488.4, 111.8), (5488.4, 80.4), (5488.4, 103.2), (5488.4, 161.6), (5488.4, 179.2), (5488.4, 118.0), (5488.4, 80.0), (5488.4, 98.4), (5488.4, 152.4), (5488.0, 188.3), (5488.0, 124.6), (5488.0, 81.3), (5488.0, 94.2), (5488.0, 143.8), (5488.0, 197.7), (5488.0, 131.4), (5488.0, 85.5), (5488.0, 90.5), (5488.0, 135.6), (5488.0, 207.4), (5488.4, 138.6), (5488.4, 90.1)]",0,27.48
novice,mario,Mario1-2,Enemy,10,0,187.29,0.256,"[(112.0, 208.0), (116.5, 226.4), (129.0, 280.4), (149.5, 353.8), (183.6, 368.0), (223.6, 368.0), (263.6, 368.0), (303.6, 323.1), (343.6, 310.9), (383.6, 349.3), (423.6, 323.2), (463.6, 310.9), (503.6, 349.6), (543.6, 314.6), (583.6, 302.7), (623.6, 319.3), (624.8, 368.0), (624.8, 299.6), (632.2, 254.0), (647.8, 231.6), (671.2, 233.4), (702.8, 268.8), (742.2, 272.4), (752.1, 286.2), (752.1, 335.8), (752.4, 331.2), (752.4, 273.6), (752.4, 238.2), (758.9, 225.9), (773.4, 240.0), (807.1, 240.0), (847.1, 240.0), (887.1, 241.3), (927.1, 268.6), (967.1, 276.5), (1007.1, 312.0), (1008.8, 336.3), (1008.8, 310.0), (1008.8, 307.3), (1008.8, 337.3), (1008.1, 339.9), (1008.1, 280.2), (1013.6, 243.3), (1027.1, 229.5), (1048.6, 242.9), (1078.9, 273.3), (1118.1, 300.6), (1158.1, 311.4), (1198.1, 352.0), (1238.1, 317.0), (1278.1, 305.1), (1318.1, 321.8), (1358.1, 368.0), (1398.1, 368.0), (1438.1, 368.0)]",0,7.25
novice,mario,Mario1-2,Enemy,0,0,152.53,0.074,"[(112.0, 208.0), (115.9, 226.4), (120.1, 280.4), (122.7, 353.8), (130.2, 368.0), (164.8, 368.0), (202.3, 368.0), (242.3, 368.0), (278.7, 368.0), (307.1, 368.0), (330.4, 368.0), (356.5, 368.0), (377.5, 368.0), (393.5, 368.0), (404.5, 368.0), (418.2, 368.0)]",0,2.02
novice,mario,Mario1-2,Enemy,0,0,239.05,0.08,"[(112.0, 208.0), (116.5, 226.4), (129.0, 280.4), (149.5, 353.8), (183.6, 368.0), (223.6, 368.0), (263.6, 368.0), (303.6, 368.0), (343.6, 368.0), (383.6, 368.0), (423.6, 368.0)]",0,1.45
novice,mario,Mario1-2,Stuck,2,0,196.46,0.969,"[(112.0, 208.0), (116.5, 226.4), (129.0, 280.4), (149.5, 353.8), (180.2, 314.5), (219.0, 260.9), (259.0, 228.5), (299.0, 219.2), (339.0, 240.0), (379.0, 171.2), (419.0, 122.7), (459.0, 96.1), (499.0, 93.1), (539.0, 122.8), (579.0, 186.8), (619.0, 260.1), (659.0, 275.8), (699.0, 214.6), (739.0, 173.9), (779.0, 156.0), (819.0, 164.1), (859.0, 207.1), (899.0, 203.0), (939.0, 144.3), (979.0, 106.4), (1019.0, 91.4), (1059.0, 103.5), (1099.0, 151.0), (1139.0, 223.4), (1179.0, 296.8), (1219.0, 340.8), (1259.0, 311.6), (1299.0, 305.7), (1339.0, 331.3), (1379.0, 348.9), (1419.0, 285.1), (1424.4, 241.8), (1424.4, 254.2), (1424.4, 303.8), (1430.9, 368.0), (1448.4, 304.0), (1473.9, 320.9), (1507.4, 368.0), (1547.4, 304.0), (1587.4, 320.9), (1627.4, 358.1), (1667.4, 326.0), (1707.4, 317.0), (1712.4, 338.1), (1716.9, 368.0), (1748.6, 368.3), (1788.6, 368.0), (1828.6, 339.8), (1868.6, 306.5), (1908.6, 335.9), (1948.6, 331.4), (1988.6, 310.8), (2028.6, 315.3), (2068.6, 354.2), (2108.6, 314.5), (2128.8, 261.1), (2128.8, 229.8), (2128.8, 221.6), (2128.8, 243.4), (2128.8, 300.8), (2131.5, 368.0), (2146.0, 304.0), (2168.5, 320.9), (2199.0, 368.0), (2238.6, 304.0), (2278.6, 320.9), (2318.6, 368.0), (2358.6, 304.0), (2398.6, 320.9), (2438.6, 368.0), (2478.6, 304.0), (2518.6, 320.9), (2558.6, 368.0), (2598.6, 299.1), (2638.6, 250.6), (2671.9, 224.0), (2671.6, 221.1), (2670.9, 250.8), (2674.4, 314.8), (2686.6, 348.9), (2709.1, 285.1), (2739.6, 278.8), (2777.8, 318.5), (2817.8, 348.9), (2857.8, 285.1), (2897.8, 278.8), (2937.8, 318.5), (2977.8, 348.9), (3017.8, 285.1), (3057.8, 241.8), (3097.8, 221.0), (3137.8, 225.2), (3177.8, 263.8), (3217.8, 333.1), (3257.8, 331.0), (3280.8, 272.3), (3288.2, 234.4), (3303.8, 219.4), (3327.2, 231.5), (3359.1, 261.4), (3399.0, 195.1), (3439.0, 149.2), (3479.0, 125.4), (3519.0, 126.0), (3559.0, 160.1), (3599.0, 227.0), (3639.0, 300.4), (3664.0, 368.0), (3663.0, 299.4), (3668.5, 251.2), (3682.0, 224.9), (3703.5, 222.3), (3733.0, 252.3), (3770.4, 316.4), (3810.4, 348.9), (3850.4, 285.1), (3858.6, 241.8), (3869.1, 221.0), (3887.6, 225.2), (3914.1, 263.8), (3951.1, 209.8), (3991.1, 158.7), (4031.1, 129.2), (4071.1, 123.0), (4111.1, 148.3), (4151.1, 208.7), (4191.1, 282.0), (4231.1, 316.9), (4242.6, 253.1), (4253.1, 209.8), (4271.6, 189.0), (4298.1, 193.2), (4332.6, 231.8), (4372.5, 186.5), (4412.5, 132.9), (4452.5, 100.5), (4492.5, 91.2), (4532.5, 112.0), (4572.5, 168.4), (4612.5, 241.8), (4624.4, 315.1), (4631.6, 348.9), (4649.1, 305.1), (4674.6, 330.4), (4708.9, 348.9), (4748.9, 305.1), (4788.9, 330.4), (4828.9, 348.9), (4868.9, 285.1), (4908.9, 241.8), (4948.9, 221.0), (4988.9, 202.0), (5028.9, 138.2), (5068.9, 94.9), (5108.9, 82.8), (5148.9, 114.5), (5188.9, 179.9), (5228.9, 253.3), (5268.9, 218.1), (5308.9, 164.5), (5348.9, 132.1), (5388.9, 122.8), (5428.9, 143.7), (5468.9, 200.0), (5488.0, 146.6), (5488.0, 95.6), (5488.0, 84.8), (5488.7, 121.0), (5488.7, 189.1), (5488.4, 153.9), (5488.9, 100.3), (5488.8, 82.8), (5488.0, 114.5), (5488.0, 179.9), (5487.0, 162.2), (5485.8, 106.4), (5488.1, 81.3), (5488.0, 108.6), (5488.0, 170.8), (5487.6, 170.6), (5485.9, 112.2), (5488.4, 80.4), (5488.8, 103.2), (5488.0, 161.6), (5488.1, 179.2), (5487.6, 118.0), (5488.0, 80.0), (5488.0, 98.4), (5488.0, 152.4), (5487.9, 188.4), (5486.1, 124.9), (5487.6, 81.9), (5488.4, 94.2), (5488.0, 143.8), (5488.0, 197.8), (5486.8, 131.7), (5486.5, 86.1), (5488.0, 90.5), (5488.0, 135.6), (5488.0, 207.4), (5487.6, 138.6), (5487.6, 90.1)]",0,27.47
novice,mario,Mario1-2,Stuck,1,0,198.12,0.969,"[(112.0, 208.0), (116.5, 226.4), (129.0, 280.4), (149.5, 353.8), (180.2, 314.5), (219.0, 260.9), (259.0, 228.5), (299.0, 219.2), (339.0, 240.0), (379.0, 171.2), (419.0, 122.7), (459.0, 96.1), (499.0, 93.1), (539.0, 122.8), (579.0, 186.8), (619.0, 260.1), (659.0, 275.8), (699.0, 214.6), (739.0, 173.9), (779.0, 156.0), (819.0, 164.1), (859.0, 207.1), (899.0, 203.0), (939.0, 144.3), (979.0, 106.4), (1019.0, 91.4), (1059.0, 103.5), (1099.0, 151.0), (1139.0, 223.4), (1179.0, 296.8), (1219.0, 340.8), (1259.0, 311.6), (1299.0, 305.7), (1339.0, 331.3), (1379.0, 348.9), (1419.0, 285.1), (1424.4, 241.8), (1424.4, 254.2), (1424.4, 303.8), (1430.9, 368.0), (1448.4, 304.0), (1473.9, 320.9), (1507.4, 368.0), (1547.4, 304.0), (1587.4, 320.9), (1627.4, 358.1), (1667.4, 326.0), (1707.4, 317.0), (1712.4, 338.1), (1716.9, 368.0), (1748.6, 368.3), (1788.6, 368.0), (1828.6, 339.8), (1868.6, 306.5), (1908.6, 335.9), (1948.6, 331.4), (1988.6, 310.8), (2028.6, 315.3), (2068.6, 354.2), (2108.6, 314.5), (2128.8, 260.9), (2128.8, 228.5), (2128.8, 219.2), (2128.8, 240.0), (2128.8, 296.4), (2131.5, 368.0), (2146.0, 304.0), (2168.5, 320.9), (2199.0, 368.0), (2238.6, 304.0), (2278.6, 320.9), (2318.6, 368.0), (2358.6, 304.0), (2398.6, 320.9), (2438.6, 368.0), (2478.6, 304.0), (2518.6, 320.9), (2558.6, 368.0), (2598.6, 299.1), (2638.6, 250.6), (2672.1, 224.0), (2672.1, 221.1), (2672.1, 250.8), (2673.9, 314.8), (2684.1, 348.9), (2704.6, 285.1), (2733.1, 278.8), (2769.6, 318.5), (2809.6, 348.9), (2849.6, 285.1), (2889.6, 278.8), (2929.6, 318.5), (2969.6, 348.9), (3009.6, 285.1), (3049.6, 241.8), (3089.6, 221.0), (3129.6, 225.2), (3169.6, 263.8), (3209.6, 333.1), (3249.6, 331.0), (3280.1, 272.3), (3285.6, 234.4), (3299.1, 219.4), (3320.6, 231.5), (3350.5, 261.4), (3389.8, 195.1), (3429.8, 149.2), (3469.8, 125.4), (3509.8, 126.0), (3549.8, 160.1), (3589.8, 227.0), (3629.8, 300.4), (3664.0, 368.0), (3664.4, 299.1), (3670.9, 250.6), (3685.4, 224.0), (3707.9, 221.1), (3738.4, 250.8), (3776.5, 314.8), (3816.5, 348.9), (3856.5, 285.1), (3859.5, 241.8), (3871.0, 221.0), (3890.5, 225.2), (3918.0, 263.8), (3955.8, 209.8), (3995.8, 158.7), (4035.8, 129.2), (4075.8, 123.0), (4115.8, 148.3), (4155.8, 208.7), (4195.8, 282.0), (4235.8, 316.9), (4242.6, 253.1), (4253.1, 209.8), (4271.6, 189.0), (4298.1, 193.2), (4332.6, 231.8), (4372.5, 186.5), (4412.5, 132.9), (4452.5, 100.5), (4492.5, 91.2), (4532.5, 112.0), (4572.5, 168.4), (4612.5, 241.8), (4624.1, 315.1), (4630.4, 348.9), (4646.9, 305.1), (4671.4, 330.4), (4704.6, 348.9), (4744.6, 305.1), (4784.6, 330.4), (4824.6, 348.9), (4864.6, 285.1), (4904.6, 241.8), (4944.6, 221.0), (4984.6, 202.0), (5024.6, 138.2), (5064.6, 94.9), (5104.6, 82.8), (5144.6, 114.5), (5184.6, 179.9), (5224.6, 253.3), (5264.6, 218.1), (5304.6, 164.5), (5344.6, 132.1), (5384.6, 122.8), (5424.6, 143.7), (5464.6, 200.0), (5488.8, 146.6), (5488.8, 95.6), (5488.8, 84.8), (5488.8, 121.0), (5488.8, 189.1), (5488.0, 153.9), (5488.0, 100.3), (5488.0, 82.8), (5488.0, 114.5), (5488.0, 179.9), (5488.0, 162.0), (5488.0, 105.9), (5488.0, 81.3), (5488.0, 108.6), (5488.0, 170.8), (5488.4, 170.5), (5488.4, 111.8), (5488.4, 80.4), (5488.4, 103.2), (5488.4, 161.6), (5488.4, 179.2), (5488.4, 118.0), (5488.4, 80.0), (5488.4, 98.4), (5488.4, 152.4), (5488.0, 188.3), (5488.0, 124.6), (5488.0, 81.3), (5488.0, 94.2), (5488.0, 143.8), (5488.0, 197.7), (5488.0, 131.4), (5488.0, 85.5), (5488.0, 90.5), (5488.0, 135.6), (5488.0, 207.4), (5488.4, 138.6), (5488.4, 90.1)]",0,27.48
novice,mario,Mario1-2,Stuck,29,3,91.99,0.347,"[(112.0, 208.0), (116.5, 226.4), (129.0, 280.4), (149.5, 353.8), (180.2, 315.1), (219.0, 264.8), (259.0, 236.6), (299.0, 231.6), (338.4, 240.4), (354.0, 240.4), (359.9, 240.4), (366.7, 240.4), (383.5, 240.4), (397.5, 240.4), (408.7, 240.4), (420.2, 240.4), (428.8, 240.4), (434.7, 240.4), (441.5, 240.4), (446.0, 240.4), (448.3, 240.4), (460.8, 240.4), (461.9, 240.4), (461.9, 240.4), (464.2, 240.4), (465.2, 240.4), (465.3, 240.4), (467.5, 240.4), (468.6, 240.4), (468.6, 240.4), (470.8, 240.4), (471.9, 240.4), (471.9, 240.4), (474.2, 240.4), (475.2, 240.4), (475.3, 240.4), (477.5, 240.4), (478.6, 240.4), (478.6, 240.4), (480.8, 240.4), (481.9, 240.4), (481.9, 240.4), (484.2, 240.4), (485.2, 240.4), (485.3, 240.4), (487.5, 240.4), (488.6, 240.4), (488.6, 240.4), (490.8, 240.4), (491.9, 240.4), (491.9, 240.4), (494.2, 240.4), (495.2, 240.4), (496.9, 247.4), (503.5, 288.0), (518.1, 358.3), (543.0, 315.4), (576.6, 265.4), (616.2, 237.9), (656.2, 233.7), (696.2, 260.9), (736.2, 219.1), (776.2, 168.4), (816.2, 139.1), (856.2, 133.2), (896.2, 158.7), (936.2, 219.3), (944.4, 292.6), (950.9, 366.0), (968.0, 307.9), (993.5, 273.1), (1008.0, 299.4), (1008.0, 346.0), (1008.0, 313.9), (1008.0, 304.9), (1008.0, 326.0), (1008.0, 358.3), (1008.0, 293.2), (1009.2, 251.2), (1017.8, 232.3), (1034.2, 238.5), (1059.1, 262.3), (1094.6, 196.9), (1134.6, 152.0), (1174.6, 129.4), (1214.6, 130.9), (1254.6, 166.1), (1264.1, 233.7), (1264.1, 307.0), (1269.6, 337.0), (1283.1, 310.7), (1304.6, 308.1), (1334.1, 338.1), (1371.6, 340.1), (1411.6, 281.4), (1424.1, 245.9), (1424.1, 247.4), (1424.1, 288.0), (1425.9, 358.3), (1437.6, 315.4), (1458.1, 313.9), (1486.6, 343.7), (1523.1, 311.5), (1563.1, 306.8), (1603.1, 338.5), (1643.1, 323.6), (1683.1, 305.9), (1712.4, 314.3), (1712.4, 357.6), (1712.0, 315.1), (1712.0, 264.8), (1713.2, 237.6), (1721.8, 234.1), (1740.1, 208.3), (1767.6, 229.3), (1804.6, 194.6), (1844.6, 144.0), (1884.6, 162.2), (1924.6, 215.8), (1964.6, 195.0), (1968.8, 144.0), (1968.8, 162.4), (1968.8, 216.4), (1968.0, 194.8), (1968.0, 144.0), (1968.0, 162.4), (1968.0, 216.4), (1968.0, 195.2), (1968.0, 144.0), (1968.0, 162.4), (1968.0, 216.4), (1968.0, 195.0), (1968.0, 144.0), (1968.0, 162.4), (1968.0, 216.4), (1968.0, 194.8), (1968.0, 144.0), (1968.0, 162.4), (1968.0, 216.4), (1968.0, 195.2), (1968.0, 144.0), (1968.0, 162.4), (1968.0, 216.4), (1968.0, 195.0), (1968.0, 144.0), (1968.0, 162.4), (1968.0, 216.4), (1968.0, 194.8), (1968.0, 144.0), (1968.0, 162.4), (1968.0, 216.4), (1968.0, 195.2), (1968.0, 144.0), (1968.0, 162.4), (1968.0, 216.4), (1968.0, 195.0), (1968.0, 144.0)]",0,20.88
novice,mario,Mario1-2,Stuck,6,2,137.34,0.348,"[(112.0, 208.0), (116.5, 226.4), (129.0, 280.4), (149.5, 353.8), (177.9, 314.5), (207.3, 260.9), (233.4, 228.5), (265.6, 219.2), (303.8, 240.0), (341.9, 186.8), (377.7, 133.2), (409.3, 100.9), (444.8, 91.6), (484.8, 112.4), (524.3, 168.8), (564.3, 242.1), (604.3, 315.5), (624.1, 290.6), (629.6, 234.4), (643.1, 199.3), (664.6, 187.1), (694.1, 203.5), (731.5, 255.4), (752.1, 218.5), (757.6, 166.5), (771.1, 136.3), (792.6, 129.3), (822.1, 153.7), (859.5, 213.5), (898.8, 195.5), (937.0, 139.4), (972.5, 104.2), (1009.0, 92.1), (1049.0, 108.5), (1089.0, 160.4), (1129.0, 233.6), (1169.0, 306.9), (1209.0, 336.9), (1249.0, 310.6), (1289.0, 307.9), (1329.0, 337.9), (1368.9, 339.8), (1405.9, 278.6), (1424.4, 240.0), (1424.4, 258.4), (1424.4, 312.4), (1431.2, 358.3), (1448.8, 304.3), (1474.2, 325.3), (1507.2, 340.1), (1538.6, 313.8), (1565.5, 311.2), (1595.0, 341.2), (1630.6, 325.8), (1664.0, 308.1), (1696.5, 316.5), (1712.8, 359.8), (1712.0, 314.5), (1712.0, 260.9), (1713.2, 228.8), (1721.8, 219.9), (1738.2, 240.0), (1765.8, 171.1), (1801.2, 146.5), (1841.2, 177.2), (1881.2, 240.0), (1919.8, 171.1), (1954.5, 146.5), (1968.0, 177.2), (1968.0, 240.0), (1968.4, 171.1), (1968.4, 146.5), (1968.4, 177.2), (1968.4, 240.0), (1968.8, 171.1), (1968.8, 146.5), (1968.8, 177.2), (1968.8, 240.0), (1968.8, 171.1), (1968.8, 146.5), (1968.8, 177.2), (1968.8, 240.0), (1968.8, 171.1), (1968.8, 146.5), (1968.8, 177.2), (1968.8, 240.0), (1968.8, 171.1), (1968.8, 146.5), (1968.8, 177.2), (1968.8, 240.0), (1968.8, 171.1), (1968.8, 146.5), (1968.8, 177.2), (1968.8, 240.0), (1968.8, 171.1), (1968.8, 146.5), (1968.8, 177.2), (1968.8, 240.0), (1968.8, 171.1), (1968.8, 146.5), (1968.8, 177.2), (1968.8, 240.0), (1968.8, 171.1), (1968.8, 146.5), (1968.8, 177.2)]",0,13.98
novice,mario,Mario1-2,Pit,2,0,209.22,0.466,"[(112.0, 208.0), (116.5, 226.4), (129.0, 280.4), (149.5, 353.8), (180.2, 314.5), (219.0, 260.9), (259.0, 228.5), (299.0, 219.2), (339.0, 240.0), (379.0, 171.2), (419.0, 122.7), (459.0, 96.1), (499.0, 93.1), (539.0, 122.8), (579.0, 186.8), (619.0, 260.1), (659.0, 275.8), (699.0, 214.6), (739.0, 173.9), (779.0, 156.0), (819.0, 164.1), (859.0, 207.1), (899.0, 203.0), (939.0, 144.3), (979.0, 106.4), (1019.0, 91.4), (1059.0, 103.5), (1099.0, 151.0), (1139.0, 223.4), (1179.0, 296.8), (1219.0, 340.8), (1259.0, 311.6), (1299.0, 305.7), (1339.0, 331.3), (1379.0, 348.9), (1419.0, 285.1), (1424.4, 241.8), (1424.4, 254.2), (1424.4, 303.8), (1426.8, 368.0), (1435.0, 304.0), (1451.1, 320.9), (1475.3, 368.0), (1510.5, 304.0), (1550.4, 320.9), (1590.4, 368.0), (1630.4, 299.1), (1648.0, 250.6), (1648.8, 224.0), (1648.2, 221.1), (1647.7, 250.8), (1647.7, 314.8), (1648.1, 331.0), (1654.6, 307.6), (1669.1, 308.4), (1691.6, 342.9), (1712.1, 331.0), (1712.9, 308.3), (1712.7, 342.1), (1717.7, 368.0), (1750.2, 368.0), (1790.2, 368.3), (1830.2, 331.0), (1870.2, 308.3), (1910.2, 342.1), (1950.2, 327.6), (1990.2, 309.9), (2030.2, 318.2), (2070.2, 361.6), (2110.2, 306.6), (2128.0, 255.6), (2128.0, 226.1), (2128.0, 219.9), (2128.0, 245.1), (2128.3, 305.6), (2129.8, 358.3), (2134.3, 304.3), (2146.8, 325.3), (2167.6, 358.3), (2199.1, 304.3), (2237.9, 325.3), (2277.9, 358.3), (2317.9, 304.3), (2357.9, 325.3), (2397.9, 358.3), (2437.9, 304.3), (2477.9, 325.3), (2517.9, 358.3), (2557.9, 304.3), (2597.9, 325.3), (2637.9, 381.0)]",0,12.1
novice,mario,Mario1-2,Stuck,8,0,198.12,0.969,"[(112.0, 208.0), (116.5, 226.4), (129.0, 280.4), (149.5, 353.8), (180.2, 314.5), (219.0, 260.9), (259.0, 228.5), (299.0, 219.2), (339.0, 240.0), (379.0, 171.2), (419.0, 122.7), (459.0, 96.1), (499.0, 93.1), (539.0, 122.8), (579.0, 186.8), (619.0, 260.1), (659.0, 275.8), (699.0, 214.6), (739.0, 173.9), (779.0, 156.0), (819.0, 164.1), (859.0, 207.1), (899.0, 203.0), (939.0, 144.3), (979.0, 106.4), (1019.0, 91.4), (1059.0, 103.5), (1099.0, 151.0), (1139.0, 223.4), (1179.0, 296.8), (1219.0, 340.8), (1259.0, 311.6), (1299.0, 305.7), (1339.0, 331.3), (1379.0, 348.9), (1419.0, 285.1), (1424.4, 241.8), (1424.4, 254.2), (1424.4, 303.8), (1430.9, 368.0), (1448.4, 304.0), (1473.9, 320.9), (1507.4, 368.0), (1547.4, 304.0), (1587.4, 320.9), (1627.4, 358.1), (1667.4, 326.0), (1707.4, 317.0), (1712.4, 338.1), (1716.9, 368.0), (1748.6, 368.3), (1788.6, 368.0), (1828.6, 339.8), (1868.6, 306.5), (1908.6, 335.9), (1948.6, 331.4), (1988.6, 310.8), (2028.6, 315.3), (2068.6, 354.2), (2108.6, 314.5), (2128.8, 260.9), (2128.8, 228.5), (2128.8, 219.2), (2128.8, 240.0), (2128.8, 296.4), (2131.5, 368.0), (2146.0, 304.0), (2168.5, 320.9), (2199.0, 368.0), (2238.6, 304.0), (2278.6, 320.9), (2318.6, 368.0), (2358.6, 304.0), (2398.6, 320.9), (2438.6, 368.0), (2478.6, 304.0), (2518.6, 320.9), (2558.6, 368.0), (2598.6, 299.1), (2638.6, 250.6), (2672.1, 224.0), (2672.1, 221.1), (2672.1, 250.8), (2673.9, 314.8), (2684.1, 348.9), (2704.6, 285.1), (2733.1, 278.8), (2769.6, 318.5), (2809.6, 348.9), (2849.6, 285.1), (2889.6, 278.8), (2929.6, 318.5), (2969.6, 348.9), (3009.6, 285.1), (3049.6, 241.8), (3089.6, 221.0), (3129.6, 225.2), (3169.6, 263.8), (3209.6, 333.1), (3249.6, 331.0), (3280.1, 272.3), (3285.6, 234.4), (3299.1, 219.4), (3320.6, 231.5), (3350.5, 261.4), (3389.8, 195.1), (3429.8, 149.2), (3469.8, 125.4), (3509.8, 126.0), (3549.8, 160.1), (3589.8, 227.0), (3629.8, 300.4), (3664.0, 368.0), (3664.4, 299.1), (3670.9, 250.6), (3685.4, 224.0), (3707.9, 221.1), (3738.4, 250.8), (3776.5, 314.8), (3816.5, 348.9), (3856.5, 285.1), (3859.5, 241.8), (3871.0, 221.0), (3890.5, 225.2), (3918.0, 263.8), (3955.8, 209.8), (3995.8, 158.7), (4035.8, 129.2), (4075.8, 123.0), (4115.8, 148.3), (4155.8, 208.7), (4195.8, 282.0), (4235.8, 316.9), (4242.6, 253.1), (4253.1, 209.8), (4271.6, 189.0), (4298.1, 193.2), (4332.6, 231.8), (4372.5, 186.5), (4412.5, 132.9), (4452.5, 100.5), (4492.5, 91.2), (4532.5, 112.0), (4572.5, 168.4), (4612.5, 241.8), (4624.1, 315.1), (4630.4, 348.9), (4646.9, 305.1), (4671.4, 330.4), (4704.6, 348.9), (4744.6, 305.1), (4784.6, 330.4), (4824.6, 348.9), (4864.6, 285.1), (4904.6, 241.8), (4944.6, 221.0), (4984.6, 202.0), (5024.6, 138.2), (5064.6, 94.9), (5104.6, 82.8), (5144.6, 114.5), (5184.6, 179.9), (5224.6, 253.3), (5264.6, 218.1), (5304.6, 164.5), (5344.6, 132.1), (5384.6, 122.8), (5424.6, 143.7), (5464.6, 200.0), (5488.8, 146.6), (5488.8, 95.6), (5488.8, 84.8), (5488.8, 121.0), (5488.8, 189.1), (5488.0, 153.9), (5488.0, 100.3), (5488.0, 82.8), (5488.0, 114.5), (5488.0, 179.9), (5488.0, 162.0), (5488.0, 105.9), (5488.0, 81.3), (5488.0, 108.6), (5488.0, 170.8), (5488.4, 170.5), (5488.4, 111.8), (5488.4, 80.4), (5488.4, 103.2), (5488.4, 161.6), (5488.4, 179.2), (5488.4, 118.0), (5488.4, 80.0), (5488.4, 98.4), (5488.4, 152.4), (5488.0, 188.3), (5488.0, 124.6), (5488.0, 81.3), (5488.0, 94.2), (5488.0, 143.8), (5488.0, 197.7), (5488.0, 131.4), (5488.0, 85.5), (5488.0, 90.5), (5488.0, 135.6), (5488.0, 207.4), (5488.4, 138.6), (5488.4, 90.1)]",0,27.48
novice,mario,Mario1-2,Stuck,1,0,-12.73,0.008,"[(112.0, 208.0), (107.5, 226.4), (95.0, 280.4), (74.5, 353.8), (48.0, 314.5), (48.0, 260.9), (48.0, 228.5), (48.0, 219.2), (48.0, 240.0), (48.0, 296.4), (48.0, 368.0), (48.0, 299.1), (48.0, 250.6), (48.0, 224.0), (48.0, 221.1), (48.0, 250.8), (48.0, 314.8), (48.0, 348.9), (48.0, 285.1), (48.0, 241.8), (48.0, 221.0), (48.0, 225.2), (48.0, 263.8), (48.0, 333.1), (48.0, 331.0), (48.0, 272.3), (48.0, 234.4), (48.0, 219.4), (48.0, 231.5), (48.0, 279.0), (48.0, 351.4), (48.0, 314.5), (48.0, 260.9), (48.0, 228.5), (48.0, 219.2), (48.0, 240.0), (48.0, 296.4), (48.0, 368.0)]",0,5.02
novice,mario,Mario1-2,Pit,26,3,234.97,0.791,"[(112.0, 208.0), (116.5, 226.4), (129.0, 280.4), (149.5, 353.8), (180.2, 315.1), (219.0, 264.4), (259.0, 235.1), (299.0, 229.2), (339.0, 240.0), (379.0, 240.0), (419.0, 240.0), (459.0, 240.0), (496.8, 241.3), (532.7, 268.6), (572.7, 330.8), (612.7, 274.6), (652.7, 224.2), (692.7, 196.8), (732.7, 193.1), (772.7, 222.0), (812.7, 194.6), (852.7, 139.4), (892.7, 107.2), (932.7, 98.1), (972.7, 119.2), (1012.7, 175.8), (1052.7, 249.1), (1092.7, 226.8), (1132.7, 173.3), (1172.7, 142.9), (1212.7, 135.5), (1252.7, 158.3), (1292.7, 131.1), (1332.7, 80.0), (1372.7, 97.5), (1412.7, 150.5), (1452.7, 130.8), (1492.7, 80.0), (1532.7, 97.5), (1572.7, 150.5), (1612.7, 223.8), (1648.0, 297.1), (1652.5, 341.2), (1665.0, 312.0), (1685.5, 306.1), (1712.0, 331.6), (1712.0, 325.8), (1712.0, 305.2), (1712.0, 309.7), (1712.0, 348.6), (1722.1, 368.3), (1758.6, 368.0), (1798.6, 368.0), (1838.6, 323.0), (1878.6, 311.1), (1918.6, 349.8), (1958.6, 314.8), (1998.6, 305.3), (2038.6, 332.6), (2078.6, 348.9), (2118.6, 286.2), (2128.1, 243.9), (2128.1, 224.1), (2128.1, 229.3), (2128.1, 269.0), (2129.9, 338.8), (2140.9, 331.3), (2161.4, 308.3), (2189.9, 342.1), (2227.1, 331.0), (2267.1, 308.3), (2307.1, 342.1), (2347.1, 331.0), (2387.1, 308.3), (2427.1, 342.1), (2467.1, 331.3), (2507.1, 308.3), (2547.1, 342.1), (2587.1, 331.0), (2627.1, 272.3), (2667.1, 234.4), (2672.4, 219.4), (2672.4, 231.5), (2672.4, 279.0), (2678.9, 351.4), (2695.6, 315.1), (2721.1, 272.3), (2754.6, 294.2), (2794.2, 351.6), (2834.2, 314.9), (2874.2, 272.4), (2914.2, 294.6), (2954.2, 352.4), (2994.2, 314.5), (3034.2, 260.9), (3074.2, 228.8), (3114.2, 219.9), (3154.2, 241.0), (3194.2, 297.8), (3234.2, 368.0), (3274.2, 299.1), (3282.6, 250.6), (3293.1, 224.0), (3311.6, 221.1), (3338.1, 250.8), (3374.4, 226.0), (3414.4, 172.4), (3454.4, 142.0), (3494.4, 134.7), (3534.4, 157.5), (3574.4, 215.7), (3614.4, 289.1), (3654.4, 362.4), (3664.1, 306.7), (3669.6, 256.6), (3683.1, 228.2), (3704.6, 223.0), (3734.1, 249.3), (3771.5, 310.7), (3811.5, 358.3), (3851.0, 292.0), (3858.6, 246.0), (3869.1, 222.3), (3887.6, 222.9), (3914.1, 257.0), (3950.8, 218.0), (3990.8, 167.3), (4030.8, 139.8), (4070.8, 135.6), (4110.8, 162.8), (4150.8, 224.9), (4190.8, 298.2), (4230.8, 307.8), (4270.8, 246.6), (4310.8, 205.9), (4350.8, 188.0), (4390.8, 196.1), (4430.8, 239.1), (4464.1, 310.3), (4469.6, 383.6)]",0,18.63
novice,mario,Mario1-2,Enemy,1,0,134.17,0.072,"[(112.0, 208.0), (116.5, 226.4), (129.0, 280.4), (148.3, 353.8), (161.6, 368.0), (171.0, 368.0), (181.5, 368.0), (195.5, 368.0), (204.4, 368.0), (216.1, 368.0), (230.5, 368.0), (240.8, 368.0), (257.2, 368.0), (287.5, 368.0), (322.8, 368.0), (358.2, 368.0), (386.9, 368.0)]",0,2.23
novice,mario,Mario1-2,Stuck,16,0,40.8,0.115,"[(112.0, 208.0), (107.5, 226.4), (95.2, 280.4), (85.8, 353.8), (86.8, 314.6), (96.8, 261.2), (109.5, 229.1), (114.4, 220.1), (111.4, 241.1), (101.8, 297.7), (97.8, 368.0), (105.1, 299.1), (120.5, 250.6), (134.9, 224.0), (141.3, 221.1), (139.7, 250.8), (133.2, 314.8), (134.0, 348.9), (145.0, 285.1), (163.3, 241.8), (177.4, 221.0), (183.4, 225.2), (181.5, 263.8), (177.1, 333.1), (177.7, 331.4), (185.2, 274.1), (198.2, 237.5), (204.7, 223.8), (203.2, 237.2), (195.6, 286.1), (191.7, 358.8), (197.4, 315.0), (211.9, 262.5), (229.2, 232.1), (238.7, 225.1), (240.2, 249.6), (237.7, 309.3), (237.7, 358.3), (241.2, 293.5), (252.7, 250.8), (263.2, 231.2), (265.7, 236.6), (261.4, 276.4), (259.5, 346.3), (263.0, 323.6), (274.5, 308.8), (294.0, 321.2), (321.5, 368.0), (359.7, 304.0), (399.7, 322.4), (438.7, 368.0), (476.0, 304.0), (505.5, 322.3), (529.5, 368.0), (563.0, 300.7), (600.8, 256.5), (631.3, 235.5), (653.8, 239.4), (669.1, 277.8), (683.3, 267.5), (700.5, 210.8), (710.0, 175.0), (711.5, 162.0), (705.0, 177.6), (693.5, 228.7), (685.7, 301.8), (685.7, 242.9), (693.1, 192.9), (696.3, 164.4), (691.4, 159.3), (678.6, 185.6), (657.8, 246.9), (633.3, 294.3), (617.1, 228.0), (608.7, 182.0), (601.3, 158.3), (591.1, 158.9), (576.0, 193.0), (552.8, 259.9), (530.5, 333.3), (515.7, 331.1), (510.3, 274.3), (512.2, 240.4), (512.0, 229.5), (511.4, 247.2), (512.2, 300.4), (513.7, 363.0), (525.2, 295.1), (541.7, 249.5), (562.9, 226.0), (581.4, 226.8), (591.9, 261.2), (596.0, 328.3), (598.8, 270.8), (609.3, 222.1), (627.6, 195.0), (643.1, 191.6), (650.6, 220.8), (650.3, 284.3), (650.6, 245.7)]",0,13.2
novice,mario,Mario1-2,Stuck,2,0,196.46,0.969,"[(112.0, 208.0), (116.5, 226.4), (129.0, 280.4), (149.5, 353.8), (180.2, 314.5), (219.0, 260.9), (259.0, 228.5), (299.0, 219.2), (339.0, 240.0), (379.0, 171.2), (419.0, 122.7), (459.0, 96.1), (499.0, 93.1), (539.0, 122.8), (579.0, 186.8), (619.0, 260.1), (659.0, 275.8), (699.0, 214.6), (739.0, 173.9), (779.0, 156.0), (819.0, 164.1), (859.0, 207.1), (899.0, 203.0), (939.0, 144.3), (979.0, 106.4), (1019.0, 91.4), (1059.0, 103.5), (1099.0, 151.0), (1139.0, 223.4), (1179.0, 296.8), (1219.0, 340.8), (1259.0, 311.6), (1299.0, 305.7), (1339.0, 331.3), (1379.0, 348.9), (1419.0, 285.1), (1424.4, 241.8), (1424.4, 254.2), (1424.4, 303.8), (1430.9, 368.0), (1448.4, 304.0), (1473.9, 320.9), (1507.4, 368.0), (1547.4, 304.0), (1587.4, 320.9), (1627.4, 358.1), (1667.4, 326.0), (1707.4, 317.0), (1712.4, 338.1), (1716.9, 368.0), (1748.6, 368.3), (1788.6, 368.0), (1828.6, 339.8), (1868.6, 306.5), (1908.6, 335.9), (1948.6, 331.4), (1988.6, 310.8), (2028.6, 315.3), (2068.6, 354.2), (2108.6, 314.5), (2128.8, 261.1), (2128.8, 229.8), (2128.8, 221.6), (2128.8, 243.4), (2128.8, 300.8), (2131.5, 368.0), (2146.0, 304.0), (2168.5, 320.9), (2199.0, 368.0), (2238.6, 304.0), (2278.6, 320.9), (2318.6, 368.0), (2358.6, 304.0), (2398.6, 320.9), (2438.6, 368.0), (2478.6, 304.0), (2518.6, 320.9), (2558.6, 368.0), (2598.6, 299.1), (2638.6, 250.6), (2671.9, 224.0), (2671.6, 221.1), (2670.9, 250.8), (2674.4, 314.8), (2686.6, 348.9), (2709.1, 285.1), (2739.6, 278.8), (2777.8, 318.5), (2817.8, 348.9), (2857.8, 285.1), (2897.8, 278.8), (2937.8, 318.5), (2977.8, 348.9), (3017.8, 285.1), (3057.8, 241.8), (3097.8, 221.0), (3137.8, 225.2), (3177.8, 263.8), (3217.8, 333.1), (3257.8, 331.0), (3280.8, 272.3), (3288.2, 234.4), (3303.8, 219.4), (3327.2, 231.5), (3359.1, 261.4), (3399.0, 195.1), (3439.0, 149.2), (3479.0, 125.4), (3519.0, 126.0), (3559.0, 160.1), (3599.0, 227.0), (3639.0, 300.4), (3664.0, 368.0), (3663.0, 299.4), (3668.5, 251.2), (3682.0, 224.9), (3703.5, 222.3), (3733.0, 252.3), (3770.4, 316.4), (3810.4, 348.9), (3850.4, 285.1), (3858.6, 241.8), (3869.1, 221.0), (3887.6, 225.2), (3914.1, 263.8), (3951.1, 209.8), (3991.1, 158.7), (4031.1, 129.2), (4071.1, 123.0), (4111.1, 148.3), (4151.1, 208.7), (4191.1, 282.0), (4231.1, 316.9), (4242.6, 253.1), (4253.1, 209.8), (4271.6, 189.0), (4298.1, 193.2), (4332.6, 231.8), (4372.5, 186.5), (4412.5, 132.9), (4452.5, 100.5), (4492.5, 91.2), (4532.5, 112.0), (4572.5, 168.4), (4612.5, 241.8), (4624.4, 315.1), (4631.6, 348.9), (4649.1, 305.1), (4674.6, 330.4), (4708.9, 348.9), (4748.9, 305.1), (4788.9, 330.4), (4828.9, 348.9), (4868.9, 285.1), (4908.9, 241.8), (4948.9, 221.0), (4988.9, 202.0), (5028.9, 138.2), (5068.9, 94.9), (5108.9, 82.8), (5148.9, 114.5), (5188.9, 179.9), (5228.9, 253.3), (5268.9, 218.1), (5308.9, 164.5), (5348.9, 132.1), (5388.9, 122.8), (5428.9, 143.7), (5468.9, 200.0), (5488.0, 146.6), (5488.0, 95.6), (5488.0, 84.8), (5488.7, 121.0), (5488.7, 189.1), (5488.4, 153.9), (5488.9, 100.3), (5488.8, 82.8), (5488.0, 114.5), (5488.0, 179.9), (5487.0, 162.2), (5485.8, 106.4), (5488.1, 81.3), (5488.0, 108.6), (5488.0, 170.8), (5487.6, 170.6), (5485.9, 112.2), (5488.4, 80.4), (5488.8, 103.2), (5488.0, 161.6), (5488.1, 179.2), (5487.6, 118.0), (5488.0, 80.0), (5488.0, 98.4), (5488.0, 152.4), (5487.9, 188.4), (5486.1, 124.9), (5487.6, 81.9), (5488.4, 94.2), (5488.0, 143.8), (5488.0, 197.8), (5486.8, 131.7), (5486.5, 86.1), (5488.0, 90.5), (5488.0, 135.6), (5488.0, 207.4), (5487.6, 138.6), (5487.6, 90.1)]",0,27.47
novice,mario,Mario1-2,Stuck,8,0,198.12,0.969,"[(112.0, 208.0), (116.5, 226.4), (129.0, 280.4), (149.5, 353.8), (180.2, 314.5), (219.0, 260.9), (259.0, 228.5), (299.0, 219.2), (339.0, 240.0), (379.0, 171.2), (419.0, 122.7), (459.0, 96.1), (499.0, 93.1), (539.0, 122.8), (579.0, 186.8), (619.0, 260.1), (659.0, 275.8), (699.0, 214.6), (739.0, 173.9), (779.0, 156.0), (819.0, 164.1), (859.0, 207.1), (899.0, 203.0), (939.0, 144.3), (979.0, 106.4), (1019.0, 91.4), (1059.0, 103.5), (1099.0, 151.0), (1139.0, 223.4), (1179.0, 296.8), (1219.0, 340.8), (1259.0, 311.6), (1299.0, 305.7), (1339.0, 331.3), (1379.0, 348.9), (1419.0, 285.1), (1424.4, 241.8), (1424.4, 254.2), (1424.4, 303.8), (1430.9, 368.0), (1448.4, 304.0), (1473.9, 320.9), (1507.4, 368.0), (1547.4, 304.0), (1587.4, 320.9), (1627.4, 358.1), (1667.4, 326.0), (1707.4, 317.0), (1712.4, 338.1), (1716.9, 368.0), (1748.6, 368.3), (1788.6, 368.0), (1828.6, 339.8), (1868.6, 306.5), (1908.6, 335.9), (1948.6, 331.4), (1988.6, 310.8), (2028.6, 315.3), (2068.6, 354.2), (2108.6, 314.5), (2128.8, 260.9), (2128.8, 228.5), (2128.8, 219.2), (2128.8, 240.0), (2128.8, 296.4), (2131.5, 368.0), (2146.0, 304.0), (2168.5, 320.9), (2199.0, 368.0), (2238.6, 304.0), (2278.6, 320.9), (2318.6, 368.0), (2358.6, 304.0), (2398.6, 320.9), (2438.6, 368.0), (2478.6, 304.0), (2518.6, 320.9), (2558.6, 368.0), (2598.6, 299.1), (2638.6, 250.6), (2672.1, 224.0), (2672.1, 221.1), (2672.1, 250.8), (2673.9, 314.8), (2684.1, 348.9), (2704.6, 285.1), (2733.1, 278.8), (2769.6, 318.5), (2809.6, 348.9), (2849.6, 285.1), (2889.6, 278.8), (2929.6, 318.5), (2969.6, 348.9), (3009.6, 285.1), (3049.6, 241.8), (3089.6, 221.0), (3129.6, 225.2), (3169.6, 263.8), (3209.6, 333.1), (3249.6, 331.0), (3280.1, 272.3), (3285.6, 234.4), (3299.1, 219.4), (3320.6, 231.5), (3350.5, 261.4), (3389.8, 195.1), (3429.8, 149.2), (3469.8, 125.4), (3509.8, 126.0), (3549.8, 160.1), (3589.8, 227.0), (3629.8, 300.4), (3664.0, 368.0), (3664.4, 299.1), (3670.9, 250.6), (3685.4, 224.0), (3707.9, 221.1), (3738.4, 250.8), (3776.5, 314.8), (3816.5, 348.9), (3856.5, 285.1), (3859.5, 241.8), (3871.0, 221.0), (3890.5, 225.2), (3918.0, 263.8), (3955.8, 209.8), (3995.8, 158.7), (4035.8, 129.2), (4075.8, 123.0), (4115.8, 148.3), (4155.8, 208.7), (4195.8, 282.0), (4235.8, 316.9), (4242.6, 253.1), (4253.1, 209.8), (4271.6, 189.0), (4298.1, 193.2), (4332.6, 231.8), (4372.5, 186.5), (4412.5, 132.9), (4452.5, 100.5), (4492.5, 91.2), (4532.5, 112.0), (4572.5, 168.4), (4612.5, 241.8), (4624.1, 315.1), (4630.4, 348.9), (4646.9, 305.1), (4671.4, 330.4), (4704.6, 348.9), (4744.6, 305.1), (4784.6, 330.4), (4824.6, 348.9), (4864.6, 285.1), (4904.6, 241.8), (4944.6, 221.0), (4984.6, 202.0), (5024.6, 138.2), (5064.6, 94.9), (5104.6, 82.8), (5144.6, 114.5), (5184.6, 179.9), (5224.6, 253.3), (5264.6, 218.1), (5304.6, 164.5), (5344.6, 132.1), (5384.6, 122.8), (5424.6, 143.7), (5464.6, 200.0), (5488.8, 146.6), (5488.8, 95.6), (5488.8, 84.8), (5488.8, 121.0), (5488.8, 189.1), (5488.0, 153.9), (5488.0, 100.3), (5488.0, 82.8), (5488.0, 114.5), (5488.0, 179.9), (5488.0, 162.0), (5488.0, 105.9), (5488.0, 81.3), (5488.0, 108.6), (5488.0, 170.8), (5488.4, 170.5), (5488.4, 111.8), (5488.4, 80.4), (5488.4, 103.2), (5488.4, 161.6), (5488.4, 179.2), (5488.4, 118.0), (5488.4, 80.0), (5488.4, 98.4), (5488.4, 152.4), (5488.0, 188.3), (5488.0, 124.6), (5488.0, 81.3), (5488.0, 94.2), (5488.0, 143.8), (5488.0, 197.7), (5488.0, 131.4), (5488.0, 85.5), (5488.0, 90.5), (5488.0, 135.6), (5488.0, 207.4), (5488.4, 138.6), (5488.4, 90.1)]",0,27.48
novice,mario,Mario1-2,Stuck,1,0,198.12,0.969,"[(112.0, 208.0), (116.5, 226.4), (129.0, 280.4), (149.5, 353.8), (180.2, 314.5), (219.0, 260.9), (259.0, 228.5), (299.0, 219.2), (339.0, 240.0), (379.0, 171.2), (419.0, 122.7), (459.0, 96.1), (499.0, 93.1), (539.0, 122.8), (579.0, 186.8), (619.0, 260.1), (659.0, 275.8), (699.0, 214.6), (739.0, 173.9), (779.0, 156.0), (819.0, 164.1), (859.0, 207.1), (899.0, 203.0), (939.0, 144.3), (979.0, 106.4), (1019.0, 91.4), (1059.0, 103.5), (1099.0, 151.0), (1139.0, 223.4), (1179.0, 296.8), (1219.0, 340.8), (1259.0, 311.6), (1299.0, 305.7), (1339.0, 331.3), (1379.0, 348.9), (1419.0, 285.1), (1424.4, 241.8), (1424.4, 254.2), (1424.4, 303.8), (1430.9, 368.0), (1448.4, 304.0), (1473.9, 320.9), (1507.4, 368.0), (1547.4, 304.0), (1587.4, 320.9), (1627.4, 358.1), (1667.4, 326.0), (1707.4, 317.0), (1712.4, 338.1), (1716.9, 368.0), (1748.6, 368.3), (1788.6, 368.0), (1828.6, 339.8), (1868.6, 306.5), (1908.6, 335.9), (1948.6, 331.4), (1988.6, 310.8), (2028.6, 315.3), (2068.6, 354.2), (2108.6, 314.5), (2128.8, 260.9), (2128.8, 228.5), (2128.8, 219.2), (2128.8, 240.0), (2128.8, 296.4), (2131.5, 368.0), (2146.0, 304.0), (2168.5, 320.9), (2199.0, 368.0), (2238.6, 304.0), (2278.6, 320.9), (2318.6, 368.0), (2358.6, 304.0), (2398.6, 320.9), (2438.6, 368.0), (2478.6, 304.0), (2518.6, 320.9), (2558.6, 368.0), (2598.6, 299.1), (2638.6, 250.6), (2672.1, 224.0), (2672.1, 221.1), (2672.1, 250.8), (2673.9, 314.8), (2684.1, 348.9), (2704.6, 285.1), (2733.1, 278.8), (2769.6, 318.5), (2809.6, 348.9), (2849.6, 285.1), (2889.6, 278.8), (2929.6, 318.5), (2969.6, 348.9), (3009.6, 285.1), (3049.6, 241.8), (3089.6, 221.0), (3129.6, 225.2), (3169.6, 263.8), (3209.6, 333.1), (3249.6, 331.0), (3280.1, 272.3), (3285.6, 234.4), (3299.1, 219.4), (3320.6, 231.5), (3350.5, 261.4), (3389.8, 195.1), (3429.8, 149.2), (3469.8, 125.4), (3509.8, 126.0), (3549.8, 160.1), (3589.8, 227.0), (3629.8, 300.4), (3664.0, 368.0), (3664.4, 299.1), (3670.9, 250.6), (3685.4, 224.0), (3707.9, 221.1), (3738.4, 250.8), (3776.5, 314.8), (3816.5, 348.9), (3856.5, 285.1), (3859.5, 241.8), (3871.0, 221.0), (3890.5, 225.2), (3918.0, 263.8), (3955.8, 209.8), (3995.8, 158.7), (4035.8, 129.2), (4075.8, 123.0), (4115.8, 148.3), (4155.8, 208.7), (4195.8, 282.0), (4235.8, 316.9), (4242.6, 253.1), (4253.1, 209.8), (4271.6, 189.0), (4298.1, 193.2), (4332.6, 231.8), (4372.5, 186.5), (4412.5, 132.9), (4452.5, 100.5), (4492.5, 91.2), (4532.5, 112.0), (4572.5, 168.4), (4612.5, 241.8), (4624.1, 315.1), (4630.4, 348.9), (4646.9, 305.1), (4671.4, 330.4), (4704.6, 348.9), (4744.6, 305.1), (4784.6, 330.4), (4824.6, 348.9), (4864.6, 285.1), (4904.6, 241.8), (4944.6, 221.0), (4984.6, 202.0), (5024.6, 138.2), (5064.6, 94.9), (5104.6, 82.8), (5144.6, 114.5), (5184.6, 179.9), (5224.6, 253.3), (5264.6, 218.1), (5304.6, 164.5), (5344.6, 132.1), (5384.6, 122.8), (5424.6, 143.7), (5464.6, 200.0), (5488.8, 146.6), (5488.8, 95.6), (5488.8, 84.8), (5488.8, 121.0), (5488.8, 189.1), (5488.0, 153.9), (5488.0, 100.3), (5488.0, 82.8), (5488.0, 114.5), (5488.0, 179.9), (5488.0, 162.0), (5488.0, 105.9), (5488.0, 81.3), (5488.0, 108.6), (5488.0, 170.8), (5488.4, 170.5), (5488.4, 111.8), (5488.4, 80.4), (5488.4, 103.2), (5488.4, 161.6), (5488.4, 179.2), (5488.4, 118.0), (5488.4, 80.0), (5488.4, 98.4), (5488.4, 152.4), (5488.0, 188.3), (5488.0, 124.6), (5488.0, 81.3), (5488.0, 94.2), (5488.0, 143.8), (5488.0, 197.7), (5488.0, 131.4), (5488.0, 85.5), (5488.0, 90.5), (5488.0, 135.6), (5488.0, 207.4), (5488.4, 138.6), (5488.4, 90.1)]",0,27.48
novice,mario,Mario1-2,Pit,26,3,234.97,0.791,"[(112.0, 208.0), (116.5, 226.4), (129.0, 280.4), (149.5, 353.8), (180.2, 315.1), (219.0, 264.4), (259.0, 235.1), (299.0, 229.2), (339.0, 240.0), (379.0, 240.0), (419.0, 240.0), (459.0, 240.0), (496.8, 241.3), (532.7, 268.6), (572.7, 330.8), (612.7, 274.6), (652.7, 224.2), (692.7, 196.8), (732.7, 193.1), (772.7, 222.0), (812.7, 194.6), (852.7, 139.4), (892.7, 107.2), (932.7, 98.1), (972.7, 119.2), (1012.7, 175.8), (1052.7, 249.1), (1092.7, 226.8), (1132.7, 173.3), (1172.7, 142.9), (1212.7, 135.5), (1252.7, 158.3), (1292.7, 131.1), (1332.7, 80.0), (1372.7, 97.5), (1412.7, 150.5), (1452.7, 130.8), (1492.7, 80.0), (1532.7, 97.5), (1572.7, 150.5), (1612.7, 223.8), (1648.0, 297.1), (1652.5, 341.2), (1665.0, 312.0), (1685.5, 306.1), (1712.0, 331.6), (1712.0, 325.8), (1712.0, 305.2), (1712.0, 309.7), (1712.0, 348.6), (1722.1, 368.3), (1758.6, 368.0), (1798.6, 368.0), (1838.6, 323.0), (1878.6, 311.1), (1918.6, 349.8), (1958.6, 314.8), (1998.6, 305.3), (2038.6, 332.6), (2078.6, 348.9), (2118.6, 286.2), (2128.1, 243.9), (2128.1, 224.1), (2128.1, 229.3), (2128.1, 269.0), (2129.9, 338.8), (2140.9, 331.3), (2161.4, 308.3), (2189.9, 342.1), (2227.1, 331.0), (2267.1, 308.3), (2307.1, 342.1), (2347.1, 331.0), (2387.1, 308.3), (2427.1, 342.1), (2467.1, 331.3), (2507.1, 308.3), (2547.1, 342.1), (2587.1, 331.0), (2627.1, 272.3), (2667.1, 234.4), (2672.4, 219.4), (2672.4, 231.5), (2672.4, 279.0), (2678.9, 351.4), (2695.6, 315.1), (2721.1, 272.3), (2754.6, 294.2), (2794.2, 351.6), (2834.2, 314.9), (2874.2, 272.4), (2914.2, 294.6), (2954.2, 352.4), (2994.2, 314.5), (3034.2, 260.9), (3074.2, 228.8), (3114.2, 219.9), (3154.2, 241.0), (3194.2, 297.8), (3234.2, 368.0), (3274.2, 299.1), (3282.6, 250.6), (3293.1, 224.0), (3311.6, 221.1), (3338.1, 250.8), (3374.4, 226.0), (3414.4, 172.4), (3454.4, 142.0), (3494.4, 134.7), (3534.4, 157.5), (3574.4, 215.7), (3614.4, 289.1), (3654.4, 362.4), (3664.1, 306.7), (3669.6, 256.6), (3683.1, 228.2), (3704.6, 223.0), (3734.1, 249.3), (3771.5, 310.7), (3811.5, 358.3), (3851.0, 292.0), (3858.6, 246.0), (3869.1, 222.3), (3887.6, 222.9), (3914.1, 257.0), (3950.8, 218.0), (3990.8, 167.3), (4030.8, 139.8), (4070.8, 135.6), (4110.8, 162.8), (4150.8, 224.9), (4190.8, 298.2), (4230.8, 307.8), (4270.8, 246.6), (4310.8, 205.9), (4350.8, 188.0), (4390.8, 196.1), (4430.8, 239.1), (4464.1, 310.3), (4469.6, 383.6)]",0,18.63
novice,mario,Mario1-2,Stuck,4,0,198.17,0.969,"[(112.0, 208.0), (116.5, 226.4), (129.0, 280.4), (149.5, 353.8), (180.2, 314.5), (219.0, 260.9), (259.0, 228.5), (299.0, 219.2), (339.0, 240.0), (379.0, 171.2), (419.0, 122.7), (459.0, 96.1), (499.0, 93.1), (539.0, 122.8), (579.0, 186.8), (619.0, 260.1), (659.0, 275.8), (699.0, 214.6), (739.0, 173.9), (779.0, 156.0), (819.0, 164.1), (859.0, 207.1), (899.0, 203.0), (939.0, 144.3), (979.0, 106.4), (1019.0, 91.4), (1059.0, 103.5), (1099.0, 151.0), (1139.0, 223.4), (1179.0, 296.8), (1219.0, 340.8), (1259.0, 311.6), (1299.0, 305.7), (1339.0, 331.3), (1379.0, 348.9), (1419.0, 285.1), (1424.4, 241.8), (1424.4, 254.2), (1424.4, 303.8), (1430.9, 368.0), (1448.4, 304.0), (1473.9, 320.9), (1507.4, 368.0), (1547.4, 304.0), (1587.4, 320.9), (1627.4, 358.1), (1667.4, 326.0), (1707.4, 317.0), (1712.4, 338.1), (1716.9, 368.0), (1748.6, 368.3), (1788.6, 368.0), (1828.6, 339.8), (1868.6, 306.5), (1908.6, 335.9), (1948.6, 331.4), (1988.6, 310.8), (2028.6, 315.3), (2068.6, 354.2), (2108.6, 314.5), (2128.8, 260.9), (2128.8, 228.5), (2128.8, 219.2), (2128.8, 240.0), (2128.8, 296.4), (2131.5, 368.0), (2146.0, 304.0), (2168.5, 320.9), (2199.0, 368.0), (2238.6, 304.0), (2278.6, 320.9), (2318.6, 368.0), (2358.6, 304.0), (2398.6, 320.9), (2438.6, 368.0), (2478.6, 304.0), (2518.6, 320.9), (2558.6, 368.0), (2598.1, 299.1), (2638.1, 250.6), (2672.1, 224.0), (2672.1, 221.1), (2672.1, 250.8), (2673.9, 314.8), (2684.1, 348.9), (2704.6, 285.1), (2733.1, 278.8), (2769.6, 318.5), (2809.6, 348.9), (2849.6, 285.1), (2889.6, 278.8), (2929.6, 318.5), (2969.6, 348.9), (3009.6, 285.1), (3049.6, 241.8), (3089.6, 221.0), (3129.6, 225.2), (3169.6, 263.8), (3209.6, 333.1), (3249.6, 331.0), (3280.1, 272.3), (3285.6, 234.4), (3299.1, 219.4), (3320.6, 231.5), (3350.5, 261.4), (3389.8, 195.1), (3429.8, 149.2), (3469.8, 125.4), (3509.8, 126.0), (3549.8, 160.1), (3589.8, 227.0), (3629.8, 300.4), (3664.0, 368.0), (3664.4, 299.5), (3670.9, 251.3), (3685.4, 225.1), (3707.9, 222.5), (3738.4, 252.5), (3776.5, 316.8), (3816.4, 348.9), (3856.0, 285.1), (3859.5, 241.8), (3871.0, 221.0), (3890.5, 225.2), (3918.0, 263.8), (3955.8, 209.8), (3995.8, 158.7), (4035.8, 129.2), (4075.8, 123.0), (4115.8, 148.3), (4155.8, 208.7), (4195.8, 282.0), (4235.8, 317.0), (4242.6, 253.9), (4253.1, 211.3), (4271.6, 191.2), (4298.1, 196.1), (4332.6, 235.4), (4372.5, 178.6), (4412.5, 127.6), (4452.5, 98.1), (4492.5, 91.9), (4532.5, 117.1), (4572.5, 177.6), (4612.5, 250.9), (4625.9, 324.3), (4636.5, 339.8), (4657.0, 306.5), (4685.5, 335.9), (4722.4, 339.8), (4762.4, 306.5), (4802.4, 335.9), (4842.4, 339.8), (4882.4, 278.6), (4922.4, 237.9), (4962.4, 220.0), (5002.4, 192.9), (5042.4, 131.7), (5082.4, 91.0), (5122.4, 84.8), (5162.4, 121.0), (5202.4, 189.1), (5242.4, 262.4), (5282.4, 210.3), (5322.4, 159.2), (5362.4, 129.7), (5402.4, 123.5), (5442.4, 148.8), (5482.4, 208.0), (5488.4, 139.1), (5488.4, 90.6), (5488.4, 87.4), (5488.4, 128.0), (5488.4, 198.3), (5488.4, 146.1), (5488.4, 95.0), (5488.4, 84.8), (5488.4, 121.0), (5488.4, 189.1), (5488.0, 153.9), (5488.0, 100.3), (5488.0, 82.8), (5488.0, 114.5), (5488.0, 179.9), (5488.0, 162.0), (5488.0, 105.9), (5488.0, 81.3), (5488.0, 108.6), (5488.0, 170.8), (5488.4, 170.5), (5488.4, 111.8), (5488.4, 80.4), (5488.4, 103.2), (5488.4, 161.6), (5488.4, 179.2), (5488.4, 118.0), (5488.4, 80.0), (5488.4, 98.4), (5488.4, 152.4), (5488.0, 188.3), (5488.0, 124.6), (5488.0, 81.3), (5488.0, 94.2), (5488.0, 143.8), (5488.0, 197.7), (5488.0, 131.4), (5488.0, 85.5)]",0,27.48
novice,mario,Mario1-2,Stuck,1,0,198.12,0.969,"[(112.0, 208.0), (116.5, 226.4), (129.0, 280.4), (149.5, 353.8), (180.2, 314.5), (219.0, 260.9), (259.0, 228.5), (299.0, 219.2), (339.0, 240.0), (379.0, 171.2), (419.0, 122.7), (459.0, 96.1), (499.0, 93.1), (539.0, 122.8), (579.0, 186.8), (619.0, 260.1), (659.0, 275.8), (699.0, 214.6), (739.0, 173.9), (779.0, 156.0), (819.0, 164.1), (859.0, 207.1), (899.0, 203.0), (939.0, 144.3), (979.0, 106.4), (1019.0, 91.4), (1059.0, 103.5), (1099.0, 151.0), (1139.0, 223.4), (1179.0, 296.8), (1219.0, 340.8), (1259.0, 311.6), (1299.0, 305.7), (1339.0, 331.3), (1379.0, 348.9), (1419.0, 285.1), (1424.4, 241.8), (1424.4, 254.2), (1424.4, 303.8), (1430.9, 368.0), (1448.4, 304.0), (1473.9, 320.9), (1507.4, 368.0), (1547.4, 304.0), (1587.4, 320.9), (1627.4, 358.1), (1667.4, 326.0), (1707.4, 317.0), (1712.4, 338.1), (1716.9, 368.0), (1748.6, 368.3), (1788.6, 368.0), (1828.6, 339.8), (1868.6, 306.5), (1908.6, 335.9), (1948.6, 331.4), (1988.6, 310.8), (2028.6, 315.3), (2068.6, 354.2), (2108.6, 314.5), (2128.8, 260.9), (2128.8, 228.5), (2128.8, 219.2), (2128.8, 240.0), (2128.8, 296.4), (2131.5, 368.0), (2146.0, 304.0), (2168.5, 320.9), (2199.0, 368.0), (2238.6, 304.0), (2278.6, 320.9), (2318.6, 368.0), (2358.6, 304.0), (2398.6, 320.9), (2438.6, 368.0), (2478.6, 304.0), (2518.6, 320.9), (2558.6, 368.0), (2598.6, 299.1), (2638.6, 250.6), (2672.1, 224.0), (2672.1, 221.1), (2672.1, 250.8), (2673.9, 314.8), (2684.1, 348.9), (2704.6, 285.1), (2733.1, 278.8), (2769.6, 318.5), (2809.6, 348.9), (2849.6, 285.1), (2889.6, 278.8), (2929.6, 318.5), (2969.6, 348.9), (3009.6, 285.1), (3049.6, 241.8), (3089.6, 221.0), (3129.6, 225.2), (3169.6, 263.8), (3209.6, 333.1), (3249.6, 331.0), (3280.1, 272.3), (3285.6, 234.4), (3299.1, 219.4), (3320.6, 231.5), (3350.5, 261.4), (3389.8, 195.1), (3429.8, 149.2), (3469.8, 125.4), (3509.8, 126.0), (3549.8, 160.1), (3589.8, 227.0), (3629.8, 300.4), (3664.0, 368.0), (3664.4, 299.1), (3670.9, 250.6), (3685.4, 224.0), (3707.9, 221.1), (3738.4, 250.8), (3776.5, 314.8), (3816.5, 348.9), (3856.5, 285.1), (3859.5, 241.8), (3871.0, 221.0), (3890.5, 225.2), (3918.0, 263.8), (3955.8, 209.8), (3995.8, 158.7), (4035.8, 129.2), (4075.8, 123.0), (4115.8, 148.3), (4155.8, 208.7), (4195.8, 282.0), (4235.8, 316.9), (4242.6, 253.1), (4253.1, 209.8), (4271.6, 189.0), (4298.1, 193.2), (4332.6, 231.8), (4372.5, 186.5), (4412.5, 132.9), (4452.5, 100.5), (4492.5, 91.2), (4532.5, 112.0), (4572.5, 168.4), (4612.5, 241.8), (4624.1, 315.1), (4630.4, 348.9), (4646.9, 305.1), (4671.4, 330.4), (4704.6, 348.9), (4744.6, 305.1), (4784.6, 330.4), (4824.6, 348.9), (4864.6, 285.1), (4904.6, 241.8), (4944.6, 221.0), (4984.6, 202.0), (5024.6, 138.2), (5064.6, 94.9), (5104.6, 82.8), (5144.6, 114.5), (5184.6, 179.9), (5224.6, 253.3), (5264.6, 218.1), (5304.6, 164.5), (5344.6, 132.1), (5384.6, 122.8), (5424.6, 143.7), (5464.6, 200.0), (5488.8, 146.6), (5488.8, 95.6), (5488.8, 84.8), (5488.8, 121.0), (5488.8, 189.1), (5488.0, 153.9), (5488.0, 100.3), (5488.0, 82.8), (5488.0, 114.5), (5488.0, 179.9), (5488.0, 162.0), (5488.0, 105.9), (5488.0, 81.3), (5488.0, 108.6), (5488.0, 170.8), (5488.4, 170.5), (5488.4, 111.8), (5488.4, 80.4), (5488.4, 103.2), (5488.4, 161.6), (5488.4, 179.2), (5488.4, 118.0), (5488.4, 80.0), (5488.4, 98.4), (5488.4, 152.4), (5488.0, 188.3), (5488.0, 124.6), (5488.0, 81.3), (5488.0, 94.2), (5488.0, 143.8), (5488.0, 197.7), (5488.0, 131.4), (5488.0, 85.5), (5488.0, 90.5), (5488.0, 135.6), (5488.0, 207.4), (5488.4, 138.6), (5488.4, 90.1)]",0,27.48
novice,mario,Mario1-2,Enemy,1,0,204.55,0.078,"[(112.0, 208.0), (112.0, 226.4), (112.0, 280.4), (112.0, 353.8), (119.5, 368.0), (154.5, 368.0), (194.5, 368.0), (234.5, 368.0), (274.5, 368.0), (314.5, 368.0), (354.5, 368.0), (394.5, 368.0), (434.5, 368.0)]",0,1.65
novice,mario,Mario1-2,Stuck,1,0,64.4,0.133,"[(112.0, 208.0), (112.0, 226.4), (113.2, 280.4), (121.8, 353.8), (140.5, 314.5), (168.0, 260.9), (203.5, 228.5), (243.5, 219.2), (283.5, 240.0), (304.8, 296.4), (307.5, 368.0), (319.5, 304.0), (325.0, 320.9), (331.5, 368.0), (346.5, 304.0), (356.5, 320.9), (372.0, 368.0), (398.2, 304.0), (427.0, 320.9), (463.5, 345.1), (503.5, 315.8), (543.5, 309.9), (583.5, 335.5), (623.5, 266.6), (663.5, 218.1), (703.5, 191.5), (743.5, 188.6), (783.5, 218.3), (823.5, 203.0), (862.2, 144.3), (896.8, 106.4), (923.2, 91.4), (941.8, 103.5), (952.2, 151.0), (964.1, 198.3), (984.1, 132.0), (997.6, 86.0), (1003.1, 90.5), (1000.6, 135.6), (995.4, 207.4), (997.6, 138.6), (992.5, 90.1), (979.5, 87.4), (958.4, 128.0), (931.8, 198.3), (911.8, 271.6), (900.2, 202.8), (891.1, 154.2), (875.5, 127.6), (851.8, 124.7), (820.2, 154.4), (785.9, 218.4), (753.6, 194.6), (714.3, 138.4), (674.3, 103.3), (634.3, 91.1), (594.3, 107.5), (554.3, 159.4), (518.8, 232.6), (496.1, 305.9), (502.0, 358.3), (518.5, 292.0), (543.0, 246.0), (575.5, 222.3), (614.8, 222.9), (654.8, 257.0), (688.1, 284.9), (693.6, 221.1), (707.1, 177.8), (723.4, 157.0), (731.9, 161.2), (739.4, 199.8), (752.0, 269.1), (752.0, 342.4), (752.0, 322.6)]",0,9.93
novice,mario,Mario1-2,Stuck,1,0,-10.91,0.009,"[(112.0, 208.0), (107.5, 226.4), (95.0, 280.4), (74.5, 353.8), (48.0, 314.5), (51.5, 260.9), (57.8, 228.5), (56.2, 219.2), (48.0, 240.0), (48.0, 296.4), (48.0, 368.0), (51.5, 299.4), (63.0, 251.2), (73.5, 224.9), (76.0, 222.3), (70.5, 252.3), (57.0, 316.4), (48.1, 349.0), (53.6, 285.5), (66.4, 242.5), (74.9, 221.9), (75.4, 226.4), (67.9, 265.3), (52.4, 334.8), (48.8, 331.2), (56.2, 272.8), (69.2, 235.2), (75.8, 220.4), (74.2, 232.8), (64.8, 280.6), (48.0, 353.1), (49.9, 314.7), (59.4, 261.4), (71.6, 229.3), (76.1, 220.3), (72.6, 241.4), (61.1, 298.1), (48.0, 368.0)]",0,5.02
novice,mario,Mario1-2,Stuck,1,0,198.12,0.969,"[(112.0, 213.0), (116.5, 226.4), (129.0, 280.4), (149.5, 353.8), (180.2, 314.5), (219.0, 260.9), (259.0, 228.5), (299.0, 219.2), (339.0, 240.0), (379.0, 171.2), (419.0, 122.7), (459.0, 96.1), (499.0, 93.1), (539.0, 122.8), (579.0, 186.8), (619.0, 260.1), (659.0, 275.8), (699.0, 214.6), (739.0, 173.9), (779.0, 156.0), (819.0, 164.1), (859.0, 207.1), (899.0, 203.0), (939.0, 144.3), (979.0, 106.4), (1019.0, 91.4), (1059.0, 103.5), (1099.0, 151.0), (1139.0, 223.4), (1179.0, 296.8), (1219.0, 340.8), (1259.0, 311.6), (1299.0, 305.7), (1339.0, 331.3), (1379.0, 348.9), (1419.0, 285.1), (1424.4, 241.8), (1424.4, 254.2), (1424.4, 303.8), (1430.9, 368.0), (1448.4, 304.0), (1473.9, 320.9), (1507.4, 368.0), (1547.4, 304.0), (1587.4, 320.9), (1627.4, 358.1), (1667.4, 326.0), (1707.4, 317.0), (1712.4, 338.1), (1716.9, 368.0), (1748.6, 368.3), (1788.6, 368.0), (1828.6, 339.8), (1868.6, 306.5), (1908.6, 335.9), (1948.6, 331.4), (1988.6, 310.8), (2028.6, 315.3), (2068.6, 354.2), (2108.6, 314.5), (2128.8, 260.9), (2128.8, 228.5), (2128.8, 219.2), (2128.8, 240.0), (2128.8, 296.4), (2131.5, 368.0), (2146.0, 304.0), (2168.5, 320.9), (2199.0, 368.0), (2238.6, 304.0), (2278.6, 320.9), (2318.6, 368.0), (2358.6, 304.0), (2398.6, 320.9), (2438.6, 368.0), (2478.6, 304.0), (2518.6, 320.9), (2558.6, 368.0), (2598.6, 299.1), (2638.6, 250.6), (2672.1, 224.0), (2672.1, 221.1), (2672.1, 250.8), (2673.9, 314.8), (2684.1, 348.9), (2704.6, 285.1), (2733.1, 278.8), (2769.6, 318.5), (2809.6, 348.9), (2849.6, 285.1), (2889.6, 278.8), (2929.6, 318.5), (2969.6, 348.9), (3009.6, 285.1), (3049.6, 241.8), (3089.6, 221.0), (3129.6, 225.2), (3169.6, 263.8), (3209.6, 333.1), (3249.6, 331.0), (3280.1, 272.3), (3285.6, 234.4), (3299.1, 219.4), (3320.6, 231.5), (3350.5, 261.4), (3389.8, 195.1), (3429.8, 149.2), (3469.8, 125.4), (3509.8, 126.0), (3549.8, 160.1), (3589.8, 227.0), (3629.8, 300.4), (3664.0, 368.0), (3664.4, 299.1), (3670.9, 250.6), (3685.4, 224.0), (3707.9, 221.1), (3738.4, 250.8), (3776.5, 314.8), (3816.5, 348.9), (3856.5, 285.1), (3859.5, 241.8), (3871.0, 221.0), (3890.5, 225.2), (3918.0, 263.8), (3955.8, 209.8), (3995.8, 158.7), (4035.8, 129.2), (4075.8, 123.0), (4115.8, 148.3), (4155.8, 208.7), (4195.8, 282.0), (4235.8, 316.9), (4242.6, 253.1), (4253.1, 209.8), (4271.6, 189.0), (4298.1, 193.2), (4332.6, 231.8), (4372.5, 186.5), (4412.5, 132.9), (4452.5, 100.5), (4492.5, 91.2), (4532.5, 112.0), (4572.5, 168.4), (4612.5, 241.8), (4624.1, 315.1), (4630.4, 348.9), (4646.9, 305.1), (4671.4, 330.4), (4704.6, 348.9), (4744.6, 305.1), (4784.6, 330.4), (4824.6, 348.9), (4864.6, 285.1), (4904.6, 241.8), (4944.6, 221.0), (4984.6, 202.0), (5024.6, 138.2), (5064.6, 94.9), (5104.6, 82.8), (5144.6, 114.5), (5184.6, 179.9), (5224.6, 253.3), (5264.6, 218.1), (5304.6, 164.5), (5344.6, 132.1), (5384.6, 122.8), (5424.6, 143.7), (5464.6, 200.0), (5488.8, 146.6), (5488.8, 95.6), (5488.8, 84.8), (5488.8, 121.0), (5488.8, 189.1), (5488.0, 153.9), (5488.0, 100.3), (5488.0, 82.8), (5488.0, 114.5), (5488.0, 179.9), (5488.0, 162.0), (5488.0, 105.9), (5488.0, 81.3), (5488.0, 108.6), (5488.0, 170.8), (5488.4, 170.5), (5488.4, 111.8), (5488.4, 80.4), (5488.4, 103.2), (5488.4, 161.6), (5488.4, 179.2), (5488.4, 118.0), (5488.4, 80.0), (5488.4, 98.4), (5488.4, 152.4), (5488.0, 188.3), (5488.0, 124.6), (5488.0, 81.3), (5488.0, 94.2), (5488.0, 143.8), (5488.0, 197.7), (5488.0, 131.4), (5488.0, 85.5), (5488.0, 90.5), (5488.0, 135.6), (5488.0, 207.4), (5488.4, 138.6), (5488.4, 90.1)]",0,27.48
novice,mario,Mario1-2,Stuck,2,0,196.46,0.969,"[(112.0, 208.0), (116.5, 226.4), (129.0, 280.4), (149.5, 353.8), (180.2, 314.5), (219.0, 260.9), (259.0, 228.5), (299.0, 219.2), (339.0, 240.0), (379.0, 171.2), (419.0, 122.7), (459.0, 96.1), (499.0, 93.1), (539.0, 122.8), (579.0, 186.8), (619.0, 260.1), (659.0, 275.8), (699.0, 214.6), (739.0, 173.9), (779.0, 156.0), (819.0, 164.1), (859.0, 207.1), (899.0, 203.0), (939.0, 144.3), (979.0, 106.4), (1019.0, 91.4), (1059.0, 103.5), (1099.0, 151.0), (1139.0, 223.4), (1179.0, 296.8), (1219.0, 340.8), (1259.0, 311.6), (1299.0, 305.7), (1339.0, 331.3), (1379.0, 348.9), (1419.0, 285.1), (1424.4, 241.8), (1424.4, 254.2), (1424.4, 303.8), (1430.9, 368.0), (1448.4, 304.0), (1473.9, 320.9), (1507.4, 368.0), (1547.4, 304.0), (1587.4, 320.9), (1627.4, 358.1), (1667.4, 326.0), (1707.4, 317.0), (1712.4, 338.1), (1716.9, 368.0), (1748.6, 368.3), (1788.6, 368.0), (1828.6, 339.8), (1868.6, 306.5), (1908.6, 335.9), (1948.6, 331.4), (1988.6, 310.8), (2028.6, 315.3), (2068.6, 354.2), (2108.6, 314.5), (2128.8, 261.1), (2128.8, 229.8), (2128.8, 221.6), (2128.8, 243.4), (2128.8, 300.8), (2131.5, 368.0), (2146.0, 304.0), (2168.5, 320.9), (2199.0, 368.0), (2238.6, 304.0), (2278.6, 320.9), (2318.6, 368.0), (2358.6, 304.0), (2398.6, 320.9), (2438.6, 368.0), (2478.6, 304.0), (2518.6, 320.9), (2558.6, 368.0), (2598.6, 299.1), (2638.6, 250.6), (2671.9, 224.0), (2671.6, 221.1), (2670.9, 250.8), (2674.4, 314.8), (2686.6, 348.9), (2709.1, 285.1), (2739.6, 278.8), (2777.8, 318.5), (2817.8, 348.9), (2857.8, 285.1), (2897.8, 278.8), (2937.8, 318.5), (2977.8, 348.9), (3017.8, 285.1), (3057.8, 241.8), (3097.8, 221.0), (3137.8, 225.2), (3177.8, 263.8), (3217.8, 333.1), (3257.8, 331.0), (3280.8, 272.3), (3288.2, 234.4), (3303.8, 219.4), (3327.2, 231.5), (3359.1, 261.4), (3399.0, 195.1), (3439.0, 149.2), (3479.0, 125.4), (3519.0, 126.0), (3559.0, 160.1), (3599.0, 227.0), (3639.0, 300.4), (3664.0, 368.0), (3663.0, 299.4), (3668.5, 251.2), (3682.0, 224.9), (3703.5, 222.3), (3733.0, 252.3), (3770.4, 316.4), (3810.4, 348.9), (3850.4, 285.1), (3858.6, 241.8), (3869.1, 221.0), (3887.6, 225.2), (3914.1, 263.8), (3951.1, 209.8), (3991.1, 158.7), (4031.1, 129.2), (4071.1, 123.0), (4111.1, 148.3), (4151.1, 208.7), (4191.1, 282.0), (4231.1, 316.9), (4242.6, 253.1), (4253.1, 209.8), (4271.6, 189.0), (4298.1, 193.2), (4332.6, 231.8), (4372.5, 186.5), (4412.5, 132.9), (4452.5, 100.5), (4492.5, 91.2), (4532.5, 112.0), (4572.5, 168.4), (4612.5, 241.8), (4624.4, 315.1), (4631.6, 348.9), (4649.1, 305.1), (4674.6, 330.4), (4708.9, 348.9), (4748.9, 305.1), (4788.9, 330.4), (4828.9, 348.9), (4868.9, 285.1), (4908.9, 241.8), (4948.9, 221.0), (4988.9, 202.0), (5028.9, 138.2), (5068.9, 94.9), (5108.9, 82.8), (5148.9, 114.5), (5188.9, 179.9), (5228.9, 253.3), (5268.9, 218.1), (5308.9, 164.5), (5348.9, 132.1), (5388.9, 122.8), (5428.9, 143.7), (5468.9, 200.0), (5488.0, 146.6), (5488.0, 95.6), (5488.0, 84.8), (5488.7, 121.0), (5488.7, 189.1), (5488.4, 153.9), (5488.9, 100.3), (5488.8, 82.8), (5488.0, 114.5), (5488.0, 179.9), (5487.0, 162.2), (5485.8, 106.4), (5488.1, 81.3), (5488.0, 108.6), (5488.0, 170.8), (5487.6, 170.6), (5485.9, 112.2), (5488.4, 80.4), (5488.8, 103.2), (5488.0, 161.6), (5488.1, 179.2), (5487.6, 118.0), (5488.0, 80.0), (5488.0, 98.4), (5488.0, 152.4), (5487.9, 188.4), (5486.1, 124.9), (5487.6, 81.9), (5488.4, 94.2), (5488.0, 143.8), (5488.0, 197.8), (5486.8, 131.7), (5486.5, 86.1), (5488.0, 90.5), (5488.0, 135.6), (5488.0, 207.4), (5487.6, 138.6), (5487.6, 90.1)]",0,27.47
novice,mario,Mario1-2,Stuck,1,0,198.12,0.969,"[(112.0, 208.0), (116.5, 226.4), (129.0, 280.4), (149.5, 353.8), (180.2, 314.5), (219.0, 260.9), (259.0, 228.5), (299.0, 219.2), (339.0, 240.0), (379.0, 171.2), (419.0, 122.7), (459.0, 96.1), (499.0, 93.1), (539.0, 122.8), (579.0, 186.8), (619.0, 260.1), (659.0, 275.8), (699.0, 214.6), (739.0, 173.9), (779.0, 156.0), (819.0, 164.1), (859.0, 207.1), (899.0, 203.0), (939.0, 144.3), (979.0, 106.4), (1019.0, 91.4), (1059.0, 103.5), (1099.0, 151.0), (1139.0, 223.4), (1179.0, 296.8), (1219.0, 340.8), (1259.0, 311.6), (1299.0, 305.7), (1339.0, 331.3), (1379.0, 348.9), (1419.0, 285.1), (1424.4, 241.8), (1424.4, 254.2), (1424.4, 303.8), (1430.9, 368.0), (1448.4, 304.0), (1473.9, 320.9), (1507.4, 368.0), (1547.4, 304.0), (1587.4, 320.9), (1627.4, 358.1), (1667.4, 326.0), (1707.4, 317.0), (1712.4, 338.1), (1716.9, 368.0), (1748.6, 368.3), (1788.6, 368.0), (1828.6, 339.8), (1868.6, 306.5), (1908.6, 335.9), (1948.6, 331.4), (1988.6, 310.8), (2028.6, 315.3), (2068.6, 354.2), (2108.6, 314.5), (2128.8, 260.9), (2128.8, 228.5), (2128.8, 219.2), (2128.8, 240.0), (2128.8, 296.4), (2131.5, 368.0), (2146.0, 304.0), (2168.5, 320.9), (2199.0, 368.0), (2238.6, 304.0), (2278.6, 320.9), (2318.6, 368.0), (2358.6, 304.0), (2398.6, 320.9), (2438.6, 368.0), (2478.6, 304.0), (2518.6, 320.9), (2558.6, 368.0), (2598.6, 299.1), (2638.6, 250.6), (2672.1, 224.0), (2672.1, 221.1), (2672.1, 250.8), (2673.9, 314.8), (2684.1, 348.9), (2704.6, 285.1), (2733.1, 278.8), (2769.6, 318.5), (2809.6, 348.9), (2849.6, 285.1), (2889.6, 278.8), (2929.6, 318.5), (2969.6, 348.9), (3009.6, 285.1), (3049.6, 241.8), (3089.6, 221.0), (3129.6, 225.2), (3169.6, 263.8), (3209.6, 333.1), (3249.6, 331.0), (3280.1, 272.3), (3285.6, 234.4), (3299.1, 219.4), (3320.6, 231.5), (3350.5, 261.4), (3389.8, 195.1), (3429.8, 149.2), (3469.8, 125.4), (3509.8, 126.0), (3549.8, 160.1), (3589.8, 227.0), (3629.8, 300.4), (3664.0, 368.0), (3664.4, 299.1), (3670.9, 250.6), (3685.4, 224.0), (3707.9, 221.1), (3738.4, 250.8), (3776.5, 314.8), (3816.5, 348.9), (3856.5, 285.1), (3859.5, 241.8), (3871.0, 221.0), (3890.5, 225.2), (3918.0, 263.8), (3955.8, 209.8), (3995.8, 158.7), (4035.8, 129.2), (4075.8, 123.0), (4115.8, 148.3), (4155.8, 208.7), (4195.8, 282.0), (4235.8, 316.9), (4242.6, 253.1), (4253.1, 209.8), (4271.6, 189.0), (4298.1, 193.2), (4332.6, 231.8), (4372.5, 186.5), (4412.5, 132.9), (4452.5, 100.5), (4492.5, 91.2), (4532.5, 112.0), (4572.5, 168.4), (4612.5, 241.8), (4624.1, 315.1), (4630.4, 348.9), (4646.9, 305.1), (4671.4, 330.4), (4704.6, 348.9), (4744.6, 305.1), (4784.6, 330.4), (4824.6, 348.9), (4864.6, 285.1), (4904.6, 241.8), (4944.6, 221.0), (4984.6, 202.0), (5024.6, 138.2), (5064.6, 94.9), (5104.6, 82.8), (5144.6, 114.5), (5184.6, 179.9), (5224.6, 253.3), (5264.6, 218.1), (5304.6, 164.5), (5344.6, 132.1), (5384.6, 122.8), (5424.6, 143.7), (5464.6, 200.0), (5488.8, 146.6), (5488.8, 95.6), (5488.8, 84.8), (5488.8, 121.0), (5488.8, 189.1), (5488.0, 153.9), (5488.0, 100.3), (5488.0, 82.8), (5488.0, 114.5), (5488.0, 179.9), (5488.0, 162.0), (5488.0, 105.9), (5488.0, 81.3), (5488.0, 108.6), (5488.0, 170.8), (5488.4, 170.5), (5488.4, 111.8), (5488.4, 80.4), (5488.4, 103.2), (5488.4, 161.6), (5488.4, 179.2), (5488.4, 118.0), (5488.4, 80.0), (5488.4, 98.4), (5488.4, 152.4), (5488.0, 188.3), (5488.0, 124.6), (5488.0, 81.3), (5488.0, 94.2), (5488.0, 143.8), (5488.0, 197.7), (5488.0, 131.4), (5488.0, 85.5), (5488.0, 90.5), (5488.0, 135.6), (5488.0, 207.4), (5488.4, 138.6), (5488.4, 90.1)]",0,27.48
novice,mario,Mario1-2,Stuck,1,0,198.12,0.969,"[(112.0, 208.0), (116.5, 226.4), (129.0, 280.4), (149.5, 353.8), (180.2, 314.5), (219.0, 260.9), (259.0, 228.5), (299.0, 219.2), (339.0, 240.0), (379.0, 171.2), (419.0, 122.7), (459.0, 96.1), (499.0, 93.1), (539.0, 122.8), (579.0, 186.8), (619.0, 260.1), (659.0, 275.8), (699.0, 214.6), (739.0, 173.9), (779.0, 156.0), (819.0, 164.1), (859.0, 207.1), (899.0, 203.0), (939.0, 144.3), (979.0, 106.4), (1019.0, 91.4), (1059.0, 103.5), (1099.0, 151.0), (1139.0, 223.4), (1179.0, 296.8), (1219.0, 340.8), (1259.0, 311.6), (1299.0, 305.7), (1339.0, 331.3), (1379.0, 348.9), (1419.0, 285.1), (1424.4, 241.8), (1424.4, 254.2), (1424.4, 303.8), (1430.9, 368.0), (1448.4, 304.0), (1473.9, 320.9), (1507.4, 368.0), (1547.4, 304.0), (1587.4, 320.9), (1627.4, 358.1), (1667.4, 326.0), (1707.4, 317.0), (1712.4, 338.1), (1716.9, 368.0), (1748.6, 368.3), (1788.6, 368.0), (1828.6, 339.8), (1868.6, 306.5), (1908.6, 335.9), (1948.6, 331.4), (1988.6, 310.8), (2028.6, 315.3), (2068.6, 354.2), (2108.6, 314.5), (2128.8, 260.9), (2128.8, 228.5), (2128.8, 219.2), (2128.8, 240.0), (2128.8, 296.4), (2131.5, 368.0), (2146.0, 304.0), (2168.5, 320.9), (2199.0, 368.0), (2238.6, 304.0), (2278.6, 320.9), (2318.6, 368.0), (2358.6, 304.0), (2398.6, 320.9), (2438.6, 368.0), (2478.6, 304.0), (2518.6, 320.9), (2558.6, 368.0), (2598.6, 299.1), (2638.6, 250.6), (2672.1, 224.0), (2672.1, 221.1), (2672.1, 250.8), (2673.9, 314.8), (2684.1, 348.9), (2704.6, 285.1), (2733.1, 278.8), (2769.6, 318.5), (2809.6, 348.9), (2849.6, 285.1), (2889.6, 278.8), (2929.6, 318.5), (2969.6, 348.9), (3009.6, 285.1), (3049.6, 241.8), (3089.6, 221.0), (3129.6, 225.2), (3169.6, 263.8), (3209.6, 333.1), (3249.6, 331.0), (3280.1, 272.3), (3285.6, 234.4), (3299.1, 219.4), (3320.6, 231.5), (3350.5, 261.4), (3389.8, 195.1), (3429.8, 149.2), (3469.8, 125.4), (3509.8, 126.0), (3549.8, 160.1), (3589.8, 227.0), (3629.8, 300.4), (3664.0, 368.0), (3664.4, 299.1), (3670.9, 250.6), (3685.4, 224.0), (3707.9, 221.1), (3738.4, 250.8), (3776.5, 314.8), (3816.5, 348.9), (3856.5, 285.1), (3859.5, 241.8), (3871.0, 221.0), (3890.5, 225.2), (3918.0, 263.8), (3955.8, 209.8), (3995.8, 158.7), (4035.8, 129.2), (4075.8, 123.0), (4115.8, 148.3), (4155.8, 208.7), (4195.8, 282.0), (4235.8, 316.9), (4242.6, 253.1), (4253.1, 209.8), (4271.6, 189.0), (4298.1, 193.2), (4332.6, 231.8), (4372.5, 186.5), (4412.5, 132.9), (4452.5, 100.5), (4492.5, 91.2), (4532.5, 112.0), (4572.5, 168.4), (4612.5, 241.8), (4624.1, 315.1), (4630.4, 348.9), (4646.9, 305.1), (4671.4, 330.4), (4704.6, 348.9), (4744.6, 305.1), (4784.6, 330.4), (4824.6, 348.9), (4864.6, 285.1), (4904.6, 241.8), (4944.6, 221.0), (4984.6, 202.0), (5024.6, 138.2), (5064.6, 94.9), (5104.6, 82.8), (5144.6, 114.5), (5184.6, 179.9), (5224.6, 253.3), (5264.6, 218.1), (5304.6, 164.5), (5344.6, 132.1), (5384.6, 122.8), (5424.6, 143.7), (5464.6, 200.0), (5488.8, 146.6), (5488.8, 95.6), (5488.8, 84.8), (5488.8, 121.0), (5488.8, 189.1), (5488.0, 153.9), (5488.0, 100.3), (5488.0, 82.8), (5488.0, 114.5), (5488.0, 179.9), (5488.0, 162.0), (5488.0, 105.9), (5488.0, 81.3), (5488.0, 108.6), (5488.0, 170.8), (5488.4, 170.5), (5488.4, 111.8), (5488.4, 80.4), (5488.4, 103.2), (5488.4, 161.6), (5488.4, 179.2), (5488.4, 118.0), (5488.4, 80.0), (5488.4, 98.4), (5488.4, 152.4), (5488.0, 188.3), (5488.0, 124.6), (5488.0, 81.3), (5488.0, 94.2), (5488.0, 143.8), (5488.0, 197.7), (5488.0, 131.4), (5488.0, 85.5), (5488.0, 90.5), (5488.0, 135.6), (5488.0, 207.4), (5488.4, 138.6), (5488.4, 90.1)]",0,27.48
novice,mario,Mario1-2,Stuck,4,0,198.17,0.969,"[(112.0, 208.0), (116.5, 226.4), (129.0, 280.4), (149.5, 353.8), (180.2, 314.5), (219.0, 260.9), (259.0, 228.5), (299.0, 219.2), (339.0, 240.0), (379.0, 171.2), (419.0, 122.7), (459.0, 96.1), (499.0, 93.1), (539.0, 122.8), (579.0, 186.8), (619.0, 260.1), (659.0, 275.8), (699.0, 214.6), (739.0, 173.9), (779.0, 156.0), (819.0, 164.1), (859.0, 207.1), (899.0, 203.0), (939.0, 144.3), (979.0, 106.4), (1019.0, 91.4), (1059.0, 103.5), (1099.0, 151.0), (1139.0, 223.4), (1179.0, 296.8), (1219.0, 340.8), (1259.0, 311.6), (1299.0, 305.7), (1339.0, 331.3), (1379.0, 348.9), (1419.0, 285.1), (1424.4, 241.8), (1424.4, 254.2), (1424.4, 303.8), (1430.9, 368.0), (1448.4, 304.0), (1473.9, 320.9), (1507.4, 368.0), (1547.4, 304.0), (1587.4, 320.9), (1627.4, 358.1), (1667.4, 326.0), (1707.4, 317.0), (1712.4, 338.1), (1716.9, 368.0), (1748.6, 368.3), (1788.6, 368.0), (1828.6, 339.8), (1868.6, 306.5), (1908.6, 335.9), (1948.6, 331.4), (1988.6, 310.8), (2028.6, 315.3), (2068.6, 354.2), (2108.6, 314.5), (2128.8, 260.9), (2128.8, 228.5), (2128.8, 219.2), (2128.8, 240.0), (2128.8, 296.4), (2131.5, 368.0), (2146.0, 304.0), (2168.5, 320.9), (2199.0, 368.0), (2238.6, 304.0), (2278.6, 320.9), (2318.6, 368.0), (2358.6, 304.0), (2398.6, 320.9), (2438.6, 368.0), (2478.6, 304.0), (2518.6, 320.9), (2558.6, 368.0), (2598.1, 299.1), (2638.1, 250.6), (2672.1, 224.0), (2672.1, 221.1), (2672.1, 250.8), (2673.9, 314.8), (2684.1, 348.9), (2704.6, 285.1), (2733.1, 278.8), (2769.6, 318.5), (2809.6, 348.9), (2849.6, 285.1), (2889.6, 278.8), (2929.6, 318.5), (2969.6, 348.9), (3009.6, 285.1), (3049.6, 241.8), (3089.6, 221.0), (3129.6, 225.2), (3169.6, 263.8), (3209.6, 333.1), (3249.6, 331.0), (3280.1, 272.3), (3285.6, 234.4), (3299.1, 219.4), (3320.6, 231.5), (3350.5, 261.4), (3389.8, 195.1), (3429.8, 149.2), (3469.8, 125.4), (3509.8, 126.0), (3549.8, 160.1), (3589.8, 227.0), (3629.8, 300.4), (3664.0, 368.0), (3664.4, 299.5), (3670.9, 251.3), (3685.4, 225.1), (3707.9, 222.5), (3738.4, 252.5), (3776.5, 316.8), (3816.4, 348.9), (3856.0, 285.1), (3859.5, 241.8), (3871.0, 221.0), (3890.5, 225.2), (3918.0, 263.8), (3955.8, 209.8), (3995.8, 158.7), (4035.8, 129.2), (4075.8, 123.0), (4115.8, 148.3), (4155.8, 208.7), (4195.8, 282.0), (4235.8, 317.0), (4242.6, 253.9), (4253.1, 211.3), (4271.6, 191.2), (4298.1, 196.1), (4332.6, 235.4), (4372.5, 178.6), (4412.5, 127.6), (4452.5, 98.1), (4492.5, 91.9), (4532.5, 117.1), (4572.5, 177.6), (4612.5, 250.9), (4625.9, 324.3), (4636.5, 339.8), (4657.0, 306.5), (4685.5, 335.9), (4722.4, 339.8), (4762.4, 306.5), (4802.4, 335.9), (4842.4, 339.8), (4882.4, 278.6), (4922.4, 237.9), (4962.4, 220.0), (5002.4, 192.9), (5042.4, 131.7), (5082.4, 91.0), (5122.4, 84.8), (5162.4, 121.0), (5202.4, 189.1), (5242.4, 262.4), (5282.4, 210.3), (5322.4, 159.2), (5362.4, 129.7), (5402.4, 123.5), (5442.4, 148.8), (5482.4, 208.0), (5488.4, 139.1), (5488.4, 90.6), (5488.4, 87.4), (5488.4, 128.0), (5488.4, 198.3), (5488.4, 146.1), (5488.4, 95.0), (5488.4, 84.8), (5488.4, 121.0), (5488.4, 189.1), (5488.0, 153.9), (5488.0, 100.3), (5488.0, 82.8), (5488.0, 114.5), (5488.0, 179.9), (5488.0, 162.0), (5488.0, 105.9), (5488.0, 81.3), (5488.0, 108.6), (5488.0, 170.8), (5488.4, 170.5), (5488.4, 111.8), (5488.4, 80.4), (5488.4, 103.2), (5488.4, 161.6), (5488.4, 179.2), (5488.4, 118.0), (5488.4, 80.0), (5488.4, 98.4), (5488.4, 152.4), (5488.0, 188.3), (5488.0, 124.6), (5488.0, 81.3), (5488.0, 94.2), (5488.0, 143.8), (5488.0, 197.7), (5488.0, 131.4), (5488.0, 85.5)]",0,27.48
novice,mario,Mario1-2,Stuck,2,0,38.64,0.062,"[(112.0, 208.0), (116.5, 226.4), (129.0, 280.4), (149.5, 353.8), (180.2, 314.5), (219.0, 260.9), (258.2, 228.5), (290.8, 219.2), (322.2, 240.0), (350.5, 240.4), (353.5, 240.4), (353.5, 240.4), (353.5, 240.4), (353.5, 240.4), (353.5, 240.4), (353.5, 240.4), (353.5, 240.4), (353.5, 240.4), (353.5, 240.4), (353.5, 240.4), (353.5, 240.4), (353.5, 240.4), (353.5, 240.4), (353.5, 240.4), (353.5, 240.4), (353.5, 240.4), (353.5, 240.4), (353.5, 240.4), (353.5, 240.4), (353.5, 240.4), (353.5, 240.4), (353.5, 240.4), (353.5, 240.4), (353.5, 240.4), (353.5, 240.4), (353.5, 240.4), (353.5, 240.4), (353.5, 240.4), (353.5, 240.4), (353.5, 240.4), (353.5, 240.4), (353.5, 240.4), (353.5, 240.4), (353.5, 240.4), (353.5, 240.4), (353.5, 240.4), (353.5, 240.4)]",0,6.25
novice,mario,Mario1-2,Enemy,2,0,224.65,0.342,"[(112.0, 208.0), (116.5, 226.4), (129.0, 280.4), (149.5, 353.8), (180.2, 314.5), (219.0, 260.9), (259.0, 228.5), (299.0, 219.2), (339.0, 240.0), (379.0, 171.2), (419.0, 122.7), (459.0, 96.1), (499.0, 93.1), (539.0, 122.8), (579.0, 186.8), (619.0, 260.1), (659.0, 275.8), (699.0, 214.6), (739.0, 173.9), (779.0, 156.0), (819.0, 164.1), (859.0, 207.1), (899.0, 203.0), (939.0, 144.3), (979.0, 106.4), (1019.0, 91.4), (1059.0, 103.5), (1099.0, 151.0), (1139.0, 223.4), (1179.0, 296.8), (1219.0, 340.8), (1259.0, 311.6), (1299.0, 305.7), (1339.0, 331.3), (1379.0, 348.9), (1419.0, 285.1), (1424.4, 241.8), (1424.4, 254.2), (1424.9, 303.8), (1426.3, 368.0), (1436.2, 304.0), (1454.0, 320.9), (1479.8, 368.0), (1516.6, 304.0), (1556.6, 320.9), (1596.6, 368.0), (1636.6, 299.1), (1647.9, 250.6), (1647.6, 224.0), (1646.9, 221.1), (1648.0, 250.8), (1648.0, 314.8), (1650.2, 331.0), (1658.0, 307.6), (1673.8, 308.4), (1697.7, 342.9), (1731.9, 368.0), (1771.9, 368.0), (1811.9, 368.3), (1851.9, 306.6), (1891.9, 317.0), (1931.9, 363.8)]",0,8.17
novice,mario,Mario1-2,Pit,28,3,207.37,0.681,"[(112.0, 208.0), (110.5, 226.4), (108.8, 280.4), (111.2, 353.8), (125.9, 322.9), (150.4, 266.8), (182.9, 231.6), (222.1, 219.5), (262.1, 235.9), (302.1, 287.8), (307.5, 361.0), (321.6, 306.6), (344.1, 317.0), (374.6, 363.8), (413.9, 307.4), (453.9, 317.0), (493.9, 350.3), (533.9, 318.2), (573.9, 309.2), (613.9, 330.3), (624.1, 300.3), (629.6, 241.6), (643.1, 203.7), (664.6, 188.6), (694.1, 200.8), (731.5, 248.3), (752.8, 227.2), (760.2, 172.4), (775.8, 138.7), (799.2, 127.9), (830.8, 145.6), (869.5, 199.0), (909.5, 272.3), (944.0, 204.4), (948.5, 157.9), (961.0, 133.4), (981.5, 133.1), (1010.0, 166.5), (1046.5, 232.9), (1086.1, 243.8), (1126.1, 182.7), (1166.1, 143.1), (1206.1, 126.2), (1246.1, 135.3), (1286.1, 176.0), (1326.1, 107.1), (1366.1, 82.5), (1406.1, 113.2), (1446.1, 176.0), (1486.1, 107.1), (1526.1, 82.5), (1566.1, 113.6), (1606.1, 178.6), (1646.1, 251.9), (1648.8, 325.3), (1656.2, 328.2), (1671.8, 307.6), (1695.2, 312.1), (1712.8, 351.0), (1721.1, 368.3), (1757.1, 368.0), (1797.1, 368.0), (1837.1, 322.6), (1877.1, 310.7), (1917.1, 348.7), (1957.1, 324.1), (1997.1, 309.3), (2037.1, 321.7), (2077.1, 368.0), (2117.1, 299.1), (2128.1, 250.6), (2128.1, 224.0), (2128.1, 221.1), (2128.1, 250.8), (2128.1, 314.8), (2134.4, 348.9), (2150.9, 305.1), (2175.4, 330.4), (2208.6, 348.9), (2248.6, 305.1), (2288.6, 330.4), (2328.6, 348.9), (2368.6, 305.1), (2408.6, 330.4), (2448.6, 348.9), (2488.6, 305.1), (2528.6, 330.4), (2568.6, 368.0), (2608.6, 299.1), (2648.6, 250.7), (2672.8, 224.4), (2672.8, 221.8), (2672.8, 251.9), (2675.5, 316.1), (2687.8, 348.9), (2710.2, 285.1), (2740.8, 278.8), (2778.9, 318.5), (2818.9, 348.9), (2858.9, 285.1), (2898.9, 278.8), (2938.9, 318.5), (2978.9, 368.0), (3018.9, 299.1), (3058.9, 250.6), (3098.9, 224.0), (3138.9, 221.1), (3178.9, 250.8), (3218.9, 314.8), (3258.9, 368.0), (3280.8, 307.0), (3280.8, 255.9), (3288.2, 226.4), (3303.8, 220.2), (3327.2, 245.5), (3361.2, 253.2), (3401.2, 189.5), (3441.2, 146.2), (3481.2, 125.3), (3521.2, 129.5), (3561.2, 168.2), (3601.2, 237.5), (3641.2, 310.8), (3664.8, 340.8), (3664.8, 314.5), (3664.8, 311.8), (3664.8, 341.8), (3664.1, 348.9), (3665.9, 285.1), (3675.4, 241.8), (3692.9, 221.0), (3718.4, 225.2), (3751.9, 263.8), (3791.5, 333.1), (3831.5, 369.3), (3856.4, 396.6)]",0,18.1
novice,mario,Mario1-2,Stuck,35,3,196.56,0.969,"[(112.0, 208.0), (116.5, 226.4), (129.0, 280.4), (149.5, 353.8), (180.2, 315.1), (219.0, 264.4), (259.0, 235.1), (299.0, 229.2), (339.0, 240.0), (379.0, 240.0), (419.0, 240.0), (459.0, 240.0), (491.4, 240.0), (524.2, 258.4), (563.7, 312.4), (603.7, 290.8), (643.7, 235.9), (683.7, 203.4), (723.7, 194.0), (763.7, 214.7), (803.7, 211.8), (843.7, 151.9), (883.7, 114.6), (923.7, 100.5), (963.7, 113.5), (1003.7, 162.0), (1043.7, 234.6), (1083.7, 234.3), (1123.7, 177.2), (1163.7, 143.2), (1203.7, 132.3), (1243.7, 149.9), (1283.7, 147.8), (1323.7, 88.3), (1363.7, 89.8), (1403.7, 133.9), (1443.7, 147.8), (1483.7, 87.5), (1523.7, 90.5), (1563.7, 135.6), (1603.7, 207.4), (1643.7, 280.8), (1650.6, 354.1), (1661.1, 319.1), (1679.6, 307.2), (1706.1, 323.9), (1712.4, 336.5), (1712.4, 310.2), (1712.4, 307.6), (1712.4, 337.6), (1716.9, 368.0), (1748.6, 368.3), (1788.6, 368.0), (1828.6, 339.8), (1868.6, 306.5), (1908.6, 335.9), (1948.6, 331.4), (1988.6, 310.8), (2028.6, 315.3), (2068.6, 354.2), (2108.6, 314.7), (2128.8, 262.2), (2128.8, 230.8), (2128.8, 222.6), (2128.8, 244.5), (2128.8, 301.9), (2131.5, 368.0), (2146.0, 304.0), (2168.5, 320.9), (2199.0, 368.0), (2238.6, 304.0), (2278.6, 320.9), (2318.6, 368.0), (2358.6, 304.0), (2398.6, 321.2), (2438.6, 368.0), (2478.6, 304.0), (2518.6, 320.9), (2558.6, 368.0), (2598.6, 299.7), (2638.6, 252.2), (2672.1, 226.6), (2672.1, 224.7), (2672.1, 255.5), (2673.9, 320.2), (2684.1, 348.9), (2704.6, 285.9), (2733.1, 278.8), (2769.6, 318.5), (2809.6, 348.9), (2849.6, 287.1), (2889.6, 279.4), (2929.6, 320.0), (2969.6, 348.9), (3009.6, 285.1), (3049.6, 241.8), (3089.6, 221.0), (3129.6, 225.2), (3169.6, 263.8), (3209.6, 333.1), (3249.6, 331.0), (3280.1, 272.3), (3285.6, 234.4), (3299.1, 219.4), (3320.6, 231.5), (3350.5, 261.4), (3389.8, 195.7), (3429.8, 153.1), (3469.8, 133.5), (3509.8, 139.0), (3549.8, 178.8), (3589.8, 248.8), (3629.8, 322.1), (3664.0, 348.9), (3665.2, 285.4), (3673.8, 244.0), (3690.2, 225.3), (3714.8, 232.5), (3747.2, 274.8), (3786.5, 345.6), (3826.1, 322.6), (3856.1, 266.4), (3861.6, 231.3), (3875.1, 219.1), (3896.6, 235.5), (3926.9, 252.0), (3966.1, 190.2), (4006.1, 151.4), (4046.1, 135.8), (4086.1, 147.3), (4126.1, 194.3), (4166.1, 266.5), (4206.1, 339.9), (4208.8, 331.0), (4216.2, 272.3), (4231.8, 234.4), (4255.2, 219.4), (4286.8, 231.5), (4304.0, 261.4), (4308.5, 195.1), (4321.0, 149.2), (4341.5, 125.4), (4370.0, 126.0), (4406.5, 160.1), (4446.5, 227.0), (4486.5, 300.4), (4526.5, 293.1), (4566.5, 236.3), (4606.5, 202.6), (4646.5, 192.1), (4686.5, 210.1), (4726.5, 220.9), (4766.5, 157.9), (4806.5, 115.8), (4846.5, 96.3), (4886.5, 101.9), (4926.5, 141.9), (4966.5, 208.0), (5006.5, 140.4), (5046.5, 95.8), (5086.5, 82.8), (5126.5, 114.5), (5166.5, 179.9), (5206.5, 253.3), (5246.5, 218.1), (5286.5, 164.5), (5326.5, 132.1), (5366.5, 122.8), (5406.5, 143.7), (5446.5, 200.0), (5486.5, 146.6), (5488.8, 95.6), (5488.8, 84.8), (5488.8, 121.0), (5488.8, 189.1), (5488.0, 153.9), (5488.0, 100.3), (5488.0, 82.8), (5488.0, 114.5), (5488.0, 179.9), (5488.0, 162.0), (5488.0, 105.9), (5488.0, 81.3), (5488.0, 108.6), (5488.0, 170.8), (5488.4, 170.5), (5488.4, 111.8), (5488.4, 80.4), (5488.4, 103.2), (5488.4, 161.6), (5488.4, 179.2), (5488.4, 118.0), (5488.4, 80.0), (5488.4, 98.4), (5488.4, 152.4), (5488.0, 188.3), (5488.0, 124.6), (5488.0, 81.3), (5488.0, 94.2), (5488.0, 143.8), (5488.0, 197.7), (5488.0, 131.4), (5488.0, 85.5), (5488.0, 90.5), (5488.0, 135.6), (5488.0, 207.4), (5488.4, 138.6), (5488.4, 90.1)]",0,27.68
novice,mario,Mario1-2,Stuck,16,5,147.34,0.347,"[(112.0, 208.0), (116.5, 226.4), (129.0, 280.4), (149.5, 353.8), (182.1, 322.9), (222.0, 266.8), (262.0, 231.6), (302.0, 219.5), (342.0, 235.9), (382.0, 179.0), (422.0, 128.0), (462.0, 98.5), (502.0, 92.3), (542.0, 117.6), (582.0, 178.0), (622.0, 251.3), (662.0, 284.9), (702.0, 221.1), (742.0, 177.8), (782.0, 157.0), (822.0, 161.2), (862.0, 199.8), (902.0, 269.1), (942.0, 210.6), (947.5, 159.6), (959.0, 130.1), (978.5, 123.9), (1006.0, 149.1), (1041.5, 209.6), (1081.5, 282.9), (1121.5, 275.8), (1161.5, 214.6), (1201.5, 173.9), (1241.5, 156.0), (1281.5, 164.1), (1321.5, 130.6), (1361.5, 80.0), (1401.5, 97.5), (1441.5, 150.5), (1481.5, 130.6), (1521.5, 80.0), (1561.5, 97.5), (1601.5, 150.5), (1641.5, 223.8), (1648.4, 297.1), (1654.9, 341.2), (1669.4, 312.0), (1691.9, 306.1), (1712.4, 331.6), (1712.0, 348.9), (1712.0, 285.1), (1712.0, 241.8), (1716.5, 221.0), (1729.0, 225.2), (1751.0, 203.1), (1782.5, 144.4), (1821.2, 157.4), (1861.2, 205.9), (1901.2, 220.9), (1941.2, 157.1), (1968.4, 150.8), (1968.4, 190.5), (1968.0, 230.6), (1968.0, 164.3), (1968.0, 148.4), (1968.0, 183.6), (1968.0, 240.4), (1968.4, 171.5), (1968.4, 146.5), (1968.4, 177.2), (1968.4, 240.0), (1968.1, 179.0), (1968.1, 145.1), (1968.1, 171.4), (1968.1, 232.8), (1968.0, 186.8), (1968.0, 144.3), (1968.0, 166.2), (1968.0, 223.6), (1968.8, 194.9), (1968.8, 144.0), (1968.8, 161.5), (1968.8, 214.5), (1968.4, 203.4), (1968.4, 144.7), (1968.4, 157.4), (1968.4, 205.9), (1968.1, 212.2), (1968.1, 150.9), (1968.1, 153.9), (1968.1, 197.9), (1968.0, 221.2), (1968.0, 157.5), (1968.0, 150.8), (1968.0, 190.5), (1968.5, 230.6), (1968.8, 164.3), (1968.8, 148.4)]",0,12.97
novice,mario,Mario1-2,Stuck,1,0,198.12,0.969,"[(112.0, 208.0), (116.5, 226.4), (129.0, 280.4), (149.5, 353.8), (180.2, 314.5), (219.0, 260.9), (259.0, 228.5), (299.0, 219.2), (339.0, 240.0), (379.0, 171.2), (419.0, 122.7), (459.0, 96.1), (499.0, 93.1), (539.0, 122.8), (579.0, 186.8), (619.0, 260.1), (659.0, 275.8), (699.0, 214.6), (739.0, 173.9), (779.0, 156.0), (819.0, 164.1), (859.0, 207.1), (899.0, 203.0), (939.0, 144.3), (979.0, 106.4), (1019.0, 91.4), (1059.0, 103.5), (1099.0, 151.0), (1139.0, 223.4), (1179.0, 296.8), (1219.0, 340.8), (1259.0, 311.6), (1299.0, 305.7), (1339.0, 331.3), (1379.0, 348.9), (1419.0, 285.1), (1424.4, 241.8), (1424.4, 254.2), (1424.4, 303.8), (1430.9, 368.0), (1448.4, 304.0), (1473.9, 320.9), (1507.4, 368.0), (1547.4, 304.0), (1587.4, 320.9), (1627.4, 358.1), (1667.4, 326.0), (1707.4, 317.0), (1712.4, 338.1), (1716.9, 368.0), (1748.6, 368.3), (1788.6, 368.0), (1828.6, 339.8), (1868.6, 306.5), (1908.6, 335.9), (1948.6, 331.4), (1988.6, 310.8), (2028.6, 315.3), (2068.6, 354.2), (2108.6, 314.5), (2128.8, 260.9), (2128.8, 228.5), (2128.8, 219.2), (2128.8, 240.0), (2128.8, 296.4), (2131.5, 368.0), (2146.0, 304.0), (2168.5, 320.9), (2199.0, 368.0), (2238.6, 304.0), (2278.6, 320.9), (2318.6, 368.0), (2358.6, 304.0), (2398.6, 320.9), (2438.6, 368.0), (2478.6, 304.0), (2518.6, 320.9), (2558.6, 368.0), (2598.6, 299.1), (2638.6, 250.6), (2672.1, 224.0), (2672.1, 221.1), (2672.1, 250.8), (2673.9, 314.8), (2684.1, 348.9), (2704.6, 285.1), (2733.1, 278.8), (2769.6, 318.5), (2809.6, 348.9), (2849.6, 285.1), (2889.6, 278.8), (2929.6, 318.5), (2969.6, 348.9), (3009.6, 285.1), (3049.6, 241.8), (3089.6, 221.0), (3129.6, 225.2), (3169.6, 263.8), (3209.6, 333.1), (3249.6, 331.0), (3280.1, 272.3), (3285.6, 234.4), (3299.1, 219.4), (3320.6, 231.5), (3350.5, 261.4), (3389.8, 195.1), (3429.8, 149.2), (3469.8, 125.4), (3509.8, 126.0), (3549.8, 160.1), (3589.8, 227.0), (3629.8, 300.4), (3664.0, 368.0), (3664.4, 299.1), (3670.9, 250.6), (3685.4, 224.0), (3707.9, 221.1), (3738.4, 250.8), (3776.5, 314.8), (3816.5, 348.9), (3856.5, 285.1), (3859.5, 241.8), (3871.0, 221.0), (3890.5, 225.2), (3918.0, 263.8), (3955.8, 209.8), (3995.8, 158.7), (4035.8, 129.2), (4075.8, 123.0), (4115.8, 148.3), (4155.8, 208.7), (4195.8, 282.0), (4235.8, 316.9), (4242.6, 253.1), (4253.1, 209.8), (4271.6, 189.0), (4298.1, 193.2), (4332.6, 231.8), (4372.5, 186.5), (4412.5, 132.9), (4452.5, 100.5), (4492.5, 91.2), (4532.5, 112.0), (4572.5, 168.4), (4612.5, 241.8), (4624.1, 315.1), (4630.4, 348.9), (4646.9, 305.1), (4671.4, 330.4), (4704.6, 348.9), (4744.6, 305.1), (4784.6, 330.4), (4824.6, 348.9), (4864.6, 285.1), (4904.6, 241.8), (4944.6, 221.0), (4984.6, 202.0), (5024.6, 138.2), (5064.6, 94.9), (5104.6, 82.8), (5144.6, 114.5), (5184.6, 179.9), (5224.6, 253.3), (5264.6, 218.1), (5304.6, 164.5), (5344.6, 132.1), (5384.6, 122.8), (5424.6, 143.7), (5464.6, 200.0), (5488.8, 146.6), (5488.8, 95.6), (5488.8, 84.8), (5488.8, 121.0), (5488.8, 189.1), (5488.0, 153.9), (5488.0, 100.3), (5488.0, 82.8), (5488.0, 114.5), (5488.0, 179.9), (5488.0, 162.0), (5488.0, 105.9), (5488.0, 81.3), (5488.0, 108.6), (5488.0, 170.8), (5488.4, 170.5), (5488.4, 111.8), (5488.4, 80.4), (5488.4, 103.2), (5488.4, 161.6), (5488.4, 179.2), (5488.4, 118.0), (5488.4, 80.0), (5488.4, 98.4), (5488.4, 152.4), (5488.0, 188.3), (5488.0, 124.6), (5488.0, 81.3), (5488.0, 94.2), (5488.0, 143.8), (5488.0, 197.7), (5488.0, 131.4), (5488.0, 85.5), (5488.0, 90.5), (5488.0, 135.6), (5488.0, 207.4), (5488.4, 138.6), (5488.4, 90.1)]",0,27.48
novice,mario,Mario1-2,Stuck,2,0,196.46,0.969,"[(112.0, 208.0), (116.5, 226.4), (129.0, 280.4), (149.5, 353.8), (180.2, 314.5), (219.0, 260.9), (259.0, 228.5), (299.0, 219.2), (339.0, 240.0), (379.0, 171.2), (419.0, 122.7), (459.0, 96.1), (499.0, 93.1), (539.0, 122.8), (579.0, 186.8), (619.0, 260.1), (659.0, 275.8), (699.0, 214.6), (739.0, 173.9), (779.0, 156.0), (819.0, 164.1), (859.0, 207.1), (899.0, 203.0), (939.0, 144.3), (979.0, 106.4), (1019.0, 91.4), (1059.0, 103.5), (1099.0, 151.0), (1139.0, 223.4), (1179.0, 296.8), (1219.0, 340.8), (1259.0, 311.6), (1299.0, 305.7), (1339.0, 331.3), (1379.0, 348.9), (1419.0, 285.1), (1424.4, 241.8), (1424.4, 254.2), (1424.4, 303.8), (1430.9, 368.0), (1448.4, 304.0), (1473.9, 320.9), (1507.4, 368.0), (1547.4, 304.0), (1587.4, 320.9), (1627.4, 358.1), (1667.4, 326.0), (1707.4, 317.0), (1712.4, 338.1), (1716.9, 368.0), (1748.6, 368.3), (1788.6, 368.0), (1828.6, 339.8), (1868.6, 306.5), (1908.6, 335.9), (1948.6, 331.4), (1988.6, 310.8), (2028.6, 315.3), (2068.6, 354.2), (2108.6, 314.5), (2128.8, 261.1), (2128.8, 229.8), (2128.8, 221.6), (2128.8, 243.4), (2128.8, 300.8), (2131.5, 368.0), (2146.0, 304.0), (2168.5, 320.9), (2199.0, 368.0), (2238.6, 304.0), (2278.6, 320.9), (2318.6, 368.0), (2358.6, 304.0), (2398.6, 320.9), (2438.6, 368.0), (2478.6, 304.0), (2518.6, 320.9), (2558.6, 368.0), (2598.6, 299.1), (2638.6, 250.6), (2671.9, 224.0), (2671.6, 221.1), (2670.9, 250.8), (2674.4, 314.8), (2686.6, 348.9), (2709.1, 285.1), (2739.6, 278.8), (2777.8, 318.5), (2817.8, 348.9), (2857.8, 285.1), (2897.8, 278.8), (2937.8, 318.5), (2977.8, 348.9), (3017.8, 285.1), (3057.8, 241.8), (3097.8, 221.0), (3137.8, 225.2), (3177.8, 263.8), (3217.8, 333.1), (3257.8, 331.0), (3280.8, 272.3), (3288.2, 234.4), (3303.8, 219.4), (3327.2, 231.5), (3359.1, 261.4), (3399.0, 195.1), (3439.0, 149.2), (3479.0, 125.4), (3519.0, 126.0), (3559.0, 160.1), (3599.0, 227.0), (3639.0, 300.4), (3664.0, 368.0), (3663.0, 299.4), (3668.5, 251.2), (3682.0, 224.9), (3703.5, 222.3), (3733.0, 252.3), (3770.4, 316.4), (3810.4, 348.9), (3850.4, 285.1), (3858.6, 241.8), (3869.1, 221.0), (3887.6, 225.2), (3914.1, 263.8), (3951.1, 209.8), (3991.1, 158.7), (4031.1, 129.2), (4071.1, 123.0), (4111.1, 148.3), (4151.1, 208.7), (4191.1, 282.0), (4231.1, 316.9), (4242.6, 253.1), (4253.1, 209.8), (4271.6, 189.0), (4298.1, 193.2), (4332.6, 231.8), (4372.5, 186.5), (4412.5, 132.9), (4452.5, 100.5), (4492.5, 91.2), (4532.5, 112.0), (4572.5, 168.4), (4612.5, 241.8), (4624.4, 315.1), (4631.6, 348.9), (4649.1, 305.1), (4674.6, 330.4), (4708.9, 348.9), (4748.9, 305.1), (4788.9, 330.4), (4828.9, 348.9), (4868.9, 285.1), (4908.9, 241.8), (4948.9, 221.0), (4988.9, 202.0), (5028.9, 138.2), (5068.9, 94.9), (5108.9, 82.8), (5148.9, 114.5), (5188.9, 179.9), (5228.9, 253.3), (5268.9, 218.1), (5308.9, 164.5), (5348.9, 132.1), (5388.9, 122.8), (5428.9, 143.7), (5468.9, 200.0), (5488.0, 146.6), (5488.0, 95.6), (5488.0, 84.8), (5488.7, 121.0), (5488.7, 189.1), (5488.4, 153.9), (5488.9, 100.3), (5488.8, 82.8), (5488.0, 114.5), (5488.0, 179.9), (5487.0, 162.2), (5485.8, 106.4), (5488.1, 81.3), (5488.0, 108.6), (5488.0, 170.8), (5487.6, 170.6), (5485.9, 112.2), (5488.4, 80.4), (5488.8, 103.2), (5488.0, 161.6), (5488.1, 179.2), (5487.6, 118.0), (5488.0, 80.0), (5488.0, 98.4), (5488.0, 152.4), (5487.9, 188.4), (5486.1, 124.9), (5487.6, 81.9), (5488.4, 94.2), (5488.0, 143.8), (5488.0, 197.8), (5486.8, 131.7), (5486.5, 86.1), (5488.0, 90.5), (5488.0, 135.6), (5488.0, 207.4), (5487.6, 138.6), (5487.6, 90.1)]",0,27.47
novice,mario,Mario1-2,Stuck,1,0,198.12,0.969,"[(112.0, 208.0), (116.5, 226.4), (129.0, 280.4), (149.5, 353.8), (180.2, 314.5), (219.0, 260.9), (259.0, 228.5), (299.0, 219.2), (339.0, 240.0), (379.0, 171.2), (419.0, 122.7), (459.0, 96.1), (499.0, 93.1), (539.0, 122.8), (579.0, 186.8), (619.0, 260.1), (659.0, 275.8), (699.0, 214.6), (739.0, 173.9), (779.0, 156.0), (819.0, 164.1), (859.0, 207.1), (899.0, 203.0), (939.0, 144.3), (979.0, 106.4), (1019.0, 91.4), (1059.0, 103.5), (1099.0, 151.0), (1139.0, 223.4), (1179.0, 296.8), (1219.0, 340.8), (1259.0, 311.6), (1299.0, 305.7), (1339.0, 331.3), (1379.0, 348.9), (1419.0, 285.1), (1424.4, 241.8), (1424.4, 254.2), (1424.4, 303.8), (1430.9, 368.0), (1448.4, 304.0), (1473.9, 320.9), (1507.4, 368.0), (1547.4, 304.0), (1587.4, 320.9), (1627.4, 358.1), (1667.4, 326.0), (1707.4, 317.0), (1712.4, 338.1), (1716.9, 368.0), (1748.6, 368.3), (1788.6, 368.0), (1828.6, 339.8), (1868.6, 306.5), (1908.6, 335.9), (1948.6, 331.4), (1988.6, 310.8), (2028.6, 315.3), (2068.6, 354.2), (2108.6, 314.5), (2128.8, 260.9), (2128.8, 228.5), (2128.8, 219.2), (2128.8, 240.0), (2128.8, 296.4), (2131.5, 368.0), (2146.0, 304.0), (2168.5, 320.9), (2199.0, 368.0), (2238.6, 304.0), (2278.6, 320.9), (2318.6, 368.0), (2358.6, 304.0), (2398.6, 320.9), (2438.6, 368.0), (2478.6, 304.0), (2518.6, 320.9), (2558.6, 368.0), (2598.6, 299.1), (2638.6, 250.6), (2672.1, 224.0), (2672.1, 221.1), (2672.1, 250.8), (2673.9, 314.8), (2684.1, 348.9), (2704.6, 285.1), (2733.1, 278.8), (2769.6, 318.5), (2809.6, 348.9), (2849.6, 285.1), (2889.6, 278.8), (2929.6, 318.5), (2969.6, 348.9), (3009.6, 285.1), (3049.6, 241.8), (3089.6, 221.0), (3129.6, 225.2), (3169.6, 263.8), (3209.6, 333.1), (3249.6, 331.0), (3280.1, 272.3), (3285.6, 234.4), (3299.1, 219.4), (3320.6, 231.5), (3350.5, 261.4), (3389.8, 195.1), (3429.8, 149.2), (3469.8, 125.4), (3509.8, 126.0), (3549.8, 160.1), (3589.8, 227.0), (3629.8, 300.4), (3664.0, 368.0), (3664.4, 299.1), (3670.9, 250.6), (3685.4, 224.0), (3707.9, 221.1), (3738.4, 250.8), (3776.5, 314.8), (3816.5, 348.9), (3856.5, 285.1), (3859.5, 241.8), (3871.0, 221.0), (3890.5, 225.2), (3918.0, 263.8), (3955.8, 209.8), (3995.8, 158.7), (4035.8, 129.2), (4075.8, 123.0), (4115.8, 148.3), (4155.8, 208.7), (4195.8, 282.0), (4235.8, 316.9), (4242.6, 253.1), (4253.1, 209.8), (4271.6, 189.0), (4298.1, 193.2), (4332.6, 231.8), (4372.5, 186.5), (4412.5, 132.9), (4452.5, 100.5), (4492.5, 91.2), (4532.5, 112.0), (4572.5, 168.4), (4612.5, 241.8), (4624.1, 315.1), (4630.4, 348.9), (4646.9, 305.1), (4671.4, 330.4), (4704.6, 348.9), (4744.6, 305.1), (4784.6, 330.4), (4824.6, 348.9), (4864.6, 285.1), (4904.6, 241.8), (4944.6, 221.0), (4984.6, 202.0), (5024.6, 138.2), (5064.6, 94.9), (5104.6, 82.8), (5144.6, 114.5), (5184.6, 179.9), (5224.6, 253.3), (5264.6, 218.1), (5304.6, 164.5), (5344.6, 132.1), (5384.6, 122.8), (5424.6, 143.7), (5464.6, 200.0), (5488.8, 146.6), (5488.8, 95.6), (5488.8, 84.8), (5488.8, 121.0), (5488.8, 189.1), (5488.0, 153.9), (5488.0, 100.3), (5488.0, 82.8), (5488.0, 114.5), (5488.0, 179.9), (5488.0, 162.0), (5488.0, 105.9), (5488.0, 81.3), (5488.0, 108.6), (5488.0, 170.8), (5488.4, 170.5), (5488.4, 111.8), (5488.4, 80.4), (5488.4, 103.2), (5488.4, 161.6), (5488.4, 179.2), (5488.4, 118.0), (5488.4, 80.0), (5488.4, 98.4), (5488.4, 152.4), (5488.0, 188.3), (5488.0, 124.6), (5488.0, 81.3), (5488.0, 94.2), (5488.0, 143.8), (5488.0, 197.7), (5488.0, 131.4), (5488.0, 85.5), (5488.0, 90.5), (5488.0, 135.6), (5488.0, 207.4), (5488.4, 138.6), (5488.4, 90.1)]",0,27.48
novice,mario,Mario1-2,Stuck,35,3,196.56,0.969,"[(112.0, 208.0), (116.5, 226.4), (129.0, 280.4), (149.5, 353.8), (180.2, 315.1), (219.0, 264.4), (259.0, 235.1), (299.0, 229.2), (339.0, 240.0), (379.0, 240.0), (419.0, 240.0), (459.0, 240.0), (491.4, 240.0), (524.2, 258.4), (563.7, 312.4), (603.7, 290.8), (643.7, 235.9), (683.7, 203.4), (723.7, 194.0), (763.7, 214.7), (803.7, 211.8), (843.7, 151.9), (883.7, 114.6), (923.7, 100.5), (963.7, 113.5), (1003.7, 162.0), (1043.7, 234.6), (1083.7, 234.3), (1123.7, 177.2), (1163.7, 143.2), (1203.7, 132.3), (1243.7, 149.9), (1283.7, 147.8), (1323.7, 88.3), (1363.7, 89.8), (1403.7, 133.9), (1443.7, 147.8), (1483.7, 87.5), (1523.7, 90.5), (1563.7, 135.6), (1603.7, 207.4), (1643.7, 280.8), (1650.6, 354.1), (1661.1, 319.1), (1679.6, 307.2), (1706.1, 323.9), (1712.4, 336.5), (1712.4, 310.2), (1712.4, 307.6), (1712.4, 337.6), (1716.9, 368.0), (1748.6, 368.3), (1788.6, 368.0), (1828.6, 339.8), (1868.6, 306.5), (1908.6, 335.9), (1948.6, 331.4), (1988.6, 310.8), (2028.6, 315.3), (2068.6, 354.2), (2108.6, 314.7), (2128.8, 262.2), (2128.8, 230.8), (2128.8, 222.6), (2128.8, 244.5), (2128.8, 301.9), (2131.5, 368.0), (2146.0, 304.0), (2168.5, 320.9), (2199.0, 368.0), (2238.6, 304.0), (2278.6, 320.9), (2318.6, 368.0), (2358.6, 304.0), (2398.6, 321.2), (2438.6, 368.0), (2478.6, 304.0), (2518.6, 320.9), (2558.6, 368.0), (2598.6, 299.7), (2638.6, 252.2), (2672.1, 226.6), (2672.1, 224.7), (2672.1, 255.5), (2673.9, 320.2), (2684.1, 348.9), (2704.6, 285.9), (2733.1, 278.8), (2769.6, 318.5), (2809.6, 348.9), (2849.6, 287.1), (2889.6, 279.4), (2929.6, 320.0), (2969.6, 348.9), (3009.6, 285.1), (3049.6, 241.8), (3089.6, 221.0), (3129.6, 225.2), (3169.6, 263.8), (3209.6, 333.1), (3249.6, 331.0), (3280.1, 272.3), (3285.6, 234.4), (3299.1, 219.4), (3320.6, 231.5), (3350.5, 261.4), (3389.8, 195.7), (3429.8, 153.1), (3469.8, 133.5), (3509.8, 139.0), (3549.8, 178.8), (3589.8, 248.8), (3629.8, 322.1), (3664.0, 348.9), (3665.2, 285.4), (3673.8, 244.0), (3690.2, 225.3), (3714.8, 232.5), (3747.2, 274.8), (3786.5, 345.6), (3826.1, 322.6), (3856.1, 266.4), (3861.6, 231.3), (3875.1, 219.1), (3896.6, 235.5), (3926.9, 252.0), (3966.1, 190.2), (4006.1, 151.4), (4046.1, 135.8), (4086.1, 147.3), (4126.1, 194.3), (4166.1, 266.5), (4206.1, 339.9), (4208.8, 331.0), (4216.2, 272.3), (4231.8, 234.4), (4255.2, 219.4), (4286.8, 231.5), (4304.0, 261.4), (4308.5, 195.1), (4321.0, 149.2), (4341.5, 125.4), (4370.0, 126.0), (4406.5, 160.1), (4446.5, 227.0), (4486.5, 300.4), (4526.5, 293.1), (4566.5, 236.3), (4606.5, 202.6), (4646.5, 192.1), (4686.5, 210.1), (4726.5, 220.9), (4766.5, 157.9), (4806.5, 115.8), (4846.5, 96.3), (4886.5, 101.9), (4926.5, 141.9), (4966.5, 208.0), (5006.5, 140.4), (5046.5, 95.8), (5086.5, 82.8), (5126.5, 114.5), (5166.5, 179.9), (5206.5, 253.3), (5246.5, 218.1), (5286.5, 164.5), (5326.5, 132.1), (5366.5, 122.8), (5406.5, 143.7), (5446.5, 200.0), (5486.5, 146.6), (5488.8, 95.6), (5488.8, 84.8), (5488.8, 121.0), (5488.8, 189.1), (5488.0, 153.9), (5488.0, 100.3), (5488.0, 82.8), (5488.0, 114.5), (5488.0, 179.9), (5488.0, 162.0), (5488.0, 105.9), (5488.0, 81.3), (5488.0, 108.6), (5488.0, 170.8), (5488.4, 170.5), (5488.4, 111.8), (5488.4, 80.4), (5488.4, 103.2), (5488.4, 161.6), (5488.4, 179.2), (5488.4, 118.0), (5488.4, 80.0), (5488.4, 98.4), (5488.4, 152.4), (5488.0, 188.3), (5488.0, 124.6), (5488.0, 81.3), (5488.0, 94.2), (5488.0, 143.8), (5488.0, 197.7), (5488.0, 131.4), (5488.0, 85.5), (5488.0, 90.5), (5488.0, 135.6), (5488.0, 207.4), (5488.4, 138.6), (5488.4, 90.1)]",0,27.68
novice,mario,Mario1-2,Stuck,4,0,198.17,0.969,"[(112.0, 208.0), (116.5, 226.4), (129.0, 280.4), (149.5, 353.8), (180.2, 314.5), (219.0, 260.9), (259.0, 228.5), (299.0, 219.2), (339.0, 240.0), (379.0, 171.2), (419.0, 122.7), (459.0, 96.1), (499.0, 93.1), (539.0, 122.8), (579.0, 186.8), (619.0, 260.1), (659.0, 275.8), (699.0, 214.6), (739.0, 173.9), (779.0, 156.0), (819.0, 164.1), (859.0, 207.1), (899.0, 203.0), (939.0, 144.3), (979.0, 106.4), (1019.0, 91.4), (1059.0, 103.5), (1099.0, 151.0), (1139.0, 223.4), (1179.0, 296.8), (1219.0, 340.8), (1259.0, 311.6), (1299.0, 305.7), (1339.0, 331.3), (1379.0, 348.9), (1419.0, 285.1), (1424.4, 241.8), (1424.4, 254.2), (1424.4, 303.8), (1430.9, 368.0), (1448.4, 304.0), (1473.9, 320.9), (1507.4, 368.0), (1547.4, 304.0), (1587.4, 320.9), (1627.4, 358.1), (1667.4, 326.0), (1707.4, 317.0), (1712.4, 338.1), (1716.9, 368.0), (1748.6, 368.3), (1788.6, 368.0), (1828.6, 339.8), (1868.6, 306.5), (1908.6, 335.9), (1948.6, 331.4), (1988.6, 310.8), (2028.6, 315.3), (2068.6, 354.2), (2108.6, 314.5), (2128.8, 260.9), (2128.8, 228.5), (2128.8, 219.2), (2128.8, 240.0), (2128.8, 296.4), (2131.5, 368.0), (2146.0, 304.0), (2168.5, 320.9), (2199.0, 368.0), (2238.6, 304.0), (2278.6, 320.9), (2318.6, 368.0), (2358.6, 304.0), (2398.6, 320.9), (2438.6, 368.0), (2478.6, 304.0), (2518.6, 320.9), (2558.6, 368.0), (2598.1, 299.1), (2638.1, 250.6), (2672.1, 224.0), (2672.1, 221.1), (2672.1, 250.8), (2673.9, 314.8), (2684.1, 348.9), (2704.6, 285.1), (2733.1, 278.8), (2769.6, 318.5), (2809.6, 348.9), (2849.6, 285.1), (2889.6, 278.8), (2929.6, 318.5), (2969.6, 348.9), (3009.6, 285.1), (3049.6, 241.8), (3089.6, 221.0), (3129.6, 225.2), (3169.6, 263.8), (3209.6, 333.1), (3249.6, 331.0), (3280.1, 272.3), (3285.6, 234.4), (3299.1, 219.4), (3320.6, 231.5), (3350.5, 261.4), (3389.8, 195.1), (3429.8, 149.2), (3469.8, 125.4), (3509.8, 126.0), (3549.8, 160.1), (3589.8, 227.0), (3629.8, 300.4), (3664.0, 368.0), (3664.4, 299.5), (3670.9, 251.3), (3685.4, 225.1), (3707.9, 222.5), (3738.4, 252.5), (3776.5, 316.8), (3816.4, 348.9), (3856.0, 285.1), (3859.5, 241.8), (3871.0, 221.0), (3890.5, 225.2), (3918.0, 263.8), (3955.8, 209.8), (3995.8, 158.7), (4035.8, 129.2), (4075.8, 123.0), (4115.8, 148.3), (4155.8, 208.7), (4195.8, 282.0), (4235.8, 317.0), (4242.6, 253.9), (4253.1, 211.3), (4271.6, 191.2), (4298.1, 196.1), (4332.6, 235.4), (4372.5, 178.6), (4412.5, 127.6), (4452.5, 98.1), (4492.5, 91.9), (4532.5, 117.1), (4572.5, 177.6), (4612.5, 250.9), (4625.9, 324.3), (4636.5, 339.8), (4657.0, 306.5), (4685.5, 335.9), (4722.4, 339.8), (4762.4, 306.5), (4802.4, 335.9), (4842.4, 339.8), (4882.4, 278.6), (4922.4, 237.9), (4962.4, 220.0), (5002.4, 192.9), (5042.4, 131.7), (5082.4, 91.0), (5122.4, 84.8), (5162.4, 121.0), (5202.4, 189.1), (5242.4, 262.4), (5282.4, 210.3), (5322.4, 159.2), (5362.4, 129.7), (5402.4, 123.5), (5442.4, 148.8), (5482.4, 208.0), (5488.4, 139.1), (5488.4, 90.6), (5488.4, 87.4), (5488.4, 128.0), (5488.4, 198.3), (5488.4, 146.1), (5488.4, 95.0), (5488.4, 84.8), (5488.4, 121.0), (5488.4, 189.1), (5488.0, 153.9), (5488.0, 100.3), (5488.0, 82.8), (5488.0, 114.5), (5488.0, 179.9), (5488.0, 162.0), (5488.0, 105.9), (5488.0, 81.3), (5488.0, 108.6), (5488.0, 170.8), (5488.4, 170.5), (5488.4, 111.8), (5488.4, 80.4), (5488.4, 103.2), (5488.4, 161.6), (5488.4, 179.2), (5488.4, 118.0), (5488.4, 80.0), (5488.4, 98.4), (5488.4, 152.4), (5488.0, 188.3), (5488.0, 124.6), (5488.0, 81.3), (5488.0, 94.2), (5488.0, 143.8), (5488.0, 197.7), (5488.0, 131.4), (5488.0, 85.5)]",0,27.48
novice,mario,Mario1-2,Stuck,1,0,198.12,0.969,"[(112.0, 208.0), (116.5, 226.4), (129.0, 280.4), (149.5, 353.8), (180.2, 314.5), (219.0, 260.9), (259.0, 228.5), (299.0, 219.2), (339.0, 240.0), (379.0, 171.2), (419.0, 122.7), (459.0, 96.1), (499.0, 93.1), (539.0, 122.8), (579.0, 186.8), (619.0, 260.1), (659.0, 275.8), (699.0, 214.6), (739.0, 173.9), (779.0, 156.0), (819.0, 164.1), (859.0, 207.1), (899.0, 203.0), (939.0, 144.3), (979.0, 106.4), (1019.0, 91.4), (1059.0, 103.5), (1099.0, 151.0), (1139.0, 223.4), (1179.0, 296.8), (1219.0, 340.8), (1259.0, 311.6), (1299.0, 305.7), (1339.0, 331.3), (1379.0, 348.9), (1419.0, 285.1), (1424.4, 241.8), (1424.4, 254.2), (1424.4, 303.8), (1430.9, 368.0), (1448.4, 304.0), (1473.9, 320.9), (1507.4, 368.0), (1547.4, 304.0), (1587.4, 320.9), (1627.4, 358.1), (1667.4, 326.0), (1707.4, 317.0), (1712.4, 338.1), (1716.9, 368.0), (1748.6, 368.3), (1788.6, 368.0), (1828.6, 339.8), (1868.6, 306.5), (1908.6, 335.9), (1948.6, 331.4), (1988.6, 310.8), (2028.6, 315.3), (2068.6, 354.2), (2108.6, 314.5), (2128.8, 260.9), (2128.8, 228.5), (2128.8, 219.2), (2128.8, 240.0), (2128.8, 296.4), (2131.5, 368.0), (2146.0, 304.0), (2168.5, 320.9), (2199.0, 368.0), (2238.6, 304.0), (2278.6, 320.9), (2318.6, 368.0), (2358.6, 304.0), (2398.6, 320.9), (2438.6, 368.0), (2478.6, 304.0), (2518.6, 320.9), (2558.6, 368.0), (2598.6, 299.1), (2638.6, 250.6), (2672.1, 224.0), (2672.1, 221.1), (2672.1, 250.8), (2673.9, 314.8), (2684.1, 348.9), (2704.6, 285.1), (2733.1, 278.8), (2769.6, 318.5), (2809.6, 348.9), (2849.6, 285.1), (2889.6, 278.8), (2929.6, 318.5), (2969.6, 348.9), (3009.6, 285.1), (3049.6, 241.8), (3089.6, 221.0), (3129.6, 225.2), (3169.6, 263.8), (3209.6, 333.1), (3249.6, 331.0), (3280.1, 272.3), (3285.6, 234.4), (3299.1, 219.4), (3320.6, 231.5), (3350.5, 261.4), (3389.8, 195.1), (3429.8, 149.2), (3469.8, 125.4), (3509.8, 126.0), (3549.8, 160.1), (3589.8, 227.0), (3629.8, 300.4), (3664.0, 368.0), (3664.4, 299.1), (3670.9, 250.6), (3685.4, 224.0), (3707.9, 221.1), (3738.4, 250.8), (3776.5, 314.8), (3816.5, 348.9), (3856.5, 285.1), (3859.5, 241.8), (3871.0, 221.0), (3890.5, 225.2), (3918.0, 263.8), (3955.8, 209.8), (3995.8, 158.7), (4035.8, 129.2), (4075.8, 123.0), (4115.8, 148.3), (4155.8, 208.7), (4195.8, 282.0), (4235.8, 316.9), (4242.6, 253.1), (4253.1, 209.8), (4271.6, 189.0), (4298.1, 193.2), (4332.6, 231.8), (4372.5, 186.5), (4412.5, 132.9), (4452.5, 100.5), (4492.5, 91.2), (4532.5, 112.0), (4572.5, 168.4), (4612.5, 241.8), (4624.1, 315.1), (4630.4, 348.9), (4646.9, 305.1), (4671.4, 330.4), (4704.6, 348.9), (4744.6, 305.1), (4784.6, 330.4), (4824.6, 348.9), (4864.6, 285.1), (4904.6, 241.8), (4944.6, 221.0), (4984.6, 202.0), (5024.6, 138.2), (5064.6, 94.9), (5104.6, 82.8), (5144.6, 114.5), (5184.6, 179.9), (5224.6, 253.3), (5264.6, 218.1), (5304.6, 164.5), (5344.6, 132.1), (5384.6, 122.8), (5424.6, 143.7), (5464.6, 200.0), (5488.8, 146.6), (5488.8, 95.6), (5488.8, 84.8), (5488.8, 121.0), (5488.8, 189.1), (5488.0, 153.9), (5488.0, 100.3), (5488.0, 82.8), (5488.0, 114.5), (5488.0, 179.9), (5488.0, 162.0), (5488.0, 105.9), (5488.0, 81.3), (5488.0, 108.6), (5488.0, 170.8), (5488.4, 170.5), (5488.4, 111.8), (5488.4, 80.4), (5488.4, 103.2), (5488.4, 161.6), (5488.4, 179.2), (5488.4, 118.0), (5488.4, 80.0), (5488.4, 98.4), (5488.4, 152.4), (5488.0, 188.3), (5488.0, 124.6), (5488.0, 81.3), (5488.0, 94.2), (5488.0, 143.8), (5488.0, 197.7), (5488.0, 131.4), (5488.0, 85.5), (5488.0, 90.5), (5488.0, 135.6), (5488.0, 207.4), (5488.4, 138.6), (5488.4, 90.1)]",0,27.48
novice,mario,Mario1-2,Stuck,0,0,0.0,0.02,"[(112.0, 208.0), (112.0, 226.4), (112.0, 280.4), (112.0, 353.8), (112.0, 368.0), (112.0, 368.0), (112.0, 368.0), (112.0, 368.0), (112.0, 368.0), (112.0, 368.0), (112.0, 368.0), (112.0, 368.0), (112.0, 368.0), (112.0, 368.0), (112.0, 368.0), (112.0, 368.0), (112.0, 368.0), (112.0, 368.0), (112.0, 368.0), (112.0, 368.0), (112.0, 368.0), (112.0, 368.0), (112.0, 368.0), (112.0, 368.0), (112.0, 368.0), (112.0, 368.0), (112.0, 368.0), (112.0, 368.0), (112.0, 368.0), (112.0, 368.0), (112.0, 368.0), (112.0, 368.0), (112.0, 368.0), (112.0, 368.0), (112.0, 368.0), (112.0, 368.0), (112.0, 368.0), (112.0, 368.0)]",0,5.02
novice,mario,Mario1-2,Stuck,1,0,198.12,0.969,"[(112.0, 208.0), (116.5, 226.4), (129.0, 280.4), (149.5, 353.8), (180.2, 314.5), (219.0, 260.9), (259.0, 228.5), (299.0, 219.2), (339.0, 240.0), (379.0, 171.2), (419.0, 122.7), (459.0, 96.1), (499.0, 93.1), (539.0, 122.8), (579.0, 186.8), (619.0, 260.1), (659.0, 275.8), (699.0, 214.6), (739.0, 173.9), (779.0, 156.0), (819.0, 164.1), (859.0, 207.1), (899.0, 203.0), (939.0, 144.3), (979.0, 106.4), (1019.0, 91.4), (1059.0, 103.5), (1099.0, 151.0), (1139.0, 223.4), (1179.0, 296.8), (1219.0, 340.8), (1259.0, 311.6), (1299.0, 305.7), (1339.0, 331.3), (1379.0, 348.9), (1419.0, 285.1), (1424.4, 241.8), (1424.4, 254.2), (1424.4, 303.8), (1430.9, 368.0), (1448.4, 304.0), (1473.9, 320.9), (1507.4, 368.0), (1547.4, 304.0), (1587.4, 320.9), (1627.4, 358.1), (1667.4, 326.0), (1707.4, 317.0), (1712.4, 338.1), (1716.9, 368.0), (1748.6, 368.3), (1788.6, 368.0), (1828.6, 339.8), (1868.6, 306.5), (1908.6, 335.9), (1948.6, 331.4), (1988.6, 310.8), (2028.6, 315.3), (2068.6, 354.2), (2108.6, 314.5), (2128.8, 260.9), (2128.8, 228.5), (2128.8, 219.2), (2128.8, 240.0), (2128.8, 296.4), (2131.5, 368.0), (2146.0, 304.0), (2168.5, 320.9), (2199.0, 368.0), (2238.6, 304.0), (2278.6, 320.9), (2318.6, 368.0), (2358.6, 304.0), (2398.6, 320.9), (2438.6, 368.0), (2478.6, 304.0), (2518.6, 320.9), (2558.6, 368.0), (2598.6, 299.1), (2638.6, 250.6), (2672.1, 224.0), (2672.1, 221.1), (2672.1, 250.8), (2673.9, 314.8), (2684.1, 348.9), (2704.6, 285.1), (2733.1, 278.8), (2769.6, 318.5), (2809.6, 348.9), (2849.6, 285.1), (2889.6, 278.8), (2929.6, 318.5), (2969.6, 348.9), (3009.6, 285.1), (3049.6, 241.8), (3089.6, 221.0), (3129.6, 225.2), (3169.6, 263.8), (3209.6, 333.1), (3249.6, 331.0), (3280.1, 272.3), (3285.6, 234.4), (3299.1, 219.4), (3320.6, 231.5), (3350.5, 261.4), (3389.8, 195.1), (3429.8, 149.2), (3469.8, 125.4), (3509.8, 126.0), (3549.8, 160.1), (3589.8, 227.0), (3629.8, 300.4), (3664.0, 368.0), (3664.4, 299.1), (3670.9, 250.6), (3685.4, 224.0), (3707.9, 221.1), (3738.4, 250.8), (3776.5, 314.8), (3816.5, 348.9), (3856.5, 285.1), (3859.5, 241.8), (3871.0, 221.0), (3890.5, 225.2), (3918.0, 263.8), (3955.8, 209.8), (3995.8, 158.7), (4035.8, 129.2), (4075.8, 123.0), (4115.8, 148.3), (4155.8, 208.7), (4195.8, 282.0), (4235.8, 316.9), (4242.6, 253.1), (4253.1, 209.8), (4271.6, 189.0), (4298.1, 193.2), (4332.6, 231.8), (4372.5, 186.5), (4412.5, 132.9), (4452.5, 100.5), (4492.5, 91.2), (4532.5, 112.0), (4572.5, 168.4), (4612.5, 241.8), (4624.1, 315.1), (4630.4, 348.9), (4646.9, 305.1), (4671.4, 330.4), (4704.6, 348.9), (4744.6, 305.1), (4784.6, 330.4), (4824.6, 348.9), (4864.6, 285.1), (4904.6, 241.8), (4944.6, 221.0), (4984.6, 202.0), (5024.6, 138.2), (5064.6, 94.9), (5104.6, 82.8), (5144.6, 114.5), (5184.6, 179.9), (5224.6, 253.3), (5264.6, 218.1), (5304.6, 164.5), (5344.6, 132.1), (5384.6, 122.8), (5424.6, 143.7), (5464.6, 200.0), (5488.8, 146.6), (5488.8, 95.6), (5488.8, 84.8), (5488.8, 121.0), (5488.8, 189.1), (5488.0, 153.9), (5488.0, 100.3), (5488.0, 82.8), (5488.0, 114.5), (5488.0, 179.9), (5488.0, 162.0), (5488.0, 105.9), (5488.0, 81.3), (5488.0, 108.6), (5488.0, 170.8), (5488.4, 170.5), (5488.4, 111.8), (5488.4, 80.4), (5488.4, 103.2), (5488.4, 161.6), (5488.4, 179.2), (5488.4, 118.0), (5488.4, 80.0), (5488.4, 98.4), (5488.4, 152.4), (5488.0, 188.3), (5488.0, 124.6), (5488.0, 81.3), (5488.0, 94.2), (5488.0, 143.8), (5488.0, 197.7), (5488.0, 131.4), (5488.0, 85.5), (5488.0, 90.5), (5488.0, 135.6), (5488.0, 207.4), (5488.4, 138.6), (5488.4, 90.1)]",0,27.48
novice,mario,Mario1-2,Enemy,5,0,276.94,0.216,"[(112.0, 208.0), (116.5, 226.4), (129.0, 280.4), (149.5, 353.8), (180.2, 314.5), (219.0, 260.9), (259.0, 228.5), (299.0, 219.2), (339.0, 240.0), (379.0, 171.2), (419.0, 122.7), (459.0, 96.1), (499.0, 93.1), (539.0, 122.8), (579.0, 186.8), (619.0, 260.1), (659.0, 285.2), (699.0, 221.5), (739.0, 178.2), (779.0, 157.3), (819.0, 161.5), (859.0, 200.2), (899.0, 269.5), (939.0, 210.6), (979.0, 159.6), (1019.0, 130.1), (1059.0, 123.9), (1099.0, 149.1), (1139.0, 209.6), (1179.0, 282.9), (1219.0, 356.3)]",0,4.03
novice,mario,Mario1-2,Enemy,6,0,253.31,0.287,"[(112.0, 208.0), (116.5, 226.4), (129.0, 280.4), (149.5, 353.8), (180.2, 314.5), (219.0, 260.9), (259.0, 228.5), (299.0, 219.2), (339.0, 240.0), (379.0, 171.2), (419.0, 122.7), (459.0, 96.1), (499.0, 93.1), (539.0, 122.8), (579.0, 186.8), (619.0, 260.1), (659.0, 275.8), (699.0, 214.6), (739.0, 173.9), (779.0, 156.0), (819.0, 164.1), (859.0, 207.1), (899.0, 203.0), (939.0, 144.3), (979.0, 106.9), (1019.0, 92.5), (1059.0, 105.4), (1099.0, 153.6), (1139.0, 226.2), (1179.0, 299.5), (1219.0, 343.6), (1259.0, 314.3), (1299.0, 308.4), (1339.0, 334.0), (1379.0, 339.8), (1419.0, 278.6), (1424.4, 240.0), (1424.4, 258.4), (1424.4, 312.4), (1431.2, 358.3), (1448.8, 304.3), (1474.2, 325.3), (1508.1, 358.3), (1548.1, 304.3), (1588.1, 325.3), (1623.1, 368.0)]",0,6.0
novice,mario,Mario1-2,Stuck,2,0,198.12,0.969,"[(112.0, 208.0), (116.5, 226.4), (129.0, 280.4), (149.5, 353.8), (180.2, 314.5), (219.0, 260.9), (259.0, 228.5), (299.0, 219.2), (339.0, 240.0), (379.0, 171.2), (419.0, 122.7), (459.0, 96.1), (499.0, 93.1), (539.0, 122.8), (579.0, 186.8), (619.0, 260.1), (659.0, 275.8), (699.0, 214.6), (739.0, 173.9), (779.0, 156.0), (819.0, 164.1), (859.0, 207.1), (899.0, 203.0), (939.0, 144.3), (979.0, 106.4), (1019.0, 91.4), (1059.0, 103.5), (1099.0, 151.0), (1139.0, 223.4), (1179.0, 296.8), (1219.0, 340.8), (1259.0, 311.6), (1299.0, 305.7), (1339.0, 331.3), (1379.0, 348.9), (1419.0, 285.1), (1424.4, 241.8), (1424.4, 254.2), (1424.4, 303.8), (1430.9, 368.0), (1448.4, 304.0), (1473.9, 320.9), (1507.4, 368.0), (1547.4, 304.0), (1587.4, 320.9), (1627.4, 358.1), (1667.4, 326.0), (1707.4, 317.0), (1712.4, 338.1), (1716.9, 368.0), (1748.6, 368.3), (1788.6, 368.0), (1828.6, 339.8), (1868.6, 306.5), (1908.6, 335.9), (1948.6, 331.4), (1988.6, 310.8), (2028.6, 315.3), (2068.6, 354.2), (2108.6, 314.5), (2128.8, 260.9), (2128.8, 228.5), (2128.8, 219.2), (2128.8, 240.0), (2128.8, 296.4), (2131.5, 368.0), (2146.0, 304.0), (2168.5, 320.9), (2199.0, 368.0), (2238.6, 304.0), (2278.6, 320.9), (2318.6, 368.0), (2358.6, 304.0), (2398.6, 320.9), (2438.6, 368.0), (2478.6, 304.0), (2518.6, 320.9), (2558.6, 368.0), (2598.6, 299.1), (2638.6, 250.6), (2672.1, 224.0), (2672.1, 221.1), (2672.1, 250.8), (2673.9, 314.8), (2684.1, 348.9), (2704.6, 285.1), (2733.1, 278.8), (2769.6, 318.5), (2809.6, 348.9), (2849.6, 285.1), (2889.6, 278.8), (2929.6, 318.5), (2969.6, 348.9), (3009.6, 285.1), (3049.6, 241.8), (3089.6, 221.0), (3129.6, 225.2), (3169.6, 263.8), (3209.6, 333.1), (3249.6, 331.0), (3280.1, 272.3), (3285.6, 234.4), (3299.1, 219.4), (3320.6, 231.5), (3350.5, 261.4), (3389.8, 195.1), (3429.8, 149.2), (3469.8, 125.4), (3509.8, 126.0), (3549.8, 160.1), (3589.8, 227.0), (3629.8, 300.4), (3664.0, 368.0), (3664.4, 299.1), (3670.9, 250.6), (3685.4, 224.0), (3707.9, 221.1), (3738.4, 250.8), (3776.5, 314.8), (3816.5, 348.9), (3856.5, 285.1), (3859.5, 241.8), (3871.0, 221.0), (3890.5, 225.2), (3918.0, 263.8), (3955.8, 209.8), (3995.8, 158.7), (4035.8, 129.2), (4075.8, 123.0), (4115.8, 148.3), (4155.8, 208.7), (4195.8, 282.0), (4235.8, 316.9), (4242.6, 253.1), (4253.1, 209.8), (4271.6, 189.0), (4298.1, 193.2), (4332.6, 231.8), (4372.5, 186.5), (4412.5, 132.9), (4452.5, 100.5), (4492.5, 91.2), (4532.5, 112.0), (4572.5, 168.4), (4612.5, 241.8), (4624.1, 315.1), (4630.4, 348.9), (4646.9, 305.1), (4671.4, 330.4), (4704.6, 348.9), (4744.6, 305.1), (4784.6, 330.4), (4824.6, 348.9), (4864.6, 285.1), (4904.6, 241.8), (4944.6, 221.0), (4984.6, 202.0), (5024.6, 138.2), (5064.6, 94.9), (5104.6, 82.8), (5144.6, 114.5), (5184.6, 179.9), (5224.6, 253.3), (5264.6, 218.1), (5304.6, 164.5), (5344.6, 132.1), (5384.6, 122.8), (5424.6, 143.7), (5464.6, 200.0), (5488.8, 146.6), (5488.8, 95.6), (5488.8, 84.8), (5488.8, 121.0), (5488.8, 189.1), (5488.0, 153.9), (5488.0, 100.3), (5488.0, 82.8), (5488.0, 114.5), (5488.0, 179.9), (5488.0, 162.0), (5488.0, 105.9), (5488.0, 81.3), (5488.0, 108.6), (5488.0, 170.8), (5488.4, 170.5), (5488.4, 111.8), (5488.4, 80.4), (5488.4, 103.2), (5488.4, 161.6), (5488.4, 179.2), (5488.4, 118.0), (5488.4, 80.0), (5488.4, 98.4), (5488.4, 152.4), (5488.0, 188.3), (5488.0, 124.6), (5488.0, 81.3), (5488.0, 94.2), (5488.0, 143.8), (5488.0, 197.7), (5488.0, 131.4), (5488.0, 85.5), (5488.0, 90.5), (5488.0, 135.6), (5488.0, 207.4), (5488.4, 138.6), (5488.4, 90.1)]",0,27.48
novice,mario,Mario1-2,Stuck,2,0,196.46,0.969,"[(112.0, 208.0), (116.5, 226.4), (129.0, 280.4), (149.5, 353.8), (180.2, 314.5), (219.0, 260.9), (259.0, 228.5), (299.0, 219.2), (339.0, 240.0), (379.0, 171.2), (419.0, 122.7), (459.0, 96.1), (499.0, 93.1), (539.0, 122.8), (579.0, 186.8), (619.0, 260.1), (659.0, 275.8), (699.0, 214.6), (739.0, 173.9), (779.0, 156.0), (819.0, 164.1), (859.0, 207.1), (899.0, 203.0), (939.0, 144.3), (979.0, 106.4), (1019.0, 91.4), (1059.0, 103.5), (1099.0, 151.0), (1139.0, 223.4), (1179.0, 296.8), (1219.0, 340.8), (1259.0, 311.6), (1299.0, 305.7), (1339.0, 331.3), (1379.0, 348.9), (1419.0, 285.1), (1424.4, 241.8), (1424.4, 254.2), (1424.4, 303.8), (1430.9, 368.0), (1448.4, 304.0), (1473.9, 320.9), (1507.4, 368.0), (1547.4, 304.0), (1587.4, 320.9), (1627.4, 358.1), (1667.4, 326.0), (1707.4, 317.0), (1712.4, 338.1), (1716.9, 368.0), (1748.6, 368.3), (1788.6, 368.0), (1828.6, 339.8), (1868.6, 306.5), (1908.6, 335.9), (1948.6, 331.4), (1988.6, 310.8), (2028.6, 315.3), (2068.6, 354.2), (2108.6, 314.5), (2128.8, 261.1), (2128.8, 229.8), (2128.8, 221.6), (2128.8, 243.4), (2128.8, 300.8), (2131.5, 368.0), (2146.0, 304.0), (2168.5, 320.9), (2199.0, 368.0), (2238.6, 304.0), (2278.6, 320.9), (2318.6, 368.0), (2358.6, 304.0), (2398.6, 320.9), (2438.6, 368.0), (2478.6, 304.0), (2518.6, 320.9), (2558.6, 368.0), (2598.6, 299.1), (2638.6, 250.6), (2671.9, 224.0), (2671.6, 221.1), (2670.9, 250.8), (2674.4, 314.8), (2686.6, 348.9), (2709.1, 285.1), (2739.6, 278.8), (2777.8, 318.5), (2817.8, 348.9), (2857.8, 285.1), (2897.8, 278.8), (2937.8, 318.5), (2977.8, 348.9), (3017.8, 285.1), (3057.8, 241.8), (3097.8, 221.0), (3137.8, 225.2), (3177.8, 263.8), (3217.8, 333.1), (3257.8, 331.0), (3280.8, 272.3), (3288.2, 234.4), (3303.8, 219.4), (3327.2, 231.5), (3359.1, 261.4), (3399.0, 195.1), (3439.0, 149.2), (3479.0, 125.4), (3519.0, 126.0), (3559.0, 160.1), (3599.0, 227.0), (3639.0, 300.4), (3664.0, 368.0), (3663.0, 299.4), (3668.5, 251.2), (3682.0, 224.9), (3703.5, 222.3), (3733.0, 252.3), (3770.4, 316.4), (3810.4, 348.9), (3850.4, 285.1), (3858.6, 241.8), (3869.1, 221.0), (3887.6, 225.2), (3914.1, 263.8), (3951.1, 209.8), (3991.1, 158.7), (4031.1, 129.2), (4071.1, 123.0), (4111.1, 148.3), (4151.1, 208.7), (4191.1, 282.0), (4231.1, 316.9), (4242.6, 253.1), (4253.1, 209.8), (4271.6, 189.0), (4298.1, 193.2), (4332.6, 231.8), (4372.5, 186.5), (4412.5, 132.9), (4452.5, 100.5), (4492.5, 91.2), (4532.5, 112.0), (4572.5, 168.4), (4612.5, 241.8), (4624.4, 315.1), (4631.6, 348.9), (4649.1, 305.1), (4674.6, 330.4), (4708.9, 348.9), (4748.9, 305.1), (4788.9, 330.4), (4828.9, 348.9), (4868.9, 285.1), (4908.9, 241.8), (4948.9, 221.0), (4988.9, 202.0), (5028.9, 138.2), (5068.9, 94.9), (5108.9, 82.8), (5148.9, 114.5), (5188.9, 179.9), (5228.9, 253.3), (5268.9, 218.1), (5308.9, 164.5), (5348.9, 132.1), (5388.9, 122.8), (5428.9, 143.7), (5468.9, 200.0), (5488.0, 146.6), (5488.0, 95.6), (5488.0, 84.8), (5488.7, 121.0), (5488.7, 189.1), (5488.4, 153.9), (5488.9, 100.3), (5488.8, 82.8), (5488.0, 114.5), (5488.0, 179.9), (5487.0, 162.2), (5485.8, 106.4), (5488.1, 81.3), (5488.0, 108.6), (5488.0, 170.8), (5487.6, 170.6), (5485.9, 112.2), (5488.4, 80.4), (5488.8, 103.2), (5488.0, 161.6), (5488.1, 179.2), (5487.6, 118.0), (5488.0, 80.0), (5488.0, 98.4), (5488.0, 152.4), (5487.9, 188.4), (5486.1, 124.9), (5487.6, 81.9), (5488.4, 94.2), (5488.0, 143.8), (5488.0, 197.8), (5486.8, 131.7), (5486.5, 86.1), (5488.0, 90.5), (5488.0, 135.6), (5488.0, 207.4), (5487.6, 138.6), (5487.6, 90.1)]",0,27.47
novice,mario,Mario1-2,Stuck,2,0,198.12,0.969,"[(112.0, 208.0), (116.5, 226.4), (129.0, 280.4), (149.5, 353.8), (180.2, 314.5), (219.0, 260.9), (259.0, 228.5), (299.0, 219.2), (339.0, 240.0), (379.0, 171.2), (419.0, 122.7), (459.0, 96.1), (499.0, 93.1), (539.0, 122.8), (579.0, 186.8), (619.0, 260.1), (659.0, 275.8), (699.0, 214.6), (739.0, 173.9), (779.0, 156.0), (819.0, 164.1), (859.0, 207.1), (899.0, 203.0), (939.0, 144.3), (979.0, 106.4), (1019.0, 91.4), (1059.0, 103.5), (1099.0, 151.0), (1139.0, 223.4), (1179.0, 296.8), (1219.0, 340.8), (1259.0, 311.6), (1299.0, 305.7), (1339.0, 331.3), (1379.0, 348.9), (1419.0, 285.1), (1424.4, 241.8), (1424.4, 254.2), (1424.4, 303.8), (1430.9, 368.0), (1448.4, 304.0), (1473.9, 320.9), (1507.4, 368.0), (1547.4, 304.0), (1587.4, 320.9), (1627.4, 358.1), (1667.4, 326.0), (1707.4, 317.0), (1712.4, 338.1), (1716.9, 368.0), (1748.6, 368.3), (1788.6, 368.0), (1828.6, 339.8), (1868.6, 306.5), (1908.6, 335.9), (1948.6, 331.4), (1988.6, 310.8), (2028.6, 315.3), (2068.6, 354.2), (2108.6, 314.5), (2128.8, 260.9), (2128.8, 228.5), (2128.8, 219.2), (2128.8, 240.0), (2128.8, 296.4), (2131.5, 368.0), (2146.0, 304.0), (2168.5, 320.9), (2199.0, 368.0), (2238.6, 304.0), (2278.6, 320.9), (2318.6, 368.0), (2358.6, 304.0), (2398.6, 320.9), (2438.6, 368.0), (2478.6, 304.0), (2518.6, 320.9), (2558.6, 368.0), (2598.6, 299.1), (2638.6, 250.6), (2672.1, 224.0), (2672.1, 221.1), (2672.1, 250.8), (2673.9, 314.8), (2684.1, 348.9), (2704.6, 285.1), (2733.1, 278.8), (2769.6, 318.5), (2809.6, 348.9), (2849.6, 285.1), (2889.6, 278.8), (2929.6, 318.5), (2969.6, 348.9), (3009.6, 285.1), (3049.6, 241.8), (3089.6, 221.0), (3129.6, 225.2), (3169.6, 263.8), (3209.6, 333.1), (3249.6, 331.0), (3280.1, 272.3), (3285.6, 234.4), (3299.1, 219.4), (3320.6, 231.5), (3350.5, 261.4), (3389.8, 195.1), (3429.8, 149.2), (3469.8, 125.4), (3509.8, 126.0), (3549.8, 160.1), (3589.8, 227.0), (3629.8, 300.4), (3664.0, 368.0), (3664.4, 299.1), (3670.9, 250.6), (3685.4, 224.0), (3707.9, 221.1), (3738.4, 250.8), (3776.5, 314.8), (3816.5, 348.9), (3856.5, 285.1), (3859.5, 241.8), (3871.0, 221.0), (3890.5, 225.2), (3918.0, 263.8), (3955.8, 209.8), (3995.8, 158.7), (4035.8, 129.2), (4075.8, 123.0), (4115.8, 148.3), (4155.8, 208.7), (4195.8, 282.0), (4235.8, 316.9), (4242.6, 253.1), (4253.1, 209.8), (4271.6, 189.0), (4298.1, 193.2), (4332.6, 231.8), (4372.5, 186.5), (4412.5, 132.9), (4452.5, 100.5), (4492.5, 91.2), (4532.5, 112.0), (4572.5, 168.4), (4612.5, 241.8), (4624.1, 315.1), (4630.4, 348.9), (4646.9, 305.1), (4671.4, 330.4), (4704.6, 348.9), (4744.6, 305.1), (4784.6, 330.4), (4824.6, 348.9), (4864.6, 285.1), (4904.6, 241.8), (4944.6, 221.0), (4984.6, 202.0), (5024.6, 138.2), (5064.6, 94.9), (5104.6, 82.8), (5144.6, 114.5), (5184.6, 179.9), (5224.6, 253.3), (5264.6, 218.1), (5304.6, 164.5), (5344.6, 132.1), (5384.6, 122.8), (5424.6, 143.7), (5464.6, 200.0), (5488.8, 146.6), (5488.8, 95.6), (5488.8, 84.8), (5488.8, 121.0), (5488.8, 189.1), (5488.0, 153.9), (5488.0, 100.3), (5488.0, 82.8), (5488.0, 114.5), (5488.0, 179.9), (5488.0, 162.0), (5488.0, 105.9), (5488.0, 81.3), (5488.0, 108.6), (5488.0, 170.8), (5488.4, 170.5), (5488.4, 111.8), (5488.4, 80.4), (5488.4, 103.2), (5488.4, 161.6), (5488.4, 179.2), (5488.4, 118.0), (5488.4, 80.0), (5488.4, 98.4), (5488.4, 152.4), (5488.0, 188.3), (5488.0, 124.6), (5488.0, 81.3), (5488.0, 94.2), (5488.0, 143.8), (5488.0, 197.7), (5488.0, 131.4), (5488.0, 85.5), (5488.0, 90.5), (5488.0, 135.6), (5488.0, 207.4), (5488.4, 138.6), (5488.4, 90.1)]",0,27.48
novice,mario,Mario1-2,Stuck,1,0,198.12,0.969,"[(112.0, 208.0), (116.5, 226.4), (129.0, 280.4), (149.5, 353.8), (180.2, 314.5), (219.0, 260.9), (259.0, 228.5), (299.0, 219.2), (339.0, 240.0), (379.0, 171.2), (419.0, 122.7), (459.0, 96.1), (499.0, 93.1), (539.0, 122.8), (579.0, 186.8), (619.0, 260.1), (659.0, 275.8), (699.0, 214.6), (739.0, 173.9), (779.0, 156.0), (819.0, 164.1), (859.0, 207.1), (899.0, 203.0), (939.0, 144.3), (979.0, 106.4), (1019.0, 91.4), (1059.0, 103.5), (1099.0, 151.0), (1139.0, 223.4), (1179.0, 296.8), (1219.0, 340.8), (1259.0, 311.6), (1299.0, 305.7), (1339.0, 331.3), (1379.0, 348.9), (1419.0, 285.1), (1424.4, 241.8), (1424.4, 254.2), (1424.4, 303.8), (1430.9, 368.0), (1448.4, 304.0), (1473.9, 320.9), (1507.4, 368.0), (1547.4, 304.0), (1587.4, 320.9), (1627.4, 358.1), (1667.4, 326.0), (1707.4, 317.0), (1712.4, 338.1), (1716.9, 368.0), (1748.6, 368.3), (1788.6, 368.0), (1828.6, 339.8), (1868.6, 306.5), (1908.6, 335.9), (1948.6, 331.4), (1988.6, 310.8), (2028.6, 315.3), (2068.6, 354.2), (2108.6, 314.5), (2128.8, 260.9), (2128.8, 228.5), (2128.8, 219.2), (2128.8, 240.0), (2128.8, 296.4), (2131.5, 368.0), (2146.0, 304.0), (2168.5, 320.9), (2199.0, 368.0), (2238.6, 304.0), (2278.6, 320.9), (2318.6, 368.0), (2358.6, 304.0), (2398.6, 320.9), (2438.6, 368.0), (2478.6, 304.0), (2518.6, 320.9), (2558.6, 368.0), (2598.6, 299.1), (2638.6, 250.6), (2672.1, 224.0), (2672.1, 221.1), (2672.1, 250.8), (2673.9, 314.8), (2684.1, 348.9), (2704.6, 285.1), (2733.1, 278.8), (2769.6, 318.5), (2809.6, 348.9), (2849.6, 285.1), (2889.6, 278.8), (2929.6, 318.5), (2969.6, 348.9), (3009.6, 285.1), (3049.6, 241.8), (3089.6, 221.0), (3129.6, 225.2), (3169.6, 263.8), (3209.6, 333.1), (3249.6, 331.0), (3280.1, 272.3), (3285.6, 234.4), (3299.1, 219.4), (3320.6, 231.5), (3350.5, 261.4), (3389.8, 195.1), (3429.8, 149.2), (3469.8, 125.4), (3509.8, 126.0), (3549.8, 160.1), (3589.8, 227.0), (3629.8, 300.4), (3664.0, 368.0), (3664.4, 299.1), (3670.9, 250.6), (3685.4, 224.0), (3707.9, 221.1), (3738.4, 250.8), (3776.5, 314.8), (3816.5, 348.9), (3856.5, 285.1), (3859.5, 241.8), (3871.0, 221.0), (3890.5, 225.2), (3918.0, 263.8), (3955.8, 209.8), (3995.8, 158.7), (4035.8, 129.2), (4075.8, 123.0), (4115.8, 148.3), (4155.8, 208.7), (4195.8, 282.0), (4235.8, 316.9), (4242.6, 253.1), (4253.1, 209.8), (4271.6, 189.0), (4298.1, 193.2), (4332.6, 231.8), (4372.5, 186.5), (4412.5, 132.9), (4452.5, 100.5), (4492.5, 91.2), (4532.5, 112.0), (4572.5, 168.4), (4612.5, 241.8), (4624.1, 315.1), (4630.4, 348.9), (4646.9, 305.1), (4671.4, 330.4), (4704.6, 348.9), (4744.6, 305.1), (4784.6, 330.4), (4824.6, 348.9), (4864.6, 285.1), (4904.6, 241.8), (4944.6, 221.0), (4984.6, 202.0), (5024.6, 138.2), (5064.6, 94.9), (5104.6, 82.8), (5144.6, 114.5), (5184.6, 179.9), (5224.6, 253.3), (5264.6, 218.1), (5304.6, 164.5), (5344.6, 132.1), (5384.6, 122.8), (5424.6, 143.7), (5464.6, 200.0), (5488.8, 146.6), (5488.8, 95.6), (5488.8, 84.8), (5488.8, 121.0), (5488.8, 189.1), (5488.0, 153.9), (5488.0, 100.3), (5488.0, 82.8), (5488.0, 114.5), (5488.0, 179.9), (5488.0, 162.0), (5488.0, 105.9), (5488.0, 81.3), (5488.0, 108.6), (5488.0, 170.8), (5488.4, 170.5), (5488.4, 111.8), (5488.4, 80.4), (5488.4, 103.2), (5488.4, 161.6), (5488.4, 179.2), (5488.4, 118.0), (5488.4, 80.0), (5488.4, 98.4), (5488.4, 152.4), (5488.0, 188.3), (5488.0, 124.6), (5488.0, 81.3), (5488.0, 94.2), (5488.0, 143.8), (5488.0, 197.7), (5488.0, 131.4), (5488.0, 85.5), (5488.0, 90.5), (5488.0, 135.6), (5488.0, 207.4), (5488.4, 138.6), (5488.4, 90.1)]",0,27.48
novice,mario,Mario1-2,Stuck,1,0,198.12,0.969,"[(112.0, 208.0), (116.5, 226.4), (129.0, 280.4), (149.5, 353.8), (180.2, 314.5), (219.0, 260.9), (259.0, 228.5), (299.0, 219.2), (339.0, 240.0), (379.0, 171.2), (419.0, 122.7), (459.0, 96.1), (499.0, 93.1), (539.0, 122.8), (579.0, 186.8), (619.0, 260.1), (659.0, 275.8), (699.0, 214.6), (739.0, 173.9), (779.0, 156.0), (819.0, 164.1), (859.0, 207.1), (899.0, 203.0), (939.0, 144.3), (979.0, 106.4), (1019.0, 91.4), (1059.0, 103.5), (1099.0, 151.0), (1139.0, 223.4), (1179.0, 296.8), (1219.0, 340.8), (1259.0, 311.6), (1299.0, 305.7), (1339.0, 331.3), (1379.0, 348.9), (1419.0, 285.1), (1424.4, 241.8), (1424.4, 254.2), (1424.4, 303.8), (1430.9, 368.0), (1448.4, 304.0), (1473.9, 320.9), (1507.4, 368.0), (1547.4, 304.0), (1587.4, 320.9), (1627.4, 358.1), (1667.4, 326.0), (1707.4, 317.0), (1712.4, 338.1), (1716.9, 368.0), (1748.6, 368.3), (1788.6, 368.0), (1828.6, 339.8), (1868.6, 306.5), (1908.6, 335.9), (1948.6, 331.4), (1988.6, 310.8), (2028.6, 315.3), (2068.6, 354.2), (2108.6, 314.5), (2128.8, 260.9), (2128.8, 228.5), (2128.8, 219.2), (2128.8, 240.0), (2128.8, 296.4), (2131.5, 368.0), (2146.0, 304.0), (2168.5, 320.9), (2199.0, 368.0), (2238.6, 304.0), (2278.6, 320.9), (2318.6, 368.0), (2358.6, 304.0), (2398.6, 320.9), (2438.6, 368.0), (2478.6, 304.0), (2518.6, 320.9), (2558.6, 368.0), (2598.6, 299.1), (2638.6, 250.6), (2672.1, 224.0), (2672.1, 221.1), (2672.1, 250.8), (2673.9, 314.8), (2684.1, 348.9), (2704.6, 285.1), (2733.1, 278.8), (2769.6, 318.5), (2809.6, 348.9), (2849.6, 285.1), (2889.6, 278.8), (2929.6, 318.5), (2969.6, 348.9), (3009.6, 285.1), (3049.6, 241.8), (3089.6, 221.0), (3129.6, 225.2), (3169.6, 263.8), (3209.6, 333.1), (3249.6, 331.0), (3280.1, 272.3), (3285.6, 234.4), (3299.1, 219.4), (3320.6, 231.5), (3350.5, 261.4), (3389.8, 195.1), (3429.8, 149.2), (3469.8, 125.4), (3509.8, 126.0), (3549.8, 160.1), (3589.8, 227.0), (3629.8, 300.4), (3664.0, 368.0), (3664.4, 299.1), (3670.9, 250.6), (3685.4, 224.0), (3707.9, 221.1), (3738.4, 250.8), (3776.5, 314.8), (3816.5, 348.9), (3856.5, 285.1), (3859.5, 241.8), (3871.0, 221.0), (3890.5, 225.2), (3918.0, 263.8), (3955.8, 209.8), (3995.8, 158.7), (4035.8, 129.2), (4075.8, 123.0), (4115.8, 148.3), (4155.8, 208.7), (4195.8, 282.0), (4235.8, 316.9), (4242.6, 253.1), (4253.1, 209.8), (4271.6, 189.0), (4298.1, 193.2), (4332.6, 231.8), (4372.5, 186.5), (4412.5, 132.9), (4452.5, 100.5), (4492.5, 91.2), (4532.5, 112.0), (4572.5, 168.4), (4612.5, 241.8), (4624.1, 315.1), (4630.4, 348.9), (4646.9, 305.1), (4671.4, 330.4), (4704.6, 348.9), (4744.6, 305.1), (4784.6, 330.4), (4824.6, 348.9), (4864.6, 285.1), (4904.6, 241.8), (4944.6, 221.0), (4984.6, 202.0), (5024.6, 138.2), (5064.6, 94.9), (5104.6, 82.8), (5144.6, 114.5), (5184.6, 179.9), (5224.6, 253.3), (5264.6, 218.1), (5304.6, 164.5), (5344.6, 132.1), (5384.6, 122.8), (5424.6, 143.7), (5464.6, 200.0), (5488.8, 146.6), (5488.8, 95.6), (5488.8, 84.8), (5488.8, 121.0), (5488.8, 189.1), (5488.0, 153.9), (5488.0, 100.3), (5488.0, 82.8), (5488.0, 114.5), (5488.0, 179.9), (5488.0, 162.0), (5488.0, 105.9), (5488.0, 81.3), (5488.0, 108.6), (5488.0, 170.8), (5488.4, 170.5), (5488.4, 111.8), (5488.4, 80.4), (5488.4, 103.2), (5488.4, 161.6), (5488.4, 179.2), (5488.4, 118.0), (5488.4, 80.0), (5488.4, 98.4), (5488.4, 152.4), (5488.0, 188.3), (5488.0, 124.6), (5488.0, 81.3), (5488.0, 94.2), (5488.0, 143.8), (5488.0, 197.7), (5488.0, 131.4), (5488.0, 85.5), (5488.0, 90.5), (5488.0, 135.6), (5488.0, 207.4), (5488.4, 138.6), (5488.4, 90.1)]",0,27.48
novice,mario,Mario1-2,Stuck,1,2,144.76,0.348,"[(112.0, 208.0), (116.5, 226.4), (129.0, 280.4), (149.5, 353.8), (180.2, 314.5), (219.0, 260.9), (259.0, 228.5), (299.0, 219.2), (339.0, 240.0), (379.0, 171.2), (419.0, 122.7), (459.0, 96.1), (499.0, 93.1), (539.0, 122.8), (579.0, 186.8), (619.0, 260.1), (659.0, 275.8), (699.0, 214.6), (739.0, 173.9), (779.0, 156.0), (819.0, 164.1), (859.0, 207.1), (899.0, 203.0), (939.0, 144.3), (979.0, 106.4), (1019.0, 91.4), (1059.0, 103.5), (1099.0, 151.0), (1139.0, 223.4), (1179.0, 296.8), (1219.0, 340.8), (1259.0, 311.6), (1299.0, 305.7), (1339.0, 331.3), (1379.0, 348.9), (1419.0, 285.1), (1424.4, 241.8), (1424.4, 254.2), (1424.4, 303.8), (1430.9, 368.0), (1448.4, 304.0), (1473.9, 320.9), (1507.4, 368.0), (1547.4, 304.0), (1587.4, 320.9), (1627.4, 358.1), (1667.4, 326.0), (1707.4, 317.0), (1712.4, 338.1), (1712.1, 339.8), (1712.0, 278.6), (1712.0, 237.9), (1716.5, 220.0), (1729.0, 228.1), (1751.4, 194.6), (1782.9, 144.0), (1821.6, 161.5), (1861.6, 214.5), (1901.6, 194.6), (1941.6, 144.0), (1968.4, 161.5), (1968.7, 214.5), (1967.7, 194.8), (1966.5, 144.0), (1968.0, 161.5), (1968.0, 214.5), (1967.2, 194.8), (1965.8, 144.0), (1968.0, 161.5), (1968.7, 214.5), (1968.5, 194.6), (1968.8, 144.0), (1968.8, 161.5), (1968.7, 214.5), (1967.7, 194.8), (1966.5, 144.0), (1968.0, 161.5), (1968.0, 214.5), (1967.2, 194.8), (1965.8, 144.0), (1968.0, 161.5), (1968.7, 214.5), (1968.5, 194.6), (1968.8, 144.0), (1968.8, 161.5), (1968.7, 214.5), (1967.7, 194.8), (1966.5, 144.0), (1968.0, 161.5), (1968.0, 214.5), (1967.2, 194.8), (1965.8, 144.0), (1968.0, 161.5), (1968.7, 214.5), (1968.5, 194.6), (1968.8, 144.0), (1968.8, 161.5), (1968.7, 214.5)]",0,12.97
novice,mario,Mario1-2,Stuck,19,0,86.63,0.398,"[(112.0, 208.0), (107.5, 226.4), (95.0, 280.4), (74.5, 353.8), (48.0, 314.5), (51.5, 260.9), (57.8, 228.5), (56.2, 219.2), (48.0, 240.0), (48.8, 296.4), (56.2, 368.0), (74.8, 299.1), (101.2, 250.6), (126.8, 224.0), (144.2, 221.1), (153.8, 250.8), (159.0, 314.8), (172.2, 348.9), (195.8, 285.1), (226.5, 242.7), (255.5, 222.9), (291.0, 228.2), (331.0, 203.2), (371.0, 146.7), (410.2, 112.9), (448.0, 102.0), (478.8, 119.7), (512.2, 172.9), (551.9, 246.2), (591.9, 319.5), (631.9, 282.7), (671.9, 231.7), (710.6, 203.8), (743.6, 199.2), (779.1, 226.1), (813.0, 195.0), (846.8, 141.8), (872.8, 110.8), (890.9, 102.8), (900.9, 124.9), (903.8, 182.6), (910.6, 255.9), (920.6, 218.7), (934.7, 166.2), (954.2, 134.8), (967.3, 126.6), (973.1, 148.5), (976.4, 205.9), (985.1, 146.6), (993.1, 95.6), (993.2, 84.8), (990.5, 121.0), (995.5, 189.1), (1010.6, 153.9), (1023.7, 100.3), (1028.7, 82.8), (1026.0, 114.5), (1026.1, 179.9), (1033.4, 253.3), (1043.4, 218.5), (1057.0, 165.9), (1065.0, 134.6), (1065.1, 126.3), (1058.7, 148.2), (1057.7, 205.6), (1064.8, 272.0), (1081.3, 203.1), (1092.4, 154.6), (1095.4, 128.0), (1090.5, 125.1), (1078.3, 154.8), (1070.3, 218.8), (1067.5, 253.0), (1073.0, 189.5), (1079.5, 146.5), (1078.0, 125.9), (1068.5, 130.4), (1053.5, 169.3), (1045.0, 238.8), (1040.2, 235.0), (1034.7, 176.3), (1034.1, 138.4), (1034.1, 123.4), (1034.5, 135.5), (1041.5, 183.0), (1056.4, 255.4), (1081.3, 218.9), (1104.3, 168.0), (1119.2, 138.7), (1128.7, 132.8), (1144.6, 158.3), (1167.8, 218.9), (1186.8, 292.3), (1203.0, 350.8), (1226.9, 318.7), (1258.8, 309.7), (1297.8, 330.8), (1337.8, 348.9), (1377.8, 305.2), (1417.8, 330.8), (1457.8, 348.9), (1497.8, 305.2), (1537.8, 330.8), (1577.8, 336.2), (1617.8, 312.7), (1657.8, 313.6), (1695.9, 348.0), (1734.1, 368.3), (1774.1, 368.0), (1814.1, 358.3), (1854.1, 304.3), (1894.1, 325.3), (1934.1, 358.3), (1974.1, 304.3), (2014.1, 325.3), (2054.1, 358.3), (2094.1, 293.2), (2128.0, 251.2), (2123.5, 232.3), (2111.0, 238.5), (2090.5, 279.1), (2065.8, 349.3), (2050.4, 322.6), (2044.3, 310.7), (2046.3, 348.7), (2058.1, 322.6), (2079.1, 266.4), (2104.3, 231.3), (2122.2, 219.1), (2127.2, 235.5), (2119.8, 287.4), (2111.2, 360.6), (2113.8, 306.8), (2121.0, 256.0), (2120.9, 226.7), (2112.8, 220.8), (2096.8, 246.3), (2073.0, 306.9), (2051.9, 336.9), (2038.9, 310.6), (2033.8, 307.9), (2036.8, 337.9), (2048.8, 339.8), (2070.8, 306.5), (2100.7, 335.9), (2138.5, 339.9), (2178.5, 306.5), (2218.5, 335.9), (2258.5, 339.9), (2287.9, 280.5), (2282.4, 242.0), (2268.9, 226.1), (2256.0, 237.4), (2256.0, 284.1), (2257.9, 356.3), (2269.6, 314.5), (2288.6, 260.9), (2284.5, 228.5), (2273.0, 219.2), (2256.0, 240.0), (2256.0, 296.4), (2259.5, 368.0), (2274.0, 299.1), (2287.9, 250.6), (2282.4, 224.0), (2268.9, 221.1), (2256.0, 250.8), (2256.1, 314.8), (2262.4, 348.9), (2278.9, 285.1), (2287.2, 241.8), (2279.8, 221.0), (2264.2, 225.2), (2256.0, 263.8), (2256.8, 333.1), (2265.8, 331.0), (2284.0, 272.3), (2286.1, 234.4), (2276.6, 219.4), (2259.1, 231.5), (2256.0, 279.0), (2257.9, 351.4), (2269.6, 314.5), (2288.6, 260.9), (2284.5, 228.5), (2273.0, 219.2), (2256.0, 240.0)]",0,24.83
novice,mario,Mario1-2,Stuck,1,0,198.12,0.969,"[(112.0, 208.0), (116.5, 226.4), (129.0, 280.4), (149.5, 353.8), (180.2, 314.5), (219.0, 260.9), (259.0, 228.5), (299.0, 219.2), (339.0, 240.0), (379.0, 171.2), (419.0, 122.7), (459.0, 96.1), (499.0, 93.1), (539.0, 122.8), (579.0, 186.8), (619.0, 260.1), (659.0, 275.8), (699.0, 214.6), (739.0, 173.9), (779.0, 156.0), (819.0, 164.1), (859.0, 207.1), (899.0, 203.0), (939.0, 144.3), (979.0, 106.4), (1019.0, 91.4), (1059.0, 103.5), (1099.0, 151.0), (1139.0, 223.4), (1179.0, 296.8), (1219.0, 340.8), (1259.0, 311.6), (1299.0, 305.7), (1339.0, 331.3), (1379.0, 348.9), (1419.0, 285.1), (1424.4, 241.8), (1424.4, 254.2), (1424.4, 303.8), (1430.9, 368.0), (1448.4, 304.0), (1473.9, 320.9), (1507.4, 368.0), (1547.4, 304.0), (1587.4, 320.9), (1627.4, 358.1), (1667.4, 326.0), (1707.4, 317.0), (1712.4, 338.1), (1716.9, 368.0), (1748.6, 368.3), (1788.6, 368.0), (1828.6, 339.8), (1868.6, 306.5), (1908.6, 335.9), (1948.6, 331.4), (1988.6, 310.8), (2028.6, 315.3), (2068.6, 354.2), (2108.6, 314.5), (2128.8, 260.9), (2128.8, 228.5), (2128.8, 219.2), (2128.8, 240.0), (2128.8, 296.4), (2131.5, 368.0), (2146.0, 304.0), (2168.5, 320.9), (2199.0, 368.0), (2238.6, 304.0), (2278.6, 320.9), (2318.6, 368.0), (2358.6, 304.0), (2398.6, 320.9), (2438.6, 368.0), (2478.6, 304.0), (2518.6, 320.9), (2558.6, 368.0), (2598.6, 299.1), (2638.6, 250.6), (2672.1, 224.0), (2672.1, 221.1), (2672.1, 250.8), (2673.9, 314.8), (2684.1, 348.9), (2704.6, 285.1), (2733.1, 278.8), (2769.6, 318.5), (2809.6, 348.9), (2849.6, 285.1), (2889.6, 278.8), (2929.6, 318.5), (2969.6, 348.9), (3009.6, 285.1), (3049.6, 241.8), (3089.6, 221.0), (3129.6, 225.2), (3169.6, 263.8), (3209.6, 333.1), (3249.6, 331.0), (3280.1, 272.3), (3285.6, 234.4), (3299.1, 219.4), (3320.6, 231.5), (3350.5, 261.4), (3389.8, 195.1), (3429.8, 149.2), (3469.8, 125.4), (3509.8, 126.0), (3549.8, 160.1), (3589.8, 227.0), (3629.8, 300.4), (3664.0, 368.0), (3664.4, 299.1), (3670.9, 250.6), (3685.4, 224.0), (3707.9, 221.1), (3738.4, 250.8), (3776.5, 314.8), (3816.5, 348.9), (3856.5, 285.1), (3859.5, 241.8), (3871.0, 221.0), (3890.5, 225.2), (3918.0, 263.8), (3955.8, 209.8), (3995.8, 158.7), (4035.8, 129.2), (4075.8, 123.0), (4115.8, 148.3), (4155.8, 208.7), (4195.8, 282.0), (4235.8, 316.9), (4242.6, 253.1), (4253.1, 209.8), (4271.6, 189.0), (4298.1, 193.2), (4332.6, 231.8), (4372.5, 186.5), (4412.5, 132.9), (4452.5, 100.5), (4492.5, 91.2), (4532.5, 112.0), (4572.5, 168.4), (4612.5, 241.8), (4624.1, 315.1), (4630.4, 348.9), (4646.9, 305.1), (4671.4, 330.4), (4704.6, 348.9), (4744.6, 305.1), (4784.6, 330.4), (4824.6, 348.9), (4864.6, 285.1), (4904.6, 241.8), (4944.6, 221.0), (4984.6, 202.0), (5024.6, 138.2), (5064.6, 94.9), (5104.6, 82.8), (5144.6, 114.5), (5184.6, 179.9), (5224.6, 253.3), (5264.6, 218.1), (5304.6, 164.5), (5344.6, 132.1), (5384.6, 122.8), (5424.6, 143.7), (5464.6, 200.0), (5488.8, 146.6), (5488.8, 95.6), (5488.8, 84.8), (5488.8, 121.0), (5488.8, 189.1), (5488.0, 153.9), (5488.0, 100.3), (5488.0, 82.8), (5488.0, 114.5), (5488.0, 179.9), (5488.0, 162.0), (5488.0, 105.9), (5488.0, 81.3), (5488.0, 108.6), (5488.0, 170.8), (5488.4, 170.5), (5488.4, 111.8), (5488.4, 80.4), (5488.4, 103.2), (5488.4, 161.6), (5488.4, 179.2), (5488.4, 118.0), (5488.4, 80.0), (5488.4, 98.4), (5488.4, 152.4), (5488.0, 188.3), (5488.0, 124.6), (5488.0, 81.3), (5488.0, 94.2), (5488.0, 143.8), (5488.0, 197.7), (5488.0, 131.4), (5488.0, 85.5), (5488.0, 90.5), (5488.0, 135.6), (5488.0, 207.4), (5488.4, 138.6), (5488.4, 90.1)]",0,27.48
novice,mario,Mario1-2,Pit,9,3,222.98,0.905,"[(112.0, 208.0), (116.5, 226.4), (123.8, 280.4), (134.9, 353.8), (156.3, 315.0), (186.5, 262.4), (224.4, 231.1), (264.4, 222.9), (304.4, 244.7), (304.8, 302.1), (307.5, 368.0), (322.0, 304.0), (344.5, 320.9), (375.0, 368.0), (414.6, 304.0), (454.6, 320.9), (494.6, 345.1), (534.6, 315.8), (574.6, 309.9), (614.6, 335.5), (625.9, 266.6), (635.4, 218.1), (652.9, 191.5), (678.4, 188.6), (711.9, 218.3), (751.5, 262.3), (755.5, 196.0), (767.0, 150.0), (786.5, 126.3), (814.0, 126.9), (849.5, 161.0), (889.5, 227.9), (929.5, 243.8), (945.2, 182.6), (953.8, 141.9), (970.2, 124.0), (994.8, 132.1), (1027.2, 175.1), (1066.5, 246.3), (1106.5, 294.3), (1146.5, 228.9), (1186.5, 184.0), (1226.5, 161.3), (1266.5, 162.9), (1306.5, 139.1), (1346.5, 80.4), (1386.5, 93.4), (1426.5, 141.9), (1466.5, 139.0), (1506.5, 80.3), (1546.5, 93.4), (1586.5, 141.9), (1626.5, 214.6), (1648.8, 287.9), (1651.5, 346.5), (1663.0, 314.4), (1682.5, 305.4), (1710.0, 326.5), (1713.1, 368.0), (1737.1, 368.0), (1777.1, 368.3), (1817.1, 358.3), (1857.1, 304.3), (1897.1, 325.3), (1937.1, 340.1), (1977.1, 313.8), (2017.1, 311.2), (2057.1, 341.2), (2097.1, 331.0), (2128.1, 272.3), (2128.1, 234.4), (2128.1, 219.4), (2128.1, 231.5), (2128.1, 279.0), (2129.9, 351.4), (2141.6, 314.5), (2162.1, 313.6), (2190.6, 356.0), (2228.6, 314.5), (2268.6, 313.6), (2308.6, 356.0), (2348.6, 314.5), (2388.6, 313.6), (2428.6, 356.0), (2468.6, 314.5), (2508.6, 313.6), (2548.6, 356.0), (2588.6, 314.5), (2628.6, 260.9), (2668.6, 228.5), (2672.8, 219.2), (2672.8, 240.0), (2672.8, 296.4), (2680.2, 368.0), (2698.8, 299.1), (2725.2, 274.5), (2759.8, 305.2), (2799.6, 368.0), (2839.6, 299.1), (2879.6, 274.5), (2919.6, 305.2), (2959.6, 368.0), (2999.6, 299.1), (3039.6, 250.6), (3079.6, 224.0), (3119.6, 221.1), (3159.6, 250.8), (3199.6, 314.8), (3239.6, 348.9), (3279.6, 285.1), (3283.5, 241.8), (3295.0, 221.0), (3314.5, 225.2), (3342.0, 263.8), (3379.8, 209.8), (3419.8, 158.7), (3459.8, 129.2), (3499.8, 123.0), (3539.8, 148.3), (3579.8, 208.7), (3619.8, 282.0), (3659.8, 355.4), (3664.0, 314.5), (3668.5, 261.9), (3681.0, 230.6), (3701.5, 222.3), (3730.0, 244.2), (3766.5, 301.6), (3805.8, 368.0), (3842.9, 314.5), (3857.9, 260.9), (3867.4, 228.5), (3884.9, 219.2), (3910.4, 240.0), (3945.0, 242.9), (3985.0, 181.7), (4025.0, 141.1), (4065.0, 123.1), (4105.0, 131.2), (4145.0, 174.2), (4185.0, 245.4), (4225.0, 318.7), (4241.2, 282.5), (4249.8, 228.9), (4266.2, 196.5), (4290.8, 187.2), (4323.2, 208.0), (4362.5, 220.9), (4402.5, 157.1), (4442.5, 113.8), (4482.5, 93.0), (4522.5, 97.2), (4562.5, 135.8), (4602.5, 205.1), (4624.8, 278.4), (4627.5, 351.8), (4641.2, 314.5), (4663.8, 313.6), (4694.2, 356.0), (4733.1, 314.5), (4773.1, 313.6), (4813.1, 356.0), (4853.1, 314.5), (4893.1, 260.9), (4933.1, 228.5), (4973.1, 219.2), (5013.1, 240.0), (5053.1, 296.4), (5093.1, 369.8)]",0,22.52
novice,mario,Mario1-2,Stuck,1,0,198.12,0.969,"[(112.0, 208.0), (116.5, 226.4), (129.0, 280.4), (149.5, 353.8), (180.2, 314.5), (219.0, 260.9), (259.0, 228.5), (299.0, 219.2), (339.0, 240.0), (379.0, 171.2), (419.0, 122.7), (459.0, 96.1), (499.0, 93.1), (539.0, 122.8), (579.0, 186.8), (619.0, 260.1), (659.0, 275.8), (699.0, 214.6), (739.0, 173.9), (779.0, 156.0), (819.0, 164.1), (859.0, 207.1), (899.0, 203.0), (939.0, 144.3), (979.0, 106.4), (1019.0, 91.4), (1059.0, 103.5), (1099.0, 151.0), (1139.0, 223.4), (1179.0, 296.8), (1219.0, 340.8), (1259.0, 311.6), (1299.0, 305.7), (1339.0, 331.3), (1379.0, 348.9), (1419.0, 285.1), (1424.4, 241.8), (1424.4, 254.2), (1424.4, 303.8), (1430.9, 368.0), (1448.4, 304.0), (1473.9, 320.9), (1507.4, 368.0), (1547.4, 304.0), (1587.4, 320.9), (1627.4, 358.1), (1667.4, 326.0), (1707.4, 317.0), (1712.4, 338.1), (1716.9, 368.0), (1748.6, 368.3), (1788.6, 368.0), (1828.6, 339.8), (1868.6, 306.5), (1908.6, 335.9), (1948.6, 331.4), (1988.6, 310.8), (2028.6, 315.3), (2068.6, 354.2), (2108.6, 314.5), (2128.8, 260.9), (2128.8, 228.5), (2128.8, 219.2), (2128.8, 240.0), (2128.8, 296.4), (2131.5, 368.0), (2146.0, 304.0), (2168.5, 320.9), (2199.0, 368.0), (2238.6, 304.0), (2278.6, 320.9), (2318.6, 368.0), (2358.6, 304.0), (2398.6, 320.9), (2438.6, 368.0), (2478.6, 304.0), (2518.6, 320.9), (2558.6, 368.0), (2598.6, 299.1), (2638.6, 250.6), (2672.1, 224.0), (2672.1, 221.1), (2672.1, 250.8), (2673.9, 314.8), (2684.1, 348.9), (2704.6, 285.1), (2733.1, 278.8), (2769.6, 318.5), (2809.6, 348.9), (2849.6, 285.1), (2889.6, 278.8), (2929.6, 318.5), (2969.6, 348.9), (3009.6, 285.1), (3049.6, 241.8), (3089.6, 221.0), (3129.6, 225.2), (3169.6, 263.8), (3209.6, 333.1), (3249.6, 331.0), (3280.1, 272.3), (3285.6, 234.4), (3299.1, 219.4), (3320.6, 231.5), (3350.5, 261.4), (3389.8, 195.1), (3429.8, 149.2), (3469.8, 125.4), (3509.8, 126.0), (3549.8, 160.1), (3589.8, 227.0), (3629.8, 300.4), (3664.0, 368.0), (3664.4, 299.1), (3670.9, 250.6), (3685.4, 224.0), (3707.9, 221.1), (3738.4, 250.8), (3776.5, 314.8), (3816.5, 348.9), (3856.5, 285.1), (3859.5, 241.8), (3871.0, 221.0), (3890.5, 225.2), (3918.0, 263.8), (3955.8, 209.8), (3995.8, 158.7), (4035.8, 129.2), (4075.8, 123.0), (4115.8, 148.3), (4155.8, 208.7), (4195.8, 282.0), (4235.8, 316.9), (4242.6, 253.1), (4253.1, 209.8), (4271.6, 189.0), (4298.1, 193.2), (4332.6, 231.8), (4372.5, 186.5), (4412.5, 132.9), (4452.5, 100.5), (4492.5, 91.2), (4532.5, 112.0), (4572.5, 168.4), (4612.5, 241.8), (4624.1, 315.1), (4630.4, 348.9), (4646.9, 305.1), (4671.4, 330.4), (4704.6, 348.9), (4744.6, 305.1), (4784.6, 330.4), (4824.6, 348.9), (4864.6, 285.1), (4904.6, 241.8), (4944.6, 221.0), (4984.6, 202.0), (5024.6, 138.2), (5064.6, 94.9), (5104.6, 82.8), (5144.6, 114.5), (5184.6, 179.9), (5224.6, 253.3), (5264.6, 218.1), (5304.6, 164.5), (5344.6, 132.1), (5384.6, 122.8), (5424.6, 143.7), (5464.6, 200.0), (5488.8, 146.6), (5488.8, 95.6), (5488.8, 84.8), (5488.8, 121.0), (5488.8, 189.1), (5488.0, 153.9), (5488.0, 100.3), (5488.0, 82.8), (5488.0, 114.5), (5488.0, 179.9), (5488.0, 162.0), (5488.0, 105.9), (5488.0, 81.3), (5488.0, 108.6), (5488.0, 170.8), (5488.4, 170.5), (5488.4, 111.8), (5488.4, 80.4), (5488.4, 103.2), (5488.4, 161.6), (5488.4, 179.2), (5488.4, 118.0), (5488.4, 80.0), (5488.4, 98.4), (5488.4, 152.4), (5488.0, 188.3), (5488.0, 124.6), (5488.0, 81.3), (5488.0, 94.2), (5488.0, 143.8), (5488.0, 197.7), (5488.0, 131.4), (5488.0, 85.5), (5488.0, 90.5), (5488.0, 135.6), (5488.0, 207.4), (5488.4, 138.6), (5488.4, 90.1)]",0,27.48
novice,mario,Mario1-2,Enemy,0,0,239.05,0.08,"[(112.0, 208.0), (116.5, 226.4), (129.0, 280.4), (149.5, 353.8), (183.6, 368.0), (223.6, 368.0), (263.6, 368.0), (303.6, 368.0), (343.6, 368.0), (383.6, 368.0), (423.6, 368.0)]",0,1.45
novice,mario,Mario1-2,Stuck,2,0,196.46,0.969,"[(112.0, 208.0), (116.5, 226.4), (129.0, 280.4), (149.5, 353.8), (180.2, 314.5), (219.0, 260.9), (259.0, 228.5), (299.0, 219.2), (339.0, 240.0), (379.0, 171.2), (419.0, 122.7), (459.0, 96.1), (499.0, 93.1), (539.0, 122.8), (579.0, 186.8), (619.0, 260.1), (659.0, 275.8), (699.0, 214.6), (739.0, 173.9), (779.0, 156.0), (819.0, 164.1), (859.0, 207.1), (899.0, 203.0), (939.0, 144.3), (979.0, 106.4), (1019.0, 91.4), (1059.0, 103.5), (1099.0, 151.0), (1139.0, 223.4), (1179.0, 296.8), (1219.0, 340.8), (1259.0, 311.6), (1299.0, 305.7), (1339.0, 331.3), (1379.0, 348.9), (1419.0, 285.1), (1424.4, 241.8), (1424.4, 254.2), (1424.4, 303.8), (1430.9, 368.0), (1448.4, 304.0), (1473.9, 320.9), (1507.4, 368.0), (1547.4, 304.0), (1587.4, 320.9), (1627.4, 358.1), (1667.4, 326.0), (1707.4, 317.0), (1712.4, 338.1), (1716.9, 368.0), (1748.6, 368.3), (1788.6, 368.0), (1828.6, 339.8), (1868.6, 306.5), (1908.6, 335.9), (1948.6, 331.4), (1988.6, 310.8), (2028.6, 315.3), (2068.6, 354.2), (2108.6, 314.5), (2128.8, 261.1), (2128.8, 229.8), (2128.8, 221.6), (2128.8, 243.4), (2128.8, 300.8), (2131.5, 368.0), (2146.0, 304.0), (2168.5, 320.9), (2199.0, 368.0), (2238.6, 304.0), (2278.6, 320.9), (2318.6, 368.0), (2358.6, 304.0), (2398.6, 320.9), (2438.6, 368.0), (2478.6, 304.0), (2518.6, 320.9), (2558.6, 368.0), (2598.6, 299.1), (2638.6, 250.6), (2671.9, 224.0), (2671.6, 221.1), (2670.9, 250.8), (2674.4, 314.8), (2686.6, 348.9), (2709.1, 285.1), (2739.6, 278.8), (2777.8, 318.5), (2817.8, 348.9), (2857.8, 285.1), (2897.8, 278.8), (2937.8, 318.5), (2977.8, 348.9), (3017.8, 285.1), (3057.8, 241.8), (3097.8, 221.0), (3137.8, 225.2), (3177.8, 263.8), (3217.8, 333.1), (3257.8, 331.0), (3280.8, 272.3), (3288.2, 234.4), (3303.8, 219.4), (3327.2, 231.5), (3359.1, 261.4), (3399.0, 195.1), (3439.0, 149.2), (3479.0, 125.4), (3519.0, 126.0), (3559.0, 160.1), (3599.0, 227.0), (3639.0, 300.4), (3664.0, 368.0), (3663.0, 299.4), (3668.5, 251.2), (3682.0, 224.9), (3703.5, 222.3), (3733.0, 252.3), (3770.4, 316.4), (3810.4, 348.9), (3850.4, 285.1), (3858.6, 241.8), (3869.1, 221.0), (3887.6, 225.2), (3914.1, 263.8), (3951.1, 209.8), (3991.1, 158.7), (4031.1, 129.2), (4071.1, 123.0), (4111.1, 148.3), (4151.1, 208.7), (4191.1, 282.0), (4231.1, 316.9), (4242.6, 253.1), (4253.1, 209.8), (4271.6, 189.0), (4298.1, 193.2), (4332.6, 231.8), (4372.5, 186.5), (4412.5, 132.9), (4452.5, 100.5), (4492.5, 91.2), (4532.5, 112.0), (4572.5, 168.4), (4612.5, 241.8), (4624.4, 315.1), (4631.6, 348.9), (4649.1, 305.1), (4674.6, 330.4), (4708.9, 348.9), (4748.9, 305.1), (4788.9, 330.4), (4828.9, 348.9), (4868.9, 285.1), (4908.9, 241.8), (4948.9, 221.0), (4988.9, 202.0), (5028.9, 138.2), (5068.9, 94.9), (5108.9, 82.8), (5148.9, 114.5), (5188.9, 179.9), (5228.9, 253.3), (5268.9, 218.1), (5308.9, 164.5), (5348.9, 132.1), (5388.9, 122.8), (5428.9, 143.7), (5468.9, 200.0), (5488.0, 146.6), (5488.0, 95.6), (5488.0, 84.8), (5488.7, 121.0), (5488.7, 189.1), (5488.4, 153.9), (5488.9, 100.3), (5488.8, 82.8), (5488.0, 114.5), (5488.0, 179.9), (5487.0, 162.2), (5485.8, 106.4), (5488.1, 81.3), (5488.0, 108.6), (5488.0, 170.8), (5487.6, 170.6), (5485.9, 112.2), (5488.4, 80.4), (5488.8, 103.2), (5488.0, 161.6), (5488.1, 179.2), (5487.6, 118.0), (5488.0, 80.0), (5488.0, 98.4), (5488.0, 152.4), (5487.9, 188.4), (5486.1, 124.9), (5487.6, 81.9), (5488.4, 94.2), (5488.0, 143.8), (5488.0, 197.8), (5486.8, 131.7), (5486.5, 86.1), (5488.0, 90.5), (5488.0, 135.6), (5488.0, 207.4), (5487.6, 138.6), (5487.6, 90.1)]",0,27.47
novice,mario,Mario1-2,Stuck,1,0,198.12,0.969,"[(112.0, 208.0), (116.5, 226.4), (129.0, 280.4), (149.5, 353.8), (180.2, 314.5), (219.0, 260.9), (259.0, 228.5), (299.0, 219.2), (339.0, 240.0), (379.0, 171.2), (419.0, 122.7), (459.0, 96.1), (499.0, 93.1), (539.0, 122.8), (579.0, 186.8), (619.0, 260.1), (659.0, 275.8), (699.0, 214.6), (739.0, 173.9), (779.0, 156.0), (819.0, 164.1), (859.0, 207.1), (899.0, 203.0), (939.0, 144.3), (979.0, 106.4), (1019.0, 91.4), (1059.0, 103.5), (1099.0, 151.0), (1139.0, 223.4), (1179.0, 296.8), (1219.0, 340.8), (1259.0, 311.6), (1299.0, 305.7), (1339.0, 331.3), (1379.0, 348.9), (1419.0, 285.1), (1424.4, 241.8), (1424.4, 254.2), (1424.4, 303.8), (1430.9, 368.0), (1448.4, 304.0), (1473.9, 320.9), (1507.4, 368.0), (1547.4, 304.0), (1587.4, 320.9), (1627.4, 358.1), (1667.4, 326.0), (1707.4, 317.0), (1712.4, 338.1), (1716.9, 368.0), (1748.6, 368.3), (1788.6, 368.0), (1828.6, 339.8), (1868.6, 306.5), (1908.6, 335.9), (1948.6, 331.4), (1988.6, 310.8), (2028.6, 315.3), (2068.6, 354.2), (2108.6, 314.5), (2128.8, 260.9), (2128.8, 228.5), (2128.8, 219.2), (2128.8, 240.0), (2128.8, 296.4), (2131.5, 368.0), (2146.0, 304.0), (2168.5, 320.9), (2199.0, 368.0), (2238.6, 304.0), (2278.6, 320.9), (2318.6, 368.0), (2358.6, 304.0), (2398.6, 320.9), (2438.6, 368.0), (2478.6, 304.0), (2518.6, 320.9), (2558.6, 368.0), (2598.6, 299.1), (2638.6, 250.6), (2672.1, 224.0), (2672.1, 221.1), (2672.1, 250.8), (2673.9, 314.8), (2684.1, 348.9), (2704.6, 285.1), (2733.1, 278.8), (2769.6, 318.5), (2809.6, 348.9), (2849.6, 285.1), (2889.6, 278.8), (2929.6, 318.5), (2969.6, 348.9), (3009.6, 285.1), (3049.6, 241.8), (3089.6, 221.0), (3129.6, 225.2), (3169.6, 263.8), (3209.6, 333.1), (3249.6, 331.0), (3280.1, 272.3), (3285.6, 234.4), (3299.1, 219.4), (3320.6, 231.5), (3350.5, 261.4), (3389.8, 195.1), (3429.8, 149.2), (3469.8, 125.4), (3509.8, 126.0), (3549.8, 160.1), (3589.8, 227.0), (3629.8, 300.4), (3664.0, 368.0), (3664.4, 299.1), (3670.9, 250.6), (3685.4, 224.0), (3707.9, 221.1), (3738.4, 250.8), (3776.5, 314.8), (3816.5, 348.9), (3856.5, 285.1), (3859.5, 241.8), (3871.0, 221.0), (3890.5, 225.2), (3918.0, 263.8), (3955.8, 209.8), (3995.8, 158.7), (4035.8, 129.2), (4075.8, 123.0), (4115.8, 148.3), (4155.8, 208.7), (4195.8, 282.0), (4235.8, 316.9), (4242.6, 253.1), (4253.1, 209.8), (4271.6, 189.0), (4298.1, 193.2), (4332.6, 231.8), (4372.5, 186.5), (4412.5, 132.9), (4452.5, 100.5), (4492.5, 91.2), (4532.5, 112.0), (4572.5, 168.4), (4612.5, 241.8), (4624.1, 315.1), (4630.4, 348.9), (4646.9, 305.1), (4671.4, 330.4), (4704.6, 348.9), (4744.6, 305.1), (4784.6, 330.4), (4824.6, 348.9), (4864.6, 285.1), (4904.6, 241.8), (4944.6, 221.0), (4984.6, 202.0), (5024.6, 138.2), (5064.6, 94.9), (5104.6, 82.8), (5144.6, 114.5), (5184.6, 179.9), (5224.6, 253.3), (5264.6, 218.1), (5304.6, 164.5), (5344.6, 132.1), (5384.6, 122.8), (5424.6, 143.7), (5464.6, 200.0), (5488.8, 146.6), (5488.8, 95.6), (5488.8, 84.8), (5488.8, 121.0), (5488.8, 189.1), (5488.0, 153.9), (5488.0, 100.3), (5488.0, 82.8), (5488.0, 114.5), (5488.0, 179.9), (5488.0, 162.0), (5488.0, 105.9), (5488.0, 81.3), (5488.0, 108.6), (5488.0, 170.8), (5488.4, 170.5), (5488.4, 111.8), (5488.4, 80.4), (5488.4, 103.2), (5488.4, 161.6), (5488.4, 179.2), (5488.4, 118.0), (5488.4, 80.0), (5488.4, 98.4), (5488.4, 152.4), (5488.0, 188.3), (5488.0, 124.6), (5488.0, 81.3), (5488.0, 94.2), (5488.0, 143.8), (5488.0, 197.7), (5488.0, 131.4), (5488.0, 85.5), (5488.0, 90.5), (5488.0, 135.6), (5488.0, 207.4), (5488.4, 138.6), (5488.4, 90.1)]",0,27.48
novice,mario,Mario1-2,Stuck,1,0,198.12,0.969,"[(112.0, 208.0), (116.5, 226.4), (129.0, 280.4), (149.5, 353.8), (180.2, 314.5), (219.0, 260.9), (259.0, 228.5), (299.0, 219.2), (339.0, 240.0), (379.0, 171.2), (419.0, 122.7), (459.0, 96.1), (499.0, 93.1), (539.0, 122.8), (579.0, 186.8), (619.0, 260.1), (659.0, 275.8), (699.0, 214.6), (739.0, 173.9), (779.0, 156.0), (819.0, 164.1), (859.0, 207.1), (899.0, 203.0), (939.0, 144.3), (979.0, 106.4), (1019.0, 91.4), (1059.0, 103.5), (1099.0, 151.0), (1139.0, 223.4), (1179.0, 296.8), (1219.0, 340.8), (1259.0, 311.6), (1299.0, 305.7), (1339.0, 331.3), (1379.0, 348.9), (1419.0, 285.1), (1424.4, 241.8), (1424.4, 254.2), (1424.4, 303.8), (1430.9, 368.0), (1448.4, 304.0), (1473.9, 320.9), (1507.4, 368.0), (1547.4, 304.0), (1587.4, 320.9), (1627.4, 358.1), (1667.4, 326.0), (1707.4, 317.0), (1712.4, 338.1), (1716.9, 368.0), (1748.6, 368.3), (1788.6, 368.0), (1828.6, 339.8), (1868.6, 306.5), (1908.6, 335.9), (1948.6, 331.4), (1988.6, 310.8), (2028.6, 315.3), (2068.6, 354.2), (2108.6, 314.5), (2128.8, 260.9), (2128.8, 228.5), (2128.8, 219.2), (2128.8, 240.0), (2128.8, 296.4), (2131.5, 368.0), (2146.0, 304.0), (2168.5, 320.9), (2199.0, 368.0), (2238.6, 304.0), (2278.6, 320.9), (2318.6, 368.0), (2358.6, 304.0), (2398.6, 320.9), (2438.6, 368.0), (2478.6, 304.0), (2518.6, 320.9), (2558.6, 368.0), (2598.6, 299.1), (2638.6, 250.6), (2672.1, 224.0), (2672.1, 221.1), (2672.1, 250.8), (2673.9, 314.8), (2684.1, 348.9), (2704.6, 285.1), (2733.1, 278.8), (2769.6, 318.5), (2809.6, 348.9), (2849.6, 285.1), (2889.6, 278.8), (2929.6, 318.5), (2969.6, 348.9), (3009.6, 285.1), (3049.6, 241.8), (3089.6, 221.0), (3129.6, 225.2), (3169.6, 263.8), (3209.6, 333.1), (3249.6, 331.0), (3280.1, 272.3), (3285.6, 234.4), (3299.1, 219.4), (3320.6, 231.5), (3350.5, 261.4), (3389.8, 195.1), (3429.8, 149.2), (3469.8, 125.4), (3509.8, 126.0), (3549.8, 160.1), (3589.8, 227.0), (3629.8, 300.4), (3664.0, 368.0), (3664.4, 299.1), (3670.9, 250.6), (3685.4, 224.0), (3707.9, 221.1), (3738.4, 250.8), (3776.5, 314.8), (3816.5, 348.9), (3856.5, 285.1), (3859.5, 241.8), (3871.0, 221.0), (3890.5, 225.2), (3918.0, 263.8), (3955.8, 209.8), (3995.8, 158.7), (4035.8, 129.2), (4075.8, 123.0), (4115.8, 148.3), (4155.8, 208.7), (4195.8, 282.0), (4235.8, 316.9), (4242.6, 253.1), (4253.1, 209.8), (4271.6, 189.0), (4298.1, 193.2), (4332.6, 231.8), (4372.5, 186.5), (4412.5, 132.9), (4452.5, 100.5), (4492.5, 91.2), (4532.5, 112.0), (4572.5, 168.4), (4612.5, 241.8), (4624.1, 315.1), (4630.4, 348.9), (4646.9, 305.1), (4671.4, 330.4), (4704.6, 348.9), (4744.6, 305.1), (4784.6, 330.4), (4824.6, 348.9), (4864.6, 285.1), (4904.6, 241.8), (4944.6, 221.0), (4984.6, 202.0), (5024.6, 138.2), (5064.6, 94.9), (5104.6, 82.8), (5144.6, 114.5), (5184.6, 179.9), (5224.6, 253.3), (5264.6, 218.1), (5304.6, 164.5), (5344.6, 132.1), (5384.6, 122.8), (5424.6, 143.7), (5464.6, 200.0), (5488.8, 146.6), (5488.8, 95.6), (5488.8, 84.8), (5488.8, 121.0), (5488.8, 189.1), (5488.0, 153.9), (5488.0, 100.3), (5488.0, 82.8), (5488.0, 114.5), (5488.0, 179.9), (5488.0, 162.0), (5488.0, 105.9), (5488.0, 81.3), (5488.0, 108.6), (5488.0, 170.8), (5488.4, 170.5), (5488.4, 111.8), (5488.4, 80.4), (5488.4, 103.2), (5488.4, 161.6), (5488.4, 179.2), (5488.4, 118.0), (5488.4, 80.0), (5488.4, 98.4), (5488.4, 152.4), (5488.0, 188.3), (5488.0, 124.6), (5488.0, 81.3), (5488.0, 94.2), (5488.0, 143.8), (5488.0, 197.7), (5488.0, 131.4), (5488.0, 85.5), (5488.0, 90.5), (5488.0, 135.6), (5488.0, 207.4), (5488.4, 138.6), (5488.4, 90.1)]",0,27.48
novice,mario,Mario1-2,Stuck,1,0,198.12,0.969,"[(112.0, 208.0), (116.5, 226.4), (129.0, 280.4), (149.5, 353.8), (180.2, 314.5), (219.0, 260.9), (259.0, 228.5), (299.0, 219.2), (339.0, 240.0), (379.0, 171.2), (419.0, 122.7), (459.0, 96.1), (499.0, 93.1), (539.0, 122.8), (579.0, 186.8), (619.0, 260.1), (659.0, 275.8), (699.0, 214.6), (739.0, 173.9), (779.0, 156.0), (819.0, 164.1), (859.0, 207.1), (899.0, 203.0), (939.0, 144.3), (979.0, 106.4), (1019.0, 91.4), (1059.0, 103.5), (1099.0, 151.0), (1139.0, 223.4), (1179.0, 296.8), (1219.0, 340.8), (1259.0, 311.6), (1299.0, 305.7), (1339.0, 331.3), (1379.0, 348.9), (1419.0, 285.1), (1424.4, 241.8), (1424.4, 254.2), (1424.4, 303.8), (1430.9, 368.0), (1448.4, 304.0), (1473.9, 320.9), (1507.4, 368.0), (1547.4, 304.0), (1587.4, 320.9), (1627.4, 358.1), (1667.4, 326.0), (1707.4, 317.0), (1712.4, 338.1), (1716.9, 368.0), (1748.6, 368.3), (1788.6, 368.0), (1828.6, 339.8), (1868.6, 306.5), (1908.6, 335.9), (1948.6, 331.4), (1988.6, 310.8), (2028.6, 315.3), (2068.6, 354.2), (2108.6, 314.5), (2128.8, 260.9), (2128.8, 228.5), (2128.8, 219.2), (2128.8, 240.0), (2128.8, 296.4), (2131.5, 368.0), (2146.0, 304.0), (2168.5, 320.9), (2199.0, 368.0), (2238.6, 304.0), (2278.6, 320.9), (2318.6, 368.0), (2358.6, 304.0), (2398.6, 320.9), (2438.6, 368.0), (2478.6, 304.0), (2518.6, 320.9), (2558.6, 368.0), (2598.6, 299.1), (2638.6, 250.6), (2672.1, 224.0), (2672.1, 221.1), (2672.1, 250.8), (2673.9, 314.8), (2684.1, 348.9), (2704.6, 285.1), (2733.1, 278.8), (2769.6, 318.5), (2809.6, 348.9), (2849.6, 285.1), (2889.6, 278.8), (2929.6, 318.5), (2969.6, 348.9), (3009.6, 285.1), (3049.6, 241.8), (3089.6, 221.0), (3129.6, 225.2), (3169.6, 263.8), (3209.6, 333.1), (3249.6, 331.0), (3280.1, 272.3), (3285.6, 234.4), (3299.1, 219.4), (3320.6, 231.5), (3350.5, 261.4), (3389.8, 195.1), (3429.8, 149.2), (3469.8, 125.4), (3509.8, 126.0), (3549.8, 160.1), (3589.8, 227.0), (3629.8, 300.4), (3664.0, 368.0), (3664.4, 299.1), (3670.9, 250.6), (3685.4, 224.0), (3707.9, 221.1), (3738.4, 250.8), (3776.5, 314.8), (3816.5, 348.9), (3856.5, 285.1), (3859.5, 241.8), (3871.0, 221.0), (3890.5, 225.2), (3918.0, 263.8), (3955.8, 209.8), (3995.8, 158.7), (4035.8, 129.2), (4075.8, 123.0), (4115.8, 148.3), (4155.8, 208.7), (4195.8, 282.0), (4235.8, 316.9), (4242.6, 253.1), (4253.1, 209.8), (4271.6, 189.0), (4298.1, 193.2), (4332.6, 231.8), (4372.5, 186.5), (4412.5, 132.9), (4452.5, 100.5), (4492.5, 91.2), (4532.5, 112.0), (4572.5, 168.4), (4612.5, 241.8), (4624.1, 315.1), (4630.4, 348.9), (4646.9, 305.1), (4671.4, 330.4), (4704.6, 348.9), (4744.6, 305.1), (4784.6, 330.4), (4824.6, 348.9), (4864.6, 285.1), (4904.6, 241.8), (4944.6, 221.0), (4984.6, 202.0), (5024.6, 138.2), (5064.6, 94.9), (5104.6, 82.8), (5144.6, 114.5), (5184.6, 179.9), (5224.6, 253.3), (5264.6, 218.1), (5304.6, 164.5), (5344.6, 132.1), (5384.6, 122.8), (5424.6, 143.7), (5464.6, 200.0), (5488.8, 146.6), (5488.8, 95.6), (5488.8, 84.8), (5488.8, 121.0), (5488.8, 189.1), (5488.0, 153.9), (5488.0, 100.3), (5488.0, 82.8), (5488.0, 114.5), (5488.0, 179.9), (5488.0, 162.0), (5488.0, 105.9), (5488.0, 81.3), (5488.0, 108.6), (5488.0, 170.8), (5488.4, 170.5), (5488.4, 111.8), (5488.4, 80.4), (5488.4, 103.2), (5488.4, 161.6), (5488.4, 179.2), (5488.4, 118.0), (5488.4, 80.0), (5488.4, 98.4), (5488.4, 152.4), (5488.0, 188.3), (5488.0, 124.6), (5488.0, 81.3), (5488.0, 94.2), (5488.0, 143.8), (5488.0, 197.7), (5488.0, 131.4), (5488.0, 85.5), (5488.0, 90.5), (5488.0, 135.6), (5488.0, 207.4), (5488.4, 138.6), (5488.4, 90.1)]",0,27.48
novice,mario,Mario1-2,Stuck,1,0,198.12,0.969,"[(112.0, 208.0), (116.5, 226.4), (129.0, 280.4), (149.5, 353.8), (180.2, 314.5), (219.0, 260.9), (259.0, 228.5), (299.0, 219.2), (339.0, 240.0), (379.0, 171.2), (419.0, 122.7), (459.0, 96.1), (499.0, 93.1), (539.0, 122.8), (579.0, 186.8), (619.0, 260.1), (659.0, 275.8), (699.0, 214.6), (739.0, 173.9), (779.0, 156.0), (819.0, 164.1), (859.0, 207.1), (899.0, 203.0), (939.0, 144.3), (979.0, 106.4), (1019.0, 91.4), (1059.0, 103.5), (1099.0, 151.0), (1139.0, 223.4), (1179.0, 296.8), (1219.0, 340.8), (1259.0, 311.6), (1299.0, 305.7), (1339.0, 331.3), (1379.0, 348.9), (1419.0, 285.1), (1424.4, 241.8), (1424.4, 254.2), (1424.4, 303.8), (1430.9, 368.0), (1448.4, 304.0), (1473.9, 320.9), (1507.4, 368.0), (1547.4, 304.0), (1587.4, 320.9), (1627.4, 358.1), (1667.4, 326.0), (1707.4, 317.0), (1712.4, 338.1), (1716.9, 368.0), (1748.6, 368.3), (1788.6, 368.0), (1828.6, 339.8), (1868.6, 306.5), (1908.6, 335.9), (1948.6, 331.4), (1988.6, 310.8), (2028.6, 315.3), (2068.6, 354.2), (2108.6, 314.5), (2128.8, 260.9), (2128.8, 228.5), (2128.8, 219.2), (2128.8, 240.0), (2128.8, 296.4), (2131.5, 368.0), (2146.0, 304.0), (2168.5, 320.9), (2199.0, 368.0), (2238.6, 304.0), (2278.6, 320.9), (2318.6, 368.0), (2358.6, 304.0), (2398.6, 320.9), (2438.6, 368.0), (2478.6, 304.0), (2518.6, 320.9), (2558.6, 368.0), (2598.6, 299.1), (2638.6, 250.6), (2672.1, 224.0), (2672.1, 221.1), (2672.1, 250.8), (2673.9, 314.8), (2684.1, 348.9), (2704.6, 285.1), (2733.1, 278.8), (2769.6, 318.5), (2809.6, 348.9), (2849.6, 285.1), (2889.6, 278.8), (2929.6, 318.5), (2969.6, 348.9), (3009.6, 285.1), (3049.6, 241.8), (3089.6, 221.0), (3129.6, 225.2), (3169.6, 263.8), (3209.6, 333.1), (3249.6, 331.0), (3280.1, 272.3), (3285.6, 234.4), (3299.1, 219.4), (3320.6, 231.5), (3350.5, 261.4), (3389.8, 195.1), (3429.8, 149.2), (3469.8, 125.4), (3509.8, 126.0), (3549.8, 160.1), (3589.8, 227.0), (3629.8, 300.4), (3664.0, 368.0), (3664.4, 299.1), (3670.9, 250.6), (3685.4, 224.0), (3707.9, 221.1), (3738.4, 250.8), (3776.5, 314.8), (3816.5, 348.9), (3856.5, 285.1), (3859.5, 241.8), (3871.0, 221.0), (3890.5, 225.2), (3918.0, 263.8), (3955.8, 209.8), (3995.8, 158.7), (4035.8, 129.2), (4075.8, 123.0), (4115.8, 148.3), (4155.8, 208.7), (4195.8, 282.0), (4235.8, 316.9), (4242.6, 253.1), (4253.1, 209.8), (4271.6, 189.0), (4298.1, 193.2), (4332.6, 231.8), (4372.5, 186.5), (4412.5, 132.9), (4452.5, 100.5), (4492.5, 91.2), (4532.5, 112.0), (4572.5, 168.4), (4612.5, 241.8), (4624.1, 315.1), (4630.4, 348.9), (4646.9, 305.1), (4671.4, 330.4), (4704.6, 348.9), (4744.6, 305.1), (4784.6, 330.4), (4824.6, 348.9), (4864.6, 285.1), (4904.6, 241.8), (4944.6, 221.0), (4984.6, 202.0), (5024.6, 138.2), (5064.6, 94.9), (5104.6, 82.8), (5144.6, 114.5), (5184.6, 179.9), (5224.6, 253.3), (5264.6, 218.1), (5304.6, 164.5), (5344.6, 132.1), (5384.6, 122.8), (5424.6, 143.7), (5464.6, 200.0), (5488.8, 146.6), (5488.8, 95.6), (5488.8, 84.8), (5488.8, 121.0), (5488.8, 189.1), (5488.0, 153.9), (5488.0, 100.3), (5488.0, 82.8), (5488.0, 114.5), (5488.0, 179.9), (5488.0, 162.0), (5488.0, 105.9), (5488.0, 81.3), (5488.0, 108.6), (5488.0, 170.8), (5488.4, 170.5), (5488.4, 111.8), (5488.4, 80.4), (5488.4, 103.2), (5488.4, 161.6), (5488.4, 179.2), (5488.4, 118.0), (5488.4, 80.0), (5488.4, 98.4), (5488.4, 152.4), (5488.0, 188.3), (5488.0, 124.6), (5488.0, 81.3), (5488.0, 94.2), (5488.0, 143.8), (5488.0, 197.7), (5488.0, 131.4), (5488.0, 85.5), (5488.0, 90.5), (5488.0, 135.6), (5488.0, 207.4), (5488.4, 138.6), (5488.4, 90.1)]",0,27.48
novice,mario,Mario1-2,Stuck,21,3,146.8,0.348,"[(112.0, 208.0), (116.5, 226.4), (129.0, 280.4), (149.5, 353.8), (183.6, 348.9), (223.6, 285.1), (263.6, 241.8), (303.6, 221.0), (343.6, 225.2), (383.6, 203.1), (423.6, 144.4), (463.6, 106.5), (503.6, 91.4), (543.6, 103.5), (583.6, 151.0), (623.6, 223.5), (663.6, 296.8), (703.6, 242.6), (743.6, 191.6), (783.6, 162.1), (823.6, 155.9), (863.6, 181.1), (903.6, 241.6), (943.6, 235.0), (947.5, 176.3), (959.0, 138.4), (978.5, 123.4), (1006.0, 135.5), (1041.5, 183.0), (1081.5, 255.4), (1121.5, 304.0), (1161.5, 235.1), (1201.5, 186.6), (1241.5, 160.0), (1281.5, 157.1), (1321.5, 157.0), (1361.5, 93.6), (1401.5, 86.8), (1441.5, 126.5), (1481.5, 176.0), (1521.5, 107.1), (1561.5, 82.5), (1601.5, 113.2), (1641.5, 177.9), (1648.4, 251.3), (1649.9, 324.6), (1659.4, 327.5), (1676.9, 307.0), (1702.4, 311.5), (1712.1, 350.4), (1712.4, 323.0), (1712.4, 267.5), (1712.4, 233.0), (1718.9, 221.4), (1733.4, 238.5), (1765.1, 240.4), (1805.1, 240.4), (1845.1, 189.2), (1885.1, 144.3), (1925.1, 166.2), (1965.1, 223.6), (1968.0, 186.7), (1968.0, 144.3), (1968.0, 166.2), (1968.0, 223.6), (1968.8, 203.0), (1968.8, 144.3), (1968.8, 157.4), (1968.8, 205.9), (1968.1, 212.2), (1968.1, 150.9), (1968.1, 153.9), (1968.1, 197.9), (1968.0, 221.2), (1968.0, 157.5), (1968.0, 150.8), (1968.0, 190.5), (1968.5, 230.6), (1968.8, 164.3), (1968.8, 148.4), (1968.8, 183.6), (1968.0, 240.4), (1968.4, 171.5), (1968.4, 146.5), (1968.4, 177.2), (1968.4, 240.0), (1968.1, 179.0), (1968.1, 145.1), (1968.1, 171.4), (1968.1, 232.8), (1968.0, 186.8), (1968.0, 144.3), (1968.0, 166.2), (1968.0, 223.6), (1968.8, 194.9), (1968.8, 144.0), (1968.8, 161.5), (1968.8, 214.5)]",0,13.02
novice,mario,Mario1-2,Stuck,7,0,198.12,0.969,"[(112.0, 208.0), (116.5, 226.4), (129.0, 280.4), (149.5, 353.8), (180.2, 314.5), (219.0, 260.9), (259.0, 228.5), (299.0, 219.2), (339.0, 240.0), (379.0, 171.2), (419.0, 122.7), (459.0, 96.1), (499.0, 93.1), (539.0, 122.8), (579.0, 186.8), (619.0, 260.1), (659.0, 275.8), (699.0, 214.6), (739.0, 173.9), (779.0, 156.0), (819.0, 164.1), (859.0, 207.1), (899.0, 203.0), (939.0, 144.3), (979.0, 106.4), (1019.0, 91.4), (1059.0, 103.5), (1099.0, 151.0), (1139.0, 223.4), (1179.0, 296.8), (1219.0, 340.8), (1259.0, 311.6), (1299.0, 305.7), (1339.0, 331.3), (1379.0, 348.9), (1419.0, 285.1), (1424.4, 241.8), (1424.4, 254.2), (1424.4, 303.8), (1430.9, 368.0), (1448.4, 304.0), (1473.9, 320.9), (1507.4, 368.0), (1547.4, 304.0), (1587.4, 320.9), (1627.4, 358.1), (1667.4, 326.0), (1707.4, 317.0), (1712.4, 338.1), (1716.9, 368.0), (1748.6, 368.3), (1788.6, 368.0), (1828.6, 339.8), (1868.6, 306.5), (1908.6, 335.9), (1948.6, 331.4), (1988.6, 310.8), (2028.6, 315.3), (2068.6, 354.2), (2108.6, 314.5), (2128.8, 260.9), (2128.8, 228.5), (2128.8, 219.2), (2128.8, 240.0), (2128.8, 296.4), (2131.5, 368.0), (2146.0, 304.0), (2168.5, 320.9), (2199.0, 368.0), (2238.6, 304.0), (2278.6, 320.9), (2318.6, 368.0), (2358.6, 304.0), (2398.6, 320.9), (2438.6, 368.0), (2478.6, 304.0), (2518.6, 320.9), (2558.6, 368.0), (2598.6, 299.8), (2638.6, 252.0), (2672.1, 226.0), (2672.1, 223.8), (2672.1, 254.2), (2673.9, 318.7), (2684.1, 348.9), (2704.6, 285.1), (2733.1, 278.8), (2769.6, 318.5), (2809.6, 348.9), (2849.6, 285.1), (2889.6, 278.8), (2929.6, 318.5), (2969.6, 348.9), (3009.6, 285.1), (3049.6, 241.8), (3089.6, 221.0), (3129.6, 225.2), (3169.6, 263.8), (3209.6, 333.1), (3249.6, 331.0), (3280.1, 272.3), (3285.6, 234.4), (3299.1, 219.4), (3320.6, 231.5), (3350.5, 261.4), (3389.8, 195.1), (3429.8, 149.2), (3469.8, 125.4), (3509.8, 126.0), (3549.8, 160.1), (3589.8, 227.0), (3629.8, 300.4), (3664.0, 368.0), (3664.4, 299.1), (3670.9, 250.6), (3685.4, 224.0), (3707.9, 221.1), (3738.4, 250.8), (3776.5, 314.8), (3816.5, 348.9), (3856.5, 285.1), (3859.5, 241.8), (3871.0, 221.0), (3890.5, 225.2), (3918.0, 263.8), (3955.8, 209.8), (3995.8, 158.7), (4035.8, 129.2), (4075.8, 123.0), (4115.8, 148.3), (4155.8, 208.7), (4195.8, 282.0), (4235.8, 316.9), (4242.6, 253.1), (4253.1, 209.8), (4271.6, 189.0), (4298.1, 193.2), (4332.6, 231.8), (4372.5, 186.5), (4412.5, 132.9), (4452.5, 100.5), (4492.5, 91.2), (4532.5, 112.0), (4572.5, 168.4), (4612.5, 241.8), (4624.1, 315.1), (4630.4, 348.9), (4646.9, 305.1), (4671.4, 330.4), (4704.6, 348.9), (4744.6, 305.1), (4784.6, 330.4), (4824.6, 348.9), (4864.6, 285.1), (4904.6, 241.8), (4944.6, 221.0), (4984.6, 202.0), (5024.6, 138.2), (5064.6, 94.9), (5104.6, 82.8), (5144.6, 114.5), (5184.6, 179.9), (5224.6, 253.3), (5264.6, 218.1), (5304.6, 164.5), (5344.6, 132.1), (5384.6, 122.8), (5424.6, 143.7), (5464.6, 200.0), (5488.8, 146.6), (5488.8, 95.6), (5488.8, 84.8), (5488.8, 121.0), (5488.8, 189.1), (5488.0, 153.9), (5488.0, 100.3), (5488.0, 82.8), (5488.0, 114.5), (5488.0, 179.9), (5488.0, 162.0), (5488.0, 105.9), (5488.0, 81.3), (5488.0, 108.6), (5488.0, 170.8), (5488.4, 170.5), (5488.4, 111.8), (5488.4, 80.4), (5488.4, 103.2), (5488.4, 161.6), (5488.4, 179.2), (5488.4, 118.0), (5488.4, 80.0), (5488.4, 98.4), (5488.4, 152.4), (5488.0, 188.3), (5488.0, 124.6), (5488.0, 81.3), (5488.0, 94.2), (5488.0, 143.8), (5488.0, 197.7), (5488.0, 131.4), (5488.0, 85.5), (5488.0, 90.5), (5488.0, 135.6), (5488.0, 207.4), (5488.4, 138.6), (5488.4, 90.1)]",0,27.48
novice,mario,Mario1-2,Enemy,1,0,170.63,0.076,"[(112.0, 208.0), (116.5, 226.4), (128.8, 280.4), (140.4, 353.8), (145.7, 314.5), (157.5, 260.9), (177.2, 228.5), (204.9, 219.2), (238.1, 240.0), (264.9, 296.4), (283.6, 368.0), (308.4, 368.0), (348.4, 368.0), (388.4, 368.0), (428.4, 368.0)]",0,1.88
novice,mario,Mario1-2,Pit,12,0,235.23,0.791,"[(112.0, 208.0), (116.5, 226.4), (129.0, 280.4), (149.5, 353.8), (180.2, 314.5), (219.0, 260.9), (259.0, 228.5), (299.0, 219.2), (339.0, 240.0), (379.0, 171.2), (419.0, 122.7), (459.0, 96.1), (499.0, 93.1), (539.0, 122.8), (579.0, 186.8), (619.0, 260.1), (659.0, 275.8), (699.0, 214.6), (739.0, 173.9), (779.0, 156.0), (819.0, 164.1), (859.0, 207.1), (899.0, 203.0), (939.0, 144.3), (979.0, 106.4), (1019.0, 91.4), (1059.0, 103.5), (1099.0, 151.0), (1139.0, 223.4), (1179.0, 296.8), (1219.0, 340.8), (1259.0, 311.6), (1299.0, 305.7), (1339.0, 331.3), (1379.0, 348.9), (1419.0, 285.1), (1424.4, 241.8), (1424.4, 254.2), (1424.4, 303.8), (1430.9, 368.0), (1448.4, 304.0), (1473.9, 320.9), (1507.4, 368.0), (1547.4, 304.0), (1587.4, 320.9), (1627.4, 358.1), (1667.4, 326.0), (1707.4, 317.0), (1712.4, 338.1), (1716.9, 368.0), (1748.6, 368.3), (1788.6, 368.0), (1828.6, 339.8), (1868.6, 306.5), (1908.6, 335.9), (1948.6, 331.4), (1988.6, 310.8), (2028.6, 315.3), (2068.6, 354.2), (2108.6, 314.5), (2128.8, 260.9), (2128.8, 228.5), (2128.8, 219.2), (2128.8, 240.0), (2128.8, 296.4), (2131.5, 368.0), (2146.0, 304.0), (2168.5, 320.9), (2199.0, 368.0), (2238.6, 304.0), (2278.6, 320.9), (2318.6, 368.0), (2358.6, 304.0), (2398.6, 320.9), (2438.6, 368.0), (2478.6, 304.0), (2518.6, 320.9), (2558.6, 368.0), (2598.6, 299.8), (2638.6, 252.0), (2672.1, 226.0), (2672.1, 223.8), (2672.1, 254.2), (2673.9, 318.7), (2684.1, 348.9), (2704.6, 285.1), (2733.1, 278.8), (2769.6, 318.5), (2809.6, 348.9), (2849.6, 285.1), (2889.6, 278.8), (2929.6, 318.5), (2969.6, 348.9), (3009.6, 285.1), (3049.6, 241.8), (3089.6, 221.0), (3129.6, 225.2), (3169.6, 263.8), (3209.6, 333.1), (3249.6, 331.0), (3280.1, 272.3), (3285.6, 234.4), (3299.1, 219.4), (3320.6, 231.5), (3350.5, 261.4), (3389.8, 195.1), (3429.8, 149.2), (3469.8, 125.4), (3509.8, 126.0), (3549.8, 160.1), (3589.8, 227.0), (3629.8, 300.4), (3664.0, 368.0), (3664.4, 299.1), (3670.9, 250.6), (3685.4, 224.0), (3707.9, 221.1), (3738.4, 250.8), (3776.5, 314.8), (3816.5, 349.0), (3856.5, 285.5), (3859.5, 242.6), (3871.0, 222.1), (3890.5, 226.7), (3918.0, 265.6), (3955.8, 212.4), (3995.8, 162.4), (4035.8, 133.9), (4075.8, 128.8), (4115.8, 155.1), (4155.8, 216.4), (4195.8, 289.8), (4235.8, 307.6), (4275.8, 247.5), (4315.8, 207.9), (4355.8, 191.0), (4395.8, 200.1), (4435.8, 244.2), (4464.4, 315.7), (4470.9, 389.0)]",0,18.62
novice,mario,Mario1-2,Stuck,1,0,198.12,0.969,"[(112.0, 208.0), (116.5, 226.4), (129.0, 280.4), (149.5, 353.8), (180.2, 314.5), (219.0, 260.9), (259.0, 228.5), (299.0, 219.2), (339.0, 240.0), (379.0, 171.2), (419.0, 122.7), (459.0, 96.1), (499.0, 93.1), (539.0, 122.8), (579.0, 186.8), (619.0, 260.1), (659.0, 275.8), (699.0, 214.6), (739.0, 173.9), (779.0, 156.0), (819.0, 164.1), (859.0, 207.1), (899.0, 203.0), (939.0, 144.3), (979.0, 106.4), (1019.0, 91.4), (1059.0, 103.5), (1099.0, 151.0), (1139.0, 223.4), (1179.0, 296.8), (1219.0, 340.8), (1259.0, 311.6), (1299.0, 305.7), (1339.0, 331.3), (1379.0, 348.9), (1419.0, 285.1), (1424.4, 241.8), (1424.4, 254.2), (1424.4, 303.8), (1430.9, 368.0), (1448.4, 304.0), (1473.9, 320.9), (1507.4, 368.0), (1547.4, 304.0), (1587.4, 320.9), (1627.4, 358.1), (1667.4, 326.0), (1707.4, 317.0), (1712.4, 338.1), (1716.9, 368.0), (1748.6, 368.3), (1788.6, 368.0), (1828.6, 339.8), (1868.6, 306.5), (1908.6, 335.9), (1948.6, 331.4), (1988.6, 310.8), (2028.6, 315.3), (2068.6, 354.2), (2108.6, 314.5), (2128.8, 260.9), (2128.8, 228.5), (2128.8, 219.2), (2128.8, 240.0), (2128.8, 296.4), (2131.5, 368.0), (2146.0, 304.0), (2168.5, 320.9), (2199.0, 368.0), (2238.6, 304.0), (2278.6, 320.9), (2318.6, 368.0), (2358.6, 304.0), (2398.6, 320.9), (2438.6, 368.0), (2478.6, 304.0), (2518.6, 320.9), (2558.6, 368.0), (2598.6, 299.1), (2638.6, 250.6), (2672.1, 224.0), (2672.1, 221.1), (2672.1, 250.8), (2673.9, 314.8), (2684.1, 348.9), (2704.6, 285.1), (2733.1, 278.8), (2769.6, 318.5), (2809.6, 348.9), (2849.6, 285.1), (2889.6, 278.8), (2929.6, 318.5), (2969.6, 348.9), (3009.6, 285.1), (3049.6, 241.8), (3089.6, 221.0), (3129.6, 225.2), (3169.6, 263.8), (3209.6, 333.1), (3249.6, 331.0), (3280.1, 272.3), (3285.6, 234.4), (3299.1, 219.4), (3320.6, 231.5), (3350.5, 261.4), (3389.8, 195.1), (3429.8, 149.2), (3469.8, 125.4), (3509.8, 126.0), (3549.8, 160.1), (3589.8, 227.0), (3629.8, 300.4), (3664.0, 368.0), (3664.4, 299.1), (3670.9, 250.6), (3685.4, 224.0), (3707.9, 221.1), (3738.4, 250.8), (3776.5, 314.8), (3816.5, 348.9), (3856.5, 285.1), (3859.5, 241.8), (3871.0, 221.0), (3890.5, 225.2), (3918.0, 263.8), (3955.8, 209.8), (3995.8, 158.7), (4035.8, 129.2), (4075.8, 123.0), (4115.8, 148.3), (4155.8, 208.7), (4195.8, 282.0), (4235.8, 316.9), (4242.6, 253.1), (4253.1, 209.8), (4271.6, 189.0), (4298.1, 193.2), (4332.6, 231.8), (4372.5, 186.5), (4412.5, 132.9), (4452.5, 100.5), (4492.5, 91.2), (4532.5, 112.0), (4572.5, 168.4), (4612.5, 241.8), (4624.1, 315.1), (4630.4, 348.9), (4646.9, 305.1), (4671.4, 330.4), (4704.6, 348.9), (4744.6, 305.1), (4784.6, 330.4), (4824.6, 348.9), (4864.6, 285.1), (4904.6, 241.8), (4944.6, 221.0), (4984.6, 202.0), (5024.6, 138.2), (5064.6, 94.9), (5104.6, 82.8), (5144.6, 114.5), (5184.6, 179.9), (5224.6, 253.3), (5264.6, 218.1), (5304.6, 164.5), (5344.6, 132.1), (5384.6, 122.8), (5424.6, 143.7), (5464.6, 200.0), (5488.8, 146.6), (5488.8, 95.6), (5488.8, 84.8), (5488.8, 121.0), (5488.8, 189.1), (5488.0, 153.9), (5488.0, 100.3), (5488.0, 82.8), (5488.0, 114.5), (5488.0, 179.9), (5488.0, 162.0), (5488.0, 105.9), (5488.0, 81.3), (5488.0, 108.6), (5488.0, 170.8), (5488.4, 170.5), (5488.4, 111.8), (5488.4, 80.4), (5488.4, 103.2), (5488.4, 161.6), (5488.4, 179.2), (5488.4, 118.0), (5488.4, 80.0), (5488.4, 98.4), (5488.4, 152.4), (5488.0, 188.3), (5488.0, 124.6), (5488.0, 81.3), (5488.0, 94.2), (5488.0, 143.8), (5488.0, 197.7), (5488.0, 131.4), (5488.0, 85.5), (5488.0, 90.5), (5488.0, 135.6), (5488.0, 207.4), (5488.4, 138.6), (5488.4, 90.1)]",0,27.48
novice,mario,Mario1-2,Stuck,2,0,196.46,0.969,"[(112.0, 208.0), (116.5, 226.4), (129.0, 280.4), (149.5, 353.8), (180.2, 314.5), (219.0, 260.9), (259.0, 228.5), (299.0, 219.2), (339.0, 240.0), (379.0, 171.2), (419.0, 122.7), (459.0, 96.1), (499.0, 93.1), (539.0, 122.8), (579.0, 186.8), (619.0, 260.1), (659.0, 275.8), (699.0, 214.6), (739.0, 173.9), (779.0, 156.0), (819.0, 164.1), (859.0, 207.1), (899.0, 203.0), (939.0, 144.3), (979.0, 106.4), (1019.0, 91.4), (1059.0, 103.5), (1099.0, 151.0), (1139.0, 223.4), (1179.0, 296.8), (1219.0, 340.8), (1259.0, 311.6), (1299.0, 305.7), (1339.0, 331.3), (1379.0, 348.9), (1419.0, 285.1), (1424.4, 241.8), (1424.4, 254.2), (1424.4, 303.8), (1430.9, 368.0), (1448.4, 304.0), (1473.9, 320.9), (1507.4, 368.0), (1547.4, 304.0), (1587.4, 320.9), (1627.4, 358.1), (1667.4, 326.0), (1707.4, 317.0), (1712.4, 338.1), (1716.9, 368.0), (1748.6, 368.3), (1788.6, 368.0), (1828.6, 339.8), (1868.6, 306.5), (1908.6, 335.9), (1948.6, 331.4), (1988.6, 310.8), (2028.6, 315.3), (2068.6, 354.2), (2108.6, 314.5), (2128.8, 261.1), (2128.8, 229.8), (2128.8, 221.6), (2128.8, 243.4), (2128.8, 300.8), (2131.5, 368.0), (2146.0, 304.0), (2168.5, 320.9), (2199.0, 368.0), (2238.6, 304.0), (2278.6, 320.9), (2318.6, 368.0), (2358.6, 304.0), (2398.6, 320.9), (2438.6, 368.0), (2478.6, 304.0), (2518.6, 320.9), (2558.6, 368.0), (2598.6, 299.1), (2638.6, 250.6), (2671.9, 224.0), (2671.6, 221.1), (2670.9, 250.8), (2674.4, 314.8), (2686.6, 348.9), (2709.1, 285.1), (2739.6, 278.8), (2777.8, 318.5), (2817.8, 348.9), (2857.8, 285.1), (2897.8, 278.8), (2937.8, 318.5), (2977.8, 348.9), (3017.8, 285.1), (3057.8, 241.8), (3097.8, 221.0), (3137.8, 225.2), (3177.8, 263.8), (3217.8, 333.1), (3257.8, 331.0), (3280.8, 272.3), (3288.2, 234.4), (3303.8, 219.4), (3327.2, 231.5), (3359.1, 261.4), (3399.0, 195.1), (3439.0, 149.2), (3479.0, 125.4), (3519.0, 126.0), (3559.0, 160.1), (3599.0, 227.0), (3639.0, 300.4), (3664.0, 368.0), (3663.0, 299.4), (3668.5, 251.2), (3682.0, 224.9), (3703.5, 222.3), (3733.0, 252.3), (3770.4, 316.4), (3810.4, 348.9), (3850.4, 285.1), (3858.6, 241.8), (3869.1, 221.0), (3887.6, 225.2), (3914.1, 263.8), (3951.1, 209.8), (3991.1, 158.7), (4031.1, 129.2), (4071.1, 123.0), (4111.1, 148.3), (4151.1, 208.7), (4191.1, 282.0), (4231.1, 316.9), (4242.6, 253.1), (4253.1, 209.8), (4271.6, 189.0), (4298.1, 193.2), (4332.6, 231.8), (4372.5, 186.5), (4412.5, 132.9), (4452.5, 100.5), (4492.5, 91.2), (4532.5, 112.0), (4572.5, 168.4), (4612.5, 241.8), (4624.4, 315.1), (4631.6, 348.9), (4649.1, 305.1), (4674.6, 330.4), (4708.9, 348.9), (4748.9, 305.1), (4788.9, 330.4), (4828.9, 348.9), (4868.9, 285.1), (4908.9, 241.8), (4948.9, 221.0), (4988.9, 202.0), (5028.9, 138.2), (5068.9, 94.9), (5108.9, 82.8), (5148.9, 114.5), (5188.9, 179.9), (5228.9, 253.3), (5268.9, 218.1), (5308.9, 164.5), (5348.9, 132.1), (5388.9, 122.8), (5428.9, 143.7), (5468.9, 200.0), (5488.0, 146.6), (5488.0, 95.6), (5488.0, 84.8), (5488.7, 121.0), (5488.7, 189.1), (5488.4, 153.9), (5488.9, 100.3), (5488.8, 82.8), (5488.0, 114.5), (5488.0, 179.9), (5487.0, 162.2), (5485.8, 106.4), (5488.1, 81.3), (5488.0, 108.6), (5488.0, 170.8), (5487.6, 170.6), (5485.9, 112.2), (5488.4, 80.4), (5488.8, 103.2), (5488.0, 161.6), (5488.1, 179.2), (5487.6, 118.0), (5488.0, 80.0), (5488.0, 98.4), (5488.0, 152.4), (5487.9, 188.4), (5486.1, 124.9), (5487.6, 81.9), (5488.4, 94.2), (5488.0, 143.8), (5488.0, 197.8), (5486.8, 131.7), (5486.5, 86.1), (5488.0, 90.5), (5488.0, 135.6), (5488.0, 207.4), (5487.6, 138.6), (5487.6, 90.1)]",0,27.47
novice,mario,Mario1-2,Stuck,1,0,198.12,0.969,"[(112.0, 208.0), (116.5, 226.4), (129.0, 280.4), (149.5, 353.8), (180.2, 314.5), (219.0, 260.9), (259.0, 228.5), (299.0, 219.2), (339.0, 240.0), (379.0, 171.2), (419.0, 122.7), (459.0, 96.1), (499.0, 93.1), (539.0, 122.8), (579.0, 186.8), (619.0, 260.1), (659.0, 275.8), (699.0, 214.6), (739.0, 173.9), (779.0, 156.0), (819.0, 164.1), (859.0, 207.1), (899.0, 203.0), (939.0, 144.3), (979.0, 106.4), (1019.0, 91.4), (1059.0, 103.5), (1099.0, 151.0), (1139.0, 223.4), (1179.0, 296.8), (1219.0, 340.8), (1259.0, 311.6), (1299.0, 305.7), (1339.0, 331.3), (1379.0, 348.9), (1419.0, 285.1), (1424.4, 241.8), (1424.4, 254.2), (1424.4, 303.8), (1430.9, 368.0), (1448.4, 304.0), (1473.9, 320.9), (1507.4, 368.0), (1547.4, 304.0), (1587.4, 320.9), (1627.4, 358.1), (1667.4, 326.0), (1707.4, 317.0), (1712.4, 338.1), (1716.9, 368.0), (1748.6, 368.3), (1788.6, 368.0), (1828.6, 339.8), (1868.6, 306.5), (1908.6, 335.9), (1948.6, 331.4), (1988.6, 310.8), (2028.6, 315.3), (2068.6, 354.2), (2108.6, 314.5), (2128.8, 260.9), (2128.8, 228.5), (2128.8, 219.2), (2128.8, 240.0), (2128.8, 296.4), (2131.5, 368.0), (2146.0, 304.0), (2168.5, 320.9), (2199.0, 368.0), (2238.6, 304.0), (2278.6, 320.9), (2318.6, 368.0), (2358.6, 304.0), (2398.6, 320.9), (2438.6, 368.0), (2478.6, 304.0), (2518.6, 320.9), (2558.6, 368.0), (2598.6, 299.1), (2638.6, 250.6), (2672.1, 224.0), (2672.1, 221.1), (2672.1, 250.8), (2673.9, 314.8), (2684.1, 348.9), (2704.6, 285.1), (2733.1, 278.8), (2769.6, 318.5), (2809.6, 348.9), (2849.6, 285.1), (2889.6, 278.8), (2929.6, 318.5), (2969.6, 348.9), (3009.6, 285.1), (3049.6, 241.8), (3089.6, 221.0), (3129.6, 225.2), (3169.6, 263.8), (3209.6, 333.1), (3249.6, 331.0), (3280.1, 272.3), (3285.6, 234.4), (3299.1, 219.4), (3320.6, 231.5), (3350.5, 261.4), (3389.8, 195.1), (3429.8, 149.2), (3469.8, 125.4), (3509.8, 126.0), (3549.8, 160.1), (3589.8, 227.0), (3629.8, 300.4), (3664.0, 368.0), (3664.4, 299.1), (3670.9, 250.6), (3685.4, 224.0), (3707.9, 221.1), (3738.4, 250.8), (3776.5, 314.8), (3816.5, 348.9), (3856.5, 285.1), (3859.5, 241.8), (3871.0, 221.0), (3890.5, 225.2), (3918.0, 263.8), (3955.8, 209.8), (3995.8, 158.7), (4035.8, 129.2), (4075.8, 123.0), (4115.8, 148.3), (4155.8, 208.7), (4195.8, 282.0), (4235.8, 316.9), (4242.6, 253.1), (4253.1, 209.8), (4271.6, 189.0), (4298.1, 193.2), (4332.6, 231.8), (4372.5, 186.5), (4412.5, 132.9), (4452.5, 100.5), (4492.5, 91.2), (4532.5, 112.0), (4572.5, 168.4), (4612.5, 241.8), (4624.1, 315.1), (4630.4, 348.9), (4646.9, 305.1), (4671.4, 330.4), (4704.6, 348.9), (4744.6, 305.1), (4784.6, 330.4), (4824.6, 348.9), (4864.6, 285.1), (4904.6, 241.8), (4944.6, 221.0), (4984.6, 202.0), (5024.6, 138.2), (5064.6, 94.9), (5104.6, 82.8), (5144.6, 114.5), (5184.6, 179.9), (5224.6, 253.3), (5264.6, 218.1), (5304.6, 164.5), (5344.6, 132.1), (5384.6, 122.8), (5424.6, 143.7), (5464.6, 200.0), (5488.8, 146.6), (5488.8, 95.6), (5488.8, 84.8), (5488.8, 121.0), (5488.8, 189.1), (5488.0, 153.9), (5488.0, 100.3), (5488.0, 82.8), (5488.0, 114.5), (5488.0, 179.9), (5488.0, 162.0), (5488.0, 105.9), (5488.0, 81.3), (5488.0, 108.6), (5488.0, 170.8), (5488.4, 170.5), (5488.4, 111.8), (5488.4, 80.4), (5488.4, 103.2), (5488.4, 161.6), (5488.4, 179.2), (5488.4, 118.0), (5488.4, 80.0), (5488.4, 98.4), (5488.4, 152.4), (5488.0, 188.3), (5488.0, 124.6), (5488.0, 81.3), (5488.0, 94.2), (5488.0, 143.8), (5488.0, 197.7), (5488.0, 131.4), (5488.0, 85.5), (5488.0, 90.5), (5488.0, 135.6), (5488.0, 207.4), (5488.4, 138.6), (5488.4, 90.1)]",0,27.48
novice,mario,Mario1-2,Stuck,7,0,198.12,0.969,"[(112.0, 208.0), (116.5, 226.4), (129.0, 280.4), (149.5, 353.8), (180.2, 314.5), (219.0, 260.9), (259.0, 228.5), (299.0, 219.2), (339.0, 240.0), (379.0, 171.2), (419.0, 122.7), (459.0, 96.1), (499.0, 93.1), (539.0, 122.8), (579.0, 186.8), (619.0, 260.1), (659.0, 275.8), (699.0, 214.6), (739.0, 173.9), (779.0, 156.0), (819.0, 164.1), (859.0, 207.1), (899.0, 203.0), (939.0, 144.3), (979.0, 106.4), (1019.0, 91.4), (1059.0, 103.5), (1099.0, 151.0), (1139.0, 223.4), (1179.0, 296.8), (1219.0, 340.8), (1259.0, 311.6), (1299.0, 305.7), (1339.0, 331.3), (1379.0, 348.9), (1419.0, 285.1), (1424.4, 241.8), (1424.4, 254.2), (1424.4, 303.8), (1430.9, 368.0), (1448.4, 304.0), (1473.9, 320.9), (1507.4, 368.0), (1547.4, 304.0), (1587.4, 320.9), (1627.4, 358.1), (1667.4, 326.0), (1707.4, 317.0), (1712.4, 338.1), (1716.9, 368.0), (1748.6, 368.3), (1788.6, 368.0), (1828.6, 339.8), (1868.6, 306.5), (1908.6, 335.9), (1948.6, 331.4), (1988.6, 310.8), (2028.6, 315.3), (2068.6, 354.2), (2108.6, 314.5), (2128.8, 260.9), (2128.8, 228.5), (2128.8, 219.2), (2128.8, 240.0), (2128.8, 296.4), (2131.5, 368.0), (2146.0, 304.0), (2168.5, 320.9), (2199.0, 368.0), (2238.6, 304.0), (2278.6, 320.9), (2318.6, 368.0), (2358.6, 304.0), (2398.6, 320.9), (2438.6, 368.0), (2478.6, 304.0), (2518.6, 320.9), (2558.6, 368.0), (2598.6, 299.8), (2638.6, 252.0), (2672.1, 226.0), (2672.1, 223.8), (2672.1, 254.2), (2673.9, 318.7), (2684.1, 348.9), (2704.6, 285.1), (2733.1, 278.8), (2769.6, 318.5), (2809.6, 348.9), (2849.6, 285.1), (2889.6, 278.8), (2929.6, 318.5), (2969.6, 348.9), (3009.6, 285.1), (3049.6, 241.8), (3089.6, 221.0), (3129.6, 225.2), (3169.6, 263.8), (3209.6, 333.1), (3249.6, 331.0), (3280.1, 272.3), (3285.6, 234.4), (3299.1, 219.4), (3320.6, 231.5), (3350.5, 261.4), (3389.8, 195.1), (3429.8, 149.2), (3469.8, 125.4), (3509.8, 126.0), (3549.8, 160.1), (3589.8, 227.0), (3629.8, 300.4), (3664.0, 368.0), (3664.4, 299.1), (3670.9, 250.6), (3685.4, 224.0), (3707.9, 221.1), (3738.4, 250.8), (3776.5, 314.8), (3816.5, 348.9), (3856.5, 285.1), (3859.5, 241.8), (3871.0, 221.0), (3890.5, 225.2), (3918.0, 263.8), (3955.8, 209.8), (3995.8, 158.7), (4035.8, 129.2), (4075.8, 123.0), (4115.8, 148.3), (4155.8, 208.7), (4195.8, 282.0), (4235.8, 316.9), (4242.6, 253.1), (4253.1, 209.8), (4271.6, 189.0), (4298.1, 193.2), (4332.6, 231.8), (4372.5, 186.5), (4412.5, 132.9), (4452.5, 100.5), (4492.5, 91.2), (4532.5, 112.0), (4572.5, 168.4), (4612.5, 241.8), (4624.1, 315.1), (4630.4, 348.9), (4646.9, 305.1), (4671.4, 330.4), (4704.6, 348.9), (4744.6, 305.1), (4784.6, 330.4), (4824.6, 348.9), (4864.6, 285.1), (4904.6, 241.8), (4944.6, 221.0), (4984.6, 202.0), (5024.6, 138.2), (5064.6, 94.9), (5104.6, 82.8), (5144.6, 114.5), (5184.6, 179.9), (5224.6, 253.3), (5264.6, 218.1), (5304.6, 164.5), (5344.6, 132.1), (5384.6, 122.8), (5424.6, 143.7), (5464.6, 200.0), (5488.8, 146.6), (5488.8, 95.6), (5488.8, 84.8), (5488.8, 121.0), (5488.8, 189.1), (5488.0, 153.9), (5488.0, 100.3), (5488.0, 82.8), (5488.0, 114.5), (5488.0, 179.9), (5488.0, 162.0), (5488.0, 105.9), (5488.0, 81.3), (5488.0, 108.6), (5488.0, 170.8), (5488.4, 170.5), (5488.4, 111.8), (5488.4, 80.4), (5488.4, 103.2), (5488.4, 161.6), (5488.4, 179.2), (5488.4, 118.0), (5488.4, 80.0), (5488.4, 98.4), (5488.4, 152.4), (5488.0, 188.3), (5488.0, 124.6), (5488.0, 81.3), (5488.0, 94.2), (5488.0, 143.8), (5488.0, 197.7), (5488.0, 131.4), (5488.0, 85.5), (5488.0, 90.5), (5488.0, 135.6), (5488.0, 207.4), (5488.4, 138.6), (5488.4, 90.1)]",0,27.48
novice,mario,Mario1-2,Stuck,1,0,198.12,0.969,"[(112.0, 208.0), (116.5, 226.4), (129.0, 280.4), (149.5, 353.8), (180.2, 314.5), (219.0, 260.9), (259.0, 228.5), (299.0, 219.2), (339.0, 240.0), (379.0, 171.2), (419.0, 122.7), (459.0, 96.1), (499.0, 93.1), (539.0, 122.8), (579.0, 186.8), (619.0, 260.1), (659.0, 275.8), (699.0, 214.6), (739.0, 173.9), (779.0, 156.0), (819.0, 164.1), (859.0, 207.1), (899.0, 203.0), (939.0, 144.3), (979.0, 106.4), (1019.0, 91.4), (1059.0, 103.5), (1099.0, 151.0), (1139.0, 223.4), (1179.0, 296.8), (1219.0, 340.8), (1259.0, 311.6), (1299.0, 305.7), (1339.0, 331.3), (1379.0, 348.9), (1419.0, 285.1), (1424.4, 241.8), (1424.4, 254.2), (1424.4, 303.8), (1430.9, 368.0), (1448.4, 304.0), (1473.9, 320.9), (1507.4, 368.0), (1547.4, 304.0), (1587.4, 320.9), (1627.4, 358.1), (1667.4, 326.0), (1707.4, 317.0), (1712.4, 338.1), (1716.9, 368.0), (1748.6, 368.3), (1788.6, 368.0), (1828.6, 339.8), (1868.6, 306.5), (1908.6, 335.9), (1948.6, 331.4), (1988.6, 310.8), (2028.6, 315.3), (2068.6, 354.2), (2108.6, 314.5), (2128.8, 260.9), (2128.8, 228.5), (2128.8, 219.2), (2128.8, 240.0), (2128.8, 296.4), (2131.5, 368.0), (2146.0, 304.0), (2168.5, 320.9), (2199.0, 368.0), (2238.6, 304.0), (2278.6, 320.9), (2318.6, 368.0), (2358.6, 304.0), (2398.6, 320.9), (2438.6, 368.0), (2478.6, 304.0), (2518.6, 320.9), (2558.6, 368.0), (2598.6, 299.1), (2638.6, 250.6), (2672.1, 224.0), (2672.1, 221.1), (2672.1, 250.8), (2673.9, 314.8), (2684.1, 348.9), (2704.6, 285.1), (2733.1, 278.8), (2769.6, 318.5), (2809.6, 348.9), (2849.6, 285.1), (2889.6, 278.8), (2929.6, 318.5), (2969.6, 348.9), (3009.6, 285.1), (3049.6, 241.8), (3089.6, 221.0), (3129.6, 225.2), (3169.6, 263.8), (3209.6, 333.1), (3249.6, 331.0), (3280.1, 272.3), (3285.6, 234.4), (3299.1, 219.4), (3320.6, 231.5), (3350.5, 261.4), (3389.8, 195.1), (3429.8, 149.2), (3469.8, 125.4), (3509.8, 126.0), (3549.8, 160.1), (3589.8, 227.0), (3629.8, 300.4), (3664.0, 368.0), (3664.4, 299.1), (3670.9, 250.6), (3685.4, 224.0), (3707.9, 221.1), (3738.4, 250.8), (3776.5, 314.8), (3816.5, 348.9), (3856.5, 285.1), (3859.5, 241.8), (3871.0, 221.0), (3890.5, 225.2), (3918.0, 263.8), (3955.8, 209.8), (3995.8, 158.7), (4035.8, 129.2), (4075.8, 123.0), (4115.8, 148.3), (4155.8, 208.7), (4195.8, 282.0), (4235.8, 316.9), (4242.6, 253.1), (4253.1, 209.8), (4271.6, 189.0), (4298.1, 193.2), (4332.6, 231.8), (4372.5, 186.5), (4412.5, 132.9), (4452.5, 100.5), (4492.5, 91.2), (4532.5, 112.0), (4572.5, 168.4), (4612.5, 241.8), (4624.1, 315.1), (4630.4, 348.9), (4646.9, 305.1), (4671.4, 330.4), (4704.6, 348.9), (4744.6, 305.1), (4784.6, 330.4), (4824.6, 348.9), (4864.6, 285.1), (4904.6, 241.8), (4944.6, 221.0), (4984.6, 202.0), (5024.6, 138.2), (5064.6, 94.9), (5104.6, 82.8), (5144.6, 114.5), (5184.6, 179.9), (5224.6, 253.3), (5264.6, 218.1), (5304.6, 164.5), (5344.6, 132.1), (5384.6, 122.8), (5424.6, 143.7), (5464.6, 200.0), (5488.8, 146.6), (5488.8, 95.6), (5488.8, 84.8), (5488.8, 121.0), (5488.8, 189.1), (5488.0, 153.9), (5488.0, 100.3), (5488.0, 82.8), (5488.0, 114.5), (5488.0, 179.9), (5488.0, 162.0), (5488.0, 105.9), (5488.0, 81.3), (5488.0, 108.6), (5488.0, 170.8), (5488.4, 170.5), (5488.4, 111.8), (5488.4, 80.4), (5488.4, 103.2), (5488.4, 161.6), (5488.4, 179.2), (5488.4, 118.0), (5488.4, 80.0), (5488.4, 98.4), (5488.4, 152.4), (5488.0, 188.3), (5488.0, 124.6), (5488.0, 81.3), (5488.0, 94.2), (5488.0, 143.8), (5488.0, 197.7), (5488.0, 131.4), (5488.0, 85.5), (5488.0, 90.5), (5488.0, 135.6), (5488.0, 207.4), (5488.4, 138.6), (5488.4, 90.1)]",0,27.48
novice,mario,Mario1-2,Stuck,4,0,198.12,0.969,"[(112.0, 208.0), (116.5, 226.4), (129.0, 280.4), (149.5, 353.8), (180.2, 314.5), (219.0, 260.9), (259.0, 228.5), (299.0, 219.2), (339.0, 240.0), (379.0, 171.2), (419.0, 122.7), (459.0, 96.1), (499.0, 93.1), (539.0, 122.8), (579.0, 186.8), (619.0, 260.1), (659.0, 275.8), (699.0, 214.6), (739.0, 173.9), (779.0, 156.0), (819.0, 164.1), (859.0, 207.1), (899.0, 203.0), (939.0, 144.3), (979.0, 106.4), (1019.0, 91.4), (1059.0, 103.5), (1099.0, 151.0), (1139.0, 223.4), (1179.0, 296.8), (1219.0, 340.8), (1259.0, 311.6), (1299.0, 305.7), (1339.0, 331.3), (1379.0, 348.9), (1419.0, 285.1), (1424.4, 241.8), (1424.4, 254.2), (1424.4, 303.8), (1430.9, 368.0), (1448.4, 304.0), (1473.9, 320.9), (1507.4, 368.0), (1547.4, 304.0), (1587.4, 320.9), (1627.4, 358.1), (1667.4, 326.0), (1707.4, 317.0), (1712.4, 338.1), (1716.9, 368.0), (1748.6, 368.3), (1788.6, 368.0), (1828.6, 339.8), (1868.6, 306.5), (1908.6, 335.9), (1948.6, 331.4), (1988.6, 310.8), (2028.6, 315.3), (2068.6, 354.2), (2108.6, 314.5), (2128.8, 260.9), (2128.8, 228.5), (2128.8, 219.2), (2128.8, 240.0), (2128.8, 296.4), (2131.5, 368.0), (2146.0, 304.0), (2168.5, 320.9), (2199.0, 368.0), (2238.6, 304.0), (2278.6, 320.9), (2318.6, 368.0), (2358.6, 304.0), (2398.6, 320.9), (2438.6, 368.0), (2478.6, 304.0), (2518.6, 320.9), (2558.6, 368.0), (2598.6, 299.1), (2638.6, 250.6), (2672.1, 224.0), (2672.1, 221.1), (2672.1, 250.8), (2673.9, 314.8), (2684.1, 348.9), (2704.6, 285.1), (2733.1, 278.8), (2769.6, 318.5), (2809.6, 348.9), (2849.6, 285.1), (2889.6, 278.8), (2929.6, 318.5), (2969.6, 348.9), (3009.6, 285.1), (3049.6, 241.8), (3089.6, 221.0), (3129.6, 225.2), (3169.6, 263.8), (3209.6, 333.1), (3249.6, 331.0), (3280.1, 272.3), (3285.6, 234.4), (3299.1, 219.4), (3320.6, 231.5), (3350.5, 261.4), (3389.8, 195.1), (3429.8, 149.2), (3469.8, 125.4), (3509.8, 126.0), (3549.8, 160.1), (3589.8, 227.0), (3629.8, 300.4), (3664.0, 368.0), (3664.4, 299.1), (3670.9, 250.6), (3685.4, 224.0), (3707.9, 221.1), (3738.4, 250.8), (3776.5, 314.8), (3816.5, 348.9), (3856.5, 285.1), (3859.5, 241.8), (3871.0, 221.0), (3890.5, 225.2), (3918.0, 263.8), (3955.8, 209.8), (3995.8, 158.7), (4035.8, 129.2), (4075.8, 123.0), (4115.8, 148.3), (4155.8, 208.7), (4195.8, 282.0), (4235.8, 316.9), (4242.6, 253.1), (4253.1, 209.8), (4271.6, 189.0), (4298.1, 193.2), (4332.6, 231.8), (4372.5, 186.5), (4412.5, 132.9), (4452.5, 100.5), (4492.5, 91.2), (4532.5, 112.0), (4572.5, 168.4), (4612.5, 241.8), (4624.1, 315.1), (4630.4, 348.9), (4646.9, 305.1), (4671.4, 330.4), (4704.6, 348.9), (4744.6, 305.1), (4784.6, 330.4), (4824.6, 348.9), (4864.6, 285.1), (4904.6, 241.8), (4944.6, 221.0), (4984.6, 202.0), (5024.6, 138.2), (5064.6, 94.9), (5104.6, 82.8), (5144.6, 114.5), (5184.6, 179.9), (5224.6, 253.3), (5264.6, 218.1), (5304.6, 164.5), (5344.6, 132.1), (5384.6, 122.8), (5424.6, 143.7), (5464.6, 200.0), (5488.8, 146.6), (5488.8, 95.6), (5488.8, 84.8), (5488.8, 121.0), (5488.8, 189.1), (5488.0, 154.5), (5488.0, 102.0), (5488.0, 82.8), (5488.0, 114.5), (5488.0, 179.9), (5488.0, 162.0), (5488.0, 105.9), (5488.0, 81.3), (5488.0, 108.6), (5488.0, 170.8), (5488.4, 170.5), (5488.4, 111.8), (5488.4, 80.4), (5488.4, 103.2), (5488.4, 161.6), (5488.4, 179.5), (5488.4, 119.3), (5488.4, 80.0), (5488.4, 98.4), (5488.4, 152.4), (5488.0, 188.3), (5488.0, 124.6), (5488.0, 81.3), (5488.0, 94.2), (5488.0, 143.8), (5488.0, 197.7), (5488.0, 131.4), (5488.0, 85.5), (5488.0, 90.5), (5488.0, 135.6), (5488.0, 207.4), (5488.4, 139.5), (5488.4, 92.0)]",0,27.48
novice,mario,Mario1-2,Stuck,4,0,198.25,0.969,"[(112.0, 208.0), (116.5, 226.4), (129.0, 280.4), (149.5, 353.8), (180.2, 314.5), (219.0, 260.9), (259.0, 228.5), (299.0, 219.2), (339.0, 240.0), (379.0, 171.2), (419.0, 122.7), (459.0, 96.1), (499.0, 93.1), (539.0, 122.8), (579.0, 186.8), (619.0, 260.1), (659.0, 275.8), (699.0, 214.6), (739.0, 173.9), (779.0, 156.0), (819.0, 164.1), (859.0, 207.1), (899.0, 203.0), (939.0, 144.3), (979.0, 106.4), (1019.0, 91.4), (1059.0, 103.5), (1099.0, 151.0), (1139.0, 223.4), (1179.0, 296.8), (1219.0, 340.8), (1259.0, 311.6), (1299.0, 305.7), (1339.0, 331.3), (1379.0, 348.9), (1419.0, 285.1), (1424.4, 241.8), (1424.4, 254.2), (1424.4, 303.8), (1430.9, 368.0), (1448.4, 304.0), (1473.9, 320.9), (1507.4, 368.0), (1547.4, 304.0), (1587.4, 320.9), (1627.4, 358.1), (1667.4, 326.0), (1707.4, 317.0), (1712.4, 338.1), (1716.9, 368.0), (1748.6, 368.3), (1788.6, 368.0), (1828.6, 339.8), (1868.6, 306.5), (1908.6, 335.9), (1948.6, 331.4), (1988.6, 310.8), (2028.6, 315.3), (2068.6, 354.2), (2108.6, 314.5), (2128.8, 260.9), (2128.8, 228.5), (2128.8, 219.2), (2128.8, 240.0), (2128.8, 296.4), (2131.5, 368.0), (2146.0, 304.0), (2168.5, 320.9), (2199.0, 368.0), (2238.6, 304.0), (2278.6, 320.9), (2318.6, 368.0), (2358.6, 304.0), (2398.6, 320.9), (2438.6, 368.0), (2478.6, 304.0), (2518.6, 320.9), (2558.6, 368.0), (2598.6, 299.1), (2638.6, 250.6), (2672.1, 224.0), (2672.1, 221.1), (2672.1, 250.8), (2673.9, 314.8), (2684.1, 348.9), (2704.6, 285.1), (2733.1, 278.8), (2769.6, 318.5), (2809.6, 348.9), (2849.6, 285.1), (2889.6, 278.8), (2929.6, 318.5), (2969.6, 348.9), (3009.6, 285.1), (3049.6, 241.8), (3089.6, 221.0), (3129.6, 225.2), (3169.6, 263.8), (3209.6, 333.1), (3249.6, 331.0), (3280.1, 272.3), (3285.6, 234.4), (3299.1, 219.4), (3320.6, 231.5), (3350.5, 261.4), (3389.8, 195.1), (3429.8, 149.2), (3469.8, 125.4), (3509.8, 126.0), (3549.8, 160.1), (3589.8, 227.0), (3629.8, 300.4), (3664.0, 368.0), (3664.4, 299.1), (3670.9, 250.6), (3685.4, 224.0), (3707.9, 221.1), (3738.4, 250.8), (3776.5, 314.8), (3816.5, 358.6), (3856.5, 292.3), (3859.5, 246.4), (3871.0, 222.7), (3890.5, 223.2), (3918.0, 257.4), (3955.4, 217.9), (3995.4, 164.3), (4035.4, 132.0), (4075.4, 122.7), (4115.4, 143.5), (4155.4, 199.9), (4195.4, 273.2), (4235.4, 326.3), (4242.6, 260.0), (4253.1, 214.0), (4271.6, 190.3), (4298.1, 190.9), (4332.6, 225.0), (4372.5, 194.6), (4412.5, 138.4), (4452.5, 103.3), (4492.5, 91.1), (4532.5, 107.5), (4572.5, 159.4), (4612.5, 232.6), (4624.1, 305.9), (4630.0, 358.3), (4646.5, 304.3), (4671.0, 325.3), (4703.9, 358.3), (4743.9, 304.3), (4783.9, 325.3), (4823.9, 358.3), (4863.9, 292.0), (4903.9, 246.0), (4943.9, 222.3), (4983.9, 210.3), (5023.9, 144.0), (5063.9, 98.0), (5103.9, 81.3), (5143.9, 108.6), (5183.9, 170.8), (5223.9, 244.1), (5263.9, 226.2), (5303.9, 170.1), (5343.9, 134.9), (5383.9, 122.7), (5423.9, 139.1), (5463.9, 191.0), (5488.4, 154.5), (5488.4, 100.9), (5488.4, 82.8), (5488.4, 114.5), (5488.4, 179.9), (5488.8, 162.0), (5488.8, 105.9), (5488.8, 81.3), (5488.8, 108.6), (5488.8, 170.8), (5488.8, 170.5), (5488.8, 111.8), (5488.8, 80.4), (5488.8, 103.2), (5488.8, 161.6), (5488.1, 179.2), (5488.1, 118.0), (5488.1, 80.0), (5488.1, 98.4), (5488.1, 152.4), (5488.1, 188.3), (5488.1, 124.6), (5488.1, 81.3), (5488.1, 94.2), (5488.1, 143.8), (5488.5, 197.7), (5488.8, 131.4), (5488.8, 85.5), (5488.8, 90.5), (5488.8, 135.6), (5488.8, 207.4), (5488.8, 138.6), (5488.8, 90.1), (5488.8, 87.4), (5488.8, 128.0), (5488.8, 198.3), (5488.1, 146.1), (5488.1, 95.0)]",0,27.48
novice,mario,Mario1-2,Stuck,11,0,9.73,0.035,"[(112.0, 208.0), (107.5, 226.4), (95.0, 280.4), (74.5, 353.8), (48.0, 314.5), (52.5, 260.9), (59.8, 228.5), (60.0, 219.2), (57.5, 240.0), (48.0, 296.4), (52.5, 368.0), (68.0, 299.1), (91.5, 251.5), (114.0, 227.0), (128.5, 226.7), (135.0, 260.1), (142.5, 326.5), (159.1, 339.8), (185.6, 278.6), (219.4, 237.9), (248.9, 220.0), (270.4, 228.1), (286.9, 271.1), (298.4, 342.3), (301.2, 322.7), (304.4, 266.8), (304.4, 231.8), (310.9, 219.9), (325.4, 236.5), (350.5, 178.6), (384.0, 127.6), (416.5, 98.1), (441.0, 91.9), (457.5, 117.1), (466.0, 177.6), (467.2, 230.3), (468.9, 164.0), (468.1, 118.0), (460.0, 94.3), (444.0, 94.9), (419.9, 129.0), (388.1, 195.9), (360.3, 211.8), (333.7, 150.6), (299.1, 109.9), (259.2, 92.0), (219.2, 100.1), (179.2, 143.1), (139.2, 214.3), (99.2, 287.6), (59.2, 360.9), (48.8, 306.6), (56.2, 255.6), (64.8, 226.1), (65.2, 219.9), (57.8, 245.1), (48.1, 305.6), (51.7, 358.3), (55.7, 292.2), (67.6, 246.5), (76.6, 223.0), (78.4, 223.8), (77.5, 258.2), (68.5, 325.2), (55.3, 328.1), (48.0, 307.6), (50.6, 312.1), (61.1, 351.0), (81.5, 322.6), (111.0, 266.4), (144.8, 232.2), (171.2, 221.1), (189.8, 238.5)]",0,9.7
novice,mario,Mario1-2,Stuck,1,0,198.12,0.969,"[(112.0, 208.0), (116.5, 226.4), (129.0, 280.4), (149.5, 353.8), (180.2, 314.5), (219.0, 260.9), (259.0, 228.5), (299.0, 219.2), (339.0, 240.0), (379.0, 171.2), (419.0, 122.7), (459.0, 96.1), (499.0, 93.1), (539.0, 122.8), (579.0, 186.8), (619.0, 260.1), (659.0, 275.8), (699.0, 214.6), (739.0, 173.9), (779.0, 156.0), (819.0, 164.1), (859.0, 207.1), (899.0, 203.0), (939.0, 144.3), (979.0, 106.4), (1019.0, 91.4), (1059.0, 103.5), (1099.0, 151.0), (1139.0, 223.4), (1179.0, 296.8), (1219.0, 340.8), (1259.0, 311.6), (1299.0, 305.7), (1339.0, 331.3), (1379.0, 348.9), (1419.0, 285.1), (1424.4, 241.8), (1424.4, 254.2), (1424.4, 303.8), (1430.9, 368.0), (1448.4, 304.0), (1473.9, 320.9), (1507.4, 368.0), (1547.4, 304.0), (1587.4, 320.9), (1627.4, 358.1), (1667.4, 326.0), (1707.4, 317.0), (1712.4, 338.1), (1716.9, 368.0), (1748.6, 368.3), (1788.6, 368.0), (1828.6, 339.8), (1868.6, 306.5), (1908.6, 335.9), (1948.6, 331.4), (1988.6, 310.8), (2028.6, 315.3), (2068.6, 354.2), (2108.6, 314.5), (2128.8, 260.9), (2128.8, 228.5), (2128.8, 219.2), (2128.8, 240.0), (2128.8, 296.4), (2131.5, 368.0), (2146.0, 304.0), (2168.5, 320.9), (2199.0, 368.0), (2238.6, 304.0), (2278.6, 320.9), (2318.6, 368.0), (2358.6, 304.0), (2398.6, 320.9), (2438.6, 368.0), (2478.6, 304.0), (2518.6, 320.9), (2558.6, 368.0), (2598.6, 299.1), (2638.6, 250.6), (2672.1, 224.0), (2672.1, 221.1), (2672.1, 250.8), (2673.9, 314.8), (2684.1, 348.9), (2704.6, 285.1), (2733.1, 278.8), (2769.6, 318.5), (2809.6, 348.9), (2849.6, 285.1), (2889.6, 278.8), (2929.6, 318.5), (2969.6, 348.9), (3009.6, 285.1), (3049.6, 241.8), (3089.6, 221.0), (3129.6, 225.2), (3169.6, 263.8), (3209.6, 333.1), (3249.6, 331.0), (3280.1, 272.3), (3285.6, 234.4), (3299.1, 219.4), (3320.6, 231.5), (3350.5, 261.4), (3389.8, 195.1), (3429.8, 149.2), (3469.8, 125.4), (3509.8, 126.0), (3549.8, 160.1), (3589.8, 227.0), (3629.8, 300.4), (3664.0, 368.0), (3664.4, 299.1), (3670.9, 250.6), (3685.4, 224.0), (3707.9, 221.1), (3738.4, 250.8), (3776.5, 314.8), (3816.5, 348.9), (3856.5, 285.1), (3859.5, 241.8), (3871.0, 221.0), (3890.5, 225.2), (3918.0, 263.8), (3955.8, 209.8), (3995.8, 158.7), (4035.8, 129.2), (4075.8, 123.0), (4115.8, 148.3), (4155.8, 208.7), (4195.8, 282.0), (4235.8, 316.9), (4242.6, 253.1), (4253.1, 209.8), (4271.6, 189.0), (4298.1, 193.2), (4332.6, 231.8), (4372.5, 186.5), (4412.5, 132.9), (4452.5, 100.5), (4492.5, 91.2), (4532.5, 112.0), (4572.5, 168.4), (4612.5, 241.8), (4624.1, 315.1), (4630.4, 348.9), (4646.9, 305.1), (4671.4, 330.4), (4704.6, 348.9), (4744.6, 305.1), (4784.6, 330.4), (4824.6, 348.9), (4864.6, 285.1), (4904.6, 241.8), (4944.6, 221.0), (4984.6, 202.0), (5024.6, 138.2), (5064.6, 94.9), (5104.6, 82.8), (5144.6, 114.5), (5184.6, 179.9), (5224.6, 253.3), (5264.6, 218.1), (5304.6, 164.5), (5344.6, 132.1), (5384.6, 122.8), (5424.6, 143.7), (5464.6, 200.0), (5488.8, 146.6), (5488.8, 95.6), (5488.8, 84.8), (5488.8, 121.0), (5488.8, 189.1), (5488.0, 153.9), (5488.0, 100.3), (5488.0, 82.8), (5488.0, 114.5), (5488.0, 179.9), (5488.0, 162.0), (5488.0, 105.9), (5488.0, 81.3), (5488.0, 108.6), (5488.0, 170.8), (5488.4, 170.5), (5488.4, 111.8), (5488.4, 80.4), (5488.4, 103.2), (5488.4, 161.6), (5488.4, 179.2), (5488.4, 118.0), (5488.4, 80.0), (5488.4, 98.4), (5488.4, 152.4), (5488.0, 188.3), (5488.0, 124.6), (5488.0, 81.3), (5488.0, 94.2), (5488.0, 143.8), (5488.0, 197.7), (5488.0, 131.4), (5488.0, 85.5), (5488.0, 90.5), (5488.0, 135.6), (5488.0, 207.4), (5488.4, 138.6), (5488.4, 90.1)]",0,27.48
novice,mario,Mario1-2,Enemy,3,0,193.25,0.319,"[(112.0, 208.0), (116.5, 226.4), (129.0, 280.4), (149.5, 353.8), (180.2, 314.5), (217.2, 260.9), (251.5, 228.5), (280.8, 219.2), (314.2, 240.0), (354.2, 171.2), (394.2, 122.7), (433.0, 96.1), (466.0, 93.1), (504.1, 122.8), (544.1, 186.8), (584.1, 260.1), (624.1, 333.5), (624.8, 331.0), (627.5, 272.3), (630.0, 234.4), (624.8, 219.4), (622.2, 231.5), (627.8, 279.0), (642.9, 258.6), (656.4, 202.4), (670.9, 167.3), (693.4, 155.1), (723.9, 171.5), (762.0, 223.4), (801.0, 186.5), (840.1, 132.9), (873.4, 100.5), (910.8, 91.2), (950.8, 112.0), (990.8, 168.4), (1030.8, 241.8), (1070.0, 235.0), (1102.5, 176.3), (1127.0, 138.4), (1143.5, 123.4), (1152.0, 135.5), (1152.8, 183.0), (1156.2, 255.4), (1167.8, 328.8), (1187.2, 331.7), (1214.8, 311.1), (1250.2, 315.6), (1290.2, 354.5), (1330.2, 314.5), (1370.2, 313.6), (1410.2, 356.0), (1450.2, 314.5), (1490.2, 313.6), (1530.2, 356.0), (1570.2, 314.5), (1609.9, 260.9), (1648.0, 228.5), (1648.0, 219.2), (1648.0, 240.0), (1648.0, 296.4), (1652.5, 368.0), (1668.0, 304.0), (1691.5, 320.9), (1712.4, 368.0), (1732.4, 368.0), (1772.1, 368.0), (1807.1, 368.4)]",0,8.8
novice,mario,Mario1-2,Stuck,1,0,198.12,0.969,"[(112.0, 208.0), (116.5, 226.4), (129.0, 280.4), (149.5, 353.8), (180.2, 314.5), (219.0, 260.9), (259.0, 228.5), (299.0, 219.2), (339.0, 240.0), (379.0, 171.2), (419.0, 122.7), (459.0, 96.1), (499.0, 93.1), (539.0, 122.8), (579.0, 186.8), (619.0, 260.1), (659.0, 275.8), (699.0, 214.6), (739.0, 173.9), (779.0, 156.0), (819.0, 164.1), (859.0, 207.1), (899.0, 203.0), (939.0, 144.3), (979.0, 106.4), (1019.0, 91.4), (1059.0, 103.5), (1099.0, 151.0), (1139.0, 223.4), (1179.0, 296.8), (1219.0, 340.8), (1259.0, 311.6), (1299.0, 305.7), (1339.0, 331.3), (1379.0, 348.9), (1419.0, 285.1), (1424.4, 241.8), (1424.4, 254.2), (1424.4, 303.8), (1430.9, 368.0), (1448.4, 304.0), (1473.9, 320.9), (1507.4, 368.0), (1547.4, 304.0), (1587.4, 320.9), (1627.4, 358.1), (1667.4, 326.0), (1707.4, 317.0), (1712.4, 338.1), (1716.9, 368.0), (1748.6, 368.3), (1788.6, 368.0), (1828.6, 339.8), (1868.6, 306.5), (1908.6, 335.9), (1948.6, 331.4), (1988.6, 310.8), (2028.6, 315.3), (2068.6, 354.2), (2108.6, 314.5), (2128.8, 260.9), (2128.8, 228.5), (2128.8, 219.2), (2128.8, 240.0), (2128.8, 296.4), (2131.5, 368.0), (2146.0, 304.0), (2168.5, 320.9), (2199.0, 368.0), (2238.6, 304.0), (2278.6, 320.9), (2318.6, 368.0), (2358.6, 304.0), (2398.6, 320.9), (2438.6, 368.0), (2478.6, 304.0), (2518.6, 320.9), (2558.6, 368.0), (2598.6, 299.1), (2638.6, 250.6), (2672.1, 224.0), (2672.1, 221.1), (2672.1, 250.8), (2673.9, 314.8), (2684.1, 348.9), (2704.6, 285.1), (2733.1, 278.8), (2769.6, 318.5), (2809.6, 348.9), (2849.6, 285.1), (2889.6, 278.8), (2929.6, 318.5), (2969.6, 348.9), (3009.6, 285.1), (3049.6, 241.8), (3089.6, 221.0), (3129.6, 225.2), (3169.6, 263.8), (3209.6, 333.1), (3249.6, 331.0), (3280.1, 272.3), (3285.6, 234.4), (3299.1, 219.4), (3320.6, 231.5), (3350.5, 261.4), (3389.8, 195.1), (3429.8, 149.2), (3469.8, 125.4), (3509.8, 126.0), (3549.8, 160.1), (3589.8, 227.0), (3629.8, 300.4), (3664.0, 368.0), (3664.4, 299.1), (3670.9, 250.6), (3685.4, 224.0), (3707.9, 221.1), (3738.4, 250.8), (3776.5, 314.8), (3816.5, 348.9), (3856.5, 285.1), (3859.5, 241.8), (3871.0, 221.0), (3890.5, 225.2), (3918.0, 263.8), (3955.8, 209.8), (3995.8, 158.7), (4035.8, 129.2), (4075.8, 123.0), (4115.8, 148.3), (4155.8, 208.7), (4195.8, 282.0), (4235.8, 316.9), (4242.6, 253.1), (4253.1, 209.8), (4271.6, 189.0), (4298.1, 193.2), (4332.6, 231.8), (4372.5, 186.5), (4412.5, 132.9), (4452.5, 100.5), (4492.5, 91.2), (4532.5, 112.0), (4572.5, 168.4), (4612.5, 241.8), (4624.1, 315.1), (4630.4, 348.9), (4646.9, 305.1), (4671.4, 330.4), (4704.6, 348.9), (4744.6, 305.1), (4784.6, 330.4), (4824.6, 348.9), (4864.6, 285.1), (4904.6, 241.8), (4944.6, 221.0), (4984.6, 202.0), (5024.6, 138.2), (5064.6, 94.9), (5104.6, 82.8), (5144.6, 114.5), (5184.6, 179.9), (5224.6, 253.3), (5264.6, 218.1), (5304.6, 164.5), (5344.6, 132.1), (5384.6, 122.8), (5424.6, 143.7), (5464.6, 200.0), (5488.8, 146.6), (5488.8, 95.6), (5488.8, 84.8), (5488.8, 121.0), (5488.8, 189.1), (5488.0, 153.9), (5488.0, 100.3), (5488.0, 82.8), (5488.0, 114.5), (5488.0, 179.9), (5488.0, 162.0), (5488.0, 105.9), (5488.0, 81.3), (5488.0, 108.6), (5488.0, 170.8), (5488.4, 170.5), (5488.4, 111.8), (5488.4, 80.4), (5488.4, 103.2), (5488.4, 161.6), (5488.4, 179.2), (5488.4, 118.0), (5488.4, 80.0), (5488.4, 98.4), (5488.4, 152.4), (5488.0, 188.3), (5488.0, 124.6), (5488.0, 81.3), (5488.0, 94.2), (5488.0, 143.8), (5488.0, 197.7), (5488.0, 131.4), (5488.0, 85.5), (5488.0, 90.5), (5488.0, 135.6), (5488.0, 207.4), (5488.4, 138.6), (5488.4, 90.1)]",0,27.48
novice,mario,Mario1-2,Stuck,4,0,198.25,0.969,"[(112.0, 208.0), (116.5, 226.4), (129.0, 280.4), (149.5, 353.8), (180.2, 314.5), (219.0, 260.9), (259.0, 228.5), (299.0, 219.2), (339.0, 240.0), (379.0, 171.2), (419.0, 122.7), (459.0, 96.1), (499.0, 93.1), (539.0, 122.8), (579.0, 186.8), (619.0, 260.1), (659.0, 275.8), (699.0, 214.6), (739.0, 173.9), (779.0, 156.0), (819.0, 164.1), (859.0, 207.1), (899.0, 203.0), (939.0, 144.3), (979.0, 106.4), (1019.0, 91.4), (1059.0, 103.5), (1099.0, 151.0), (1139.0, 223.4), (1179.0, 296.8), (1219.0, 340.8), (1259.0, 311.6), (1299.0, 305.7), (1339.0, 331.3), (1379.0, 348.9), (1419.0, 285.1), (1424.4, 241.8), (1424.4, 254.2), (1424.4, 303.8), (1430.9, 368.0), (1448.4, 304.0), (1473.9, 320.9), (1507.4, 368.0), (1547.4, 304.0), (1587.4, 320.9), (1627.4, 358.1), (1667.4, 326.0), (1707.4, 317.0), (1712.4, 338.1), (1716.9, 368.0), (1748.6, 368.3), (1788.6, 368.0), (1828.6, 339.8), (1868.6, 306.5), (1908.6, 335.9), (1948.6, 331.4), (1988.6, 310.8), (2028.6, 315.3), (2068.6, 354.2), (2108.6, 314.5), (2128.8, 260.9), (2128.8, 228.5), (2128.8, 219.2), (2128.8, 240.0), (2128.8, 296.4), (2131.5, 368.0), (2146.0, 304.0), (2168.5, 320.9), (2199.0, 368.0), (2238.6, 304.0), (2278.6, 320.9), (2318.6, 368.0), (2358.6, 304.0), (2398.6, 320.9), (2438.6, 368.0), (2478.6, 304.0), (2518.6, 320.9), (2558.6, 368.0), (2598.6, 299.1), (2638.6, 250.6), (2672.1, 224.0), (2672.1, 221.1), (2672.1, 250.8), (2673.9, 314.8), (2684.1, 348.9), (2704.6, 285.1), (2733.1, 278.8), (2769.6, 318.5), (2809.6, 348.9), (2849.6, 285.1), (2889.6, 278.8), (2929.6, 318.5), (2969.6, 348.9), (3009.6, 285.1), (3049.6, 241.8), (3089.6, 221.0), (3129.6, 225.2), (3169.6, 263.8), (3209.6, 333.1), (3249.6, 331.0), (3280.1, 272.3), (3285.6, 234.4), (3299.1, 219.4), (3320.6, 231.5), (3350.5, 261.4), (3389.8, 195.1), (3429.8, 149.2), (3469.8, 125.4), (3509.8, 126.0), (3549.8, 160.1), (3589.8, 227.0), (3629.8, 300.4), (3664.0, 368.0), (3664.4, 299.1), (3670.9, 250.6), (3685.4, 224.0), (3707.9, 221.1), (3738.4, 250.8), (3776.5, 314.8), (3816.5, 358.6), (3856.5, 292.3), (3859.5, 246.4), (3871.0, 222.7), (3890.5, 223.2), (3918.0, 257.4), (3955.4, 217.9), (3995.4, 164.3), (4035.4, 132.0), (4075.4, 122.7), (4115.4, 143.5), (4155.4, 199.9), (4195.4, 273.2), (4235.4, 326.3), (4242.6, 260.0), (4253.1, 214.0), (4271.6, 190.3), (4298.1, 190.9), (4332.6, 225.0), (4372.5, 194.6), (4412.5, 138.4), (4452.5, 103.3), (4492.5, 91.1), (4532.5, 107.5), (4572.5, 159.4), (4612.5, 232.6), (4624.1, 305.9), (4630.0, 358.3), (4646.5, 304.3), (4671.0, 325.3), (4703.9, 358.3), (4743.9, 304.3), (4783.9, 325.3), (4823.9, 358.3), (4863.9, 292.0), (4903.9, 246.0), (4943.9, 222.3), (4983.9, 210.3), (5023.9, 144.0), (5063.9, 98.0), (5103.9, 81.3), (5143.9, 108.6), (5183.9, 170.8), (5223.9, 244.1), (5263.9, 226.2), (5303.9, 170.1), (5343.9, 134.9), (5383.9, 122.7), (5423.9, 139.1), (5463.9, 191.0), (5488.4, 154.5), (5488.4, 100.9), (5488.4, 82.8), (5488.4, 114.5), (5488.4, 179.9), (5488.8, 162.0), (5488.8, 105.9), (5488.8, 81.3), (5488.8, 108.6), (5488.8, 170.8), (5488.8, 170.5), (5488.8, 111.8), (5488.8, 80.4), (5488.8, 103.2), (5488.8, 161.6), (5488.1, 179.2), (5488.1, 118.0), (5488.1, 80.0), (5488.1, 98.4), (5488.1, 152.4), (5488.1, 188.3), (5488.1, 124.6), (5488.1, 81.3), (5488.1, 94.2), (5488.1, 143.8), (5488.5, 197.7), (5488.8, 131.4), (5488.8, 85.5), (5488.8, 90.5), (5488.8, 135.6), (5488.8, 207.4), (5488.8, 138.6), (5488.8, 90.1), (5488.8, 87.4), (5488.8, 128.0), (5488.8, 198.3), (5488.1, 146.1), (5488.1, 95.0)]",0,27.48
novice,mario,Mario1-2,Stuck,2,0,196.46,0.969,"[(112.0, 208.0), (116.5, 226.4), (129.0, 280.4), (149.5, 353.8), (180.2, 314.5), (219.0, 260.9), (259.0, 228.5), (299.0, 219.2), (339.0, 240.0), (379.0, 171.2), (419.0, 122.7), (459.0, 96.1), (499.0, 93.1), (539.0, 122.8), (579.0, 186.8), (619.0, 260.1), (659.0, 275.8), (699.0, 214.6), (739.0, 173.9), (779.0, 156.0), (819.0, 164.1), (859.0, 207.1), (899.0, 203.0), (939.0, 144.3), (979.0, 106.4), (1019.0, 91.4), (1059.0, 103.5), (1099.0, 151.0), (1139.0, 223.4), (1179.0, 296.8), (1219.0, 340.8), (1259.0, 311.6), (1299.0, 305.7), (1339.0, 331.3), (1379.0, 348.9), (1419.0, 285.1), (1424.4, 241.8), (1424.4, 254.2), (1424.4, 303.8), (1430.9, 368.0), (1448.4, 304.0), (1473.9, 320.9), (1507.4, 368.0), (1547.4, 304.0), (1587.4, 320.9), (1627.4, 358.1), (1667.4, 326.0), (1707.4, 317.0), (1712.4, 338.1), (1716.9, 368.0), (1748.6, 368.3), (1788.6, 368.0), (1828.6, 339.8), (1868.6, 306.5), (1908.6, 335.9), (1948.6, 331.4), (1988.6, 310.8), (2028.6, 315.3), (2068.6, 354.2), (2108.6, 314.5), (2128.8, 261.1), (2128.8, 229.8), (2128.8, 221.6), (2128.8, 243.4), (2128.8, 300.8), (2131.5, 368.0), (2146.0, 304.0), (2168.5, 320.9), (2199.0, 368.0), (2238.6, 304.0), (2278.6, 320.9), (2318.6, 368.0), (2358.6, 304.0), (2398.6, 320.9), (2438.6, 368.0), (2478.6, 304.0), (2518.6, 320.9), (2558.6, 368.0), (2598.6, 299.1), (2638.6, 250.6), (2671.9, 224.0), (2671.6, 221.1), (2670.9, 250.8), (2674.4, 314.8), (2686.6, 348.9), (2709.1, 285.1), (2739.6, 278.8), (2777.8, 318.5), (2817.8, 348.9), (2857.8, 285.1), (2897.8, 278.8), (2937.8, 318.5), (2977.8, 348.9), (3017.8, 285.1), (3057.8, 241.8), (3097.8, 221.0), (3137.8, 225.2), (3177.8, 263.8), (3217.8, 333.1), (3257.8, 331.0), (3280.8, 272.3), (3288.2, 234.4), (3303.8, 219.4), (3327.2, 231.5), (3359.1, 261.4), (3399.0, 195.1), (3439.0, 149.2), (3479.0, 125.4), (3519.0, 126.0), (3559.0, 160.1), (3599.0, 227.0), (3639.0, 300.4), (3664.0, 368.0), (3663.0, 299.4), (3668.5, 251.2), (3682.0, 224.9), (3703.5, 222.3), (3733.0, 252.3), (3770.4, 316.4), (3810.4, 348.9), (3850.4, 285.1), (3858.6, 241.8), (3869.1, 221.0), (3887.6, 225.2), (3914.1, 263.8), (3951.1, 209.8), (3991.1, 158.7), (4031.1, 129.2), (4071.1, 123.0), (4111.1, 148.3), (4151.1, 208.7), (4191.1, 282.0), (4231.1, 316.9), (4242.6, 253.1), (4253.1, 209.8), (4271.6, 189.0), (4298.1, 193.2), (4332.6, 231.8), (4372.5, 186.5), (4412.5, 132.9), (4452.5, 100.5), (4492.5, 91.2), (4532.5, 112.0), (4572.5, 168.4), (4612.5, 241.8), (4624.4, 315.1), (4631.6, 348.9), (4649.1, 305.1), (4674.6, 330.4), (4708.9, 348.9), (4748.9, 305.1), (4788.9, 330.4), (4828.9, 348.9), (4868.9, 285.1), (4908.9, 241.8), (4948.9, 221.0), (4988.9, 202.0), (5028.9, 138.2), (5068.9, 94.9), (5108.9, 82.8), (5148.9, 114.5), (5188.9, 179.9), (5228.9, 253.3), (5268.9, 218.1), (5308.9, 164.5), (5348.9, 132.1), (5388.9, 122.8), (5428.9, 143.7), (5468.9, 200.0), (5488.0, 146.6), (5488.0, 95.6), (5488.0, 84.8), (5488.7, 121.0), (5488.7, 189.1), (5488.4, 153.9), (5488.9, 100.3), (5488.8, 82.8), (5488.0, 114.5), (5488.0, 179.9), (5487.0, 162.2), (5485.8, 106.4), (5488.1, 81.3), (5488.0, 108.6), (5488.0, 170.8), (5487.6, 170.6), (5485.9, 112.2), (5488.4, 80.4), (5488.8, 103.2), (5488.0, 161.6), (5488.1, 179.2), (5487.6, 118.0), (5488.0, 80.0), (5488.0, 98.4), (5488.0, 152.4), (5487.9, 188.4), (5486.1, 124.9), (5487.6, 81.9), (5488.4, 94.2), (5488.0, 143.8), (5488.0, 197.8), (5486.8, 131.7), (5486.5, 86.1), (5488.0, 90.5), (5488.0, 135.6), (5488.0, 207.4), (5487.6, 138.6), (5487.6, 90.1)]",0,27.47
novice,mario,Mario1-2,Stuck,1,0,198.12,0.969,"[(112.0, 208.0), (116.5, 226.4), (129.0, 280.4), (149.5, 353.8), (180.2, 314.5), (219.0, 260.9), (259.0, 228.5), (299.0, 219.2), (339.0, 240.0), (379.0, 171.2), (419.0, 122.7), (459.0, 96.1), (499.0, 93.1), (539.0, 122.8), (579.0, 186.8), (619.0, 260.1), (659.0, 275.8), (699.0, 214.6), (739.0, 173.9), (779.0, 156.0), (819.0, 164.1), (859.0, 207.1), (899.0, 203.0), (939.0, 144.3), (979.0, 106.4), (1019.0, 91.4), (1059.0, 103.5), (1099.0, 151.0), (1139.0, 223.4), (1179.0, 296.8), (1219.0, 340.8), (1259.0, 311.6), (1299.0, 305.7), (1339.0, 331.3), (1379.0, 348.9), (1419.0, 285.1), (1424.4, 241.8), (1424.4, 254.2), (1424.4, 303.8), (1430.9, 368.0), (1448.4, 304.0), (1473.9, 320.9), (1507.4, 368.0), (1547.4, 304.0), (1587.4, 320.9), (1627.4, 358.1), (1667.4, 326.0), (1707.4, 317.0), (1712.4, 338.1), (1716.9, 368.0), (1748.6, 368.3), (1788.6, 368.0), (1828.6, 339.8), (1868.6, 306.5), (1908.6, 335.9), (1948.6, 331.4), (1988.6, 310.8), (2028.6, 315.3), (2068.6, 354.2), (2108.6, 314.5), (2128.8, 260.9), (2128.8, 228.5), (2128.8, 219.2), (2128.8, 240.0), (2128.8, 296.4), (2131.5, 368.0), (2146.0, 304.0), (2168.5, 320.9), (2199.0, 368.0), (2238.6, 304.0), (2278.6, 320.9), (2318.6, 368.0), (2358.6, 304.0), (2398.6, 320.9), (2438.6, 368.0), (2478.6, 304.0), (2518.6, 320.9), (2558.6, 368.0), (2598.6, 299.1), (2638.6, 250.6), (2672.1, 224.0), (2672.1, 221.1), (2672.1, 250.8), (2673.9, 314.8), (2684.1, 348.9), (2704.6, 285.1), (2733.1, 278.8), (2769.6, 318.5), (2809.6, 348.9), (2849.6, 285.1), (2889.6, 278.8), (2929.6, 318.5), (2969.6, 348.9), (3009.6, 285.1), (3049.6, 241.8), (3089.6, 221.0), (3129.6, 225.2), (3169.6, 263.8), (3209.6, 333.1), (3249.6, 331.0), (3280.1, 272.3), (3285.6, 234.4), (3299.1, 219.4), (3320.6, 231.5), (3350.5, 261.4), (3389.8, 195.1), (3429.8, 149.2), (3469.8, 125.4), (3509.8, 126.0), (3549.8, 160.1), (3589.8, 227.0), (3629.8, 300.4), (3664.0, 368.0), (3664.4, 299.1), (3670.9, 250.6), (3685.4, 224.0), (3707.9, 221.1), (3738.4, 250.8), (3776.5, 314.8), (3816.5, 348.9), (3856.5, 285.1), (3859.5, 241.8), (3871.0, 221.0), (3890.5, 225.2), (3918.0, 263.8), (3955.8, 209.8), (3995.8, 158.7), (4035.8, 129.2), (4075.8, 123.0), (4115.8, 148.3), (4155.8, 208.7), (4195.8, 282.0), (4235.8, 316.9), (4242.6, 253.1), (4253.1, 209.8), (4271.6, 189.0), (4298.1, 193.2), (4332.6, 231.8), (4372.5, 186.5), (4412.5, 132.9), (4452.5, 100.5), (4492.5, 91.2), (4532.5, 112.0), (4572.5, 168.4), (4612.5, 241.8), (4624.1, 315.1), (4630.4, 348.9), (4646.9, 305.1), (4671.4, 330.4), (4704.6, 348.9), (4744.6, 305.1), (4784.6, 330.4), (4824.6, 348.9), (4864.6, 285.1), (4904.6, 241.8), (4944.6, 221.0), (4984.6, 202.0), (5024.6, 138.2), (5064.6, 94.9), (5104.6, 82.8), (5144.6, 114.5), (5184.6, 179.9), (5224.6, 253.3), (5264.6, 218.1), (5304.6, 164.5), (5344.6, 132.1), (5384.6, 122.8), (5424.6, 143.7), (5464.6, 200.0), (5488.8, 146.6), (5488.8, 95.6), (5488.8, 84.8), (5488.8, 121.0), (5488.8, 189.1), (5488.0, 153.9), (5488.0, 100.3), (5488.0, 82.8), (5488.0, 114.5), (5488.0, 179.9), (5488.0, 162.0), (5488.0, 105.9), (5488.0, 81.3), (5488.0, 108.6), (5488.0, 170.8), (5488.4, 170.5), (5488.4, 111.8), (5488.4, 80.4), (5488.4, 103.2), (5488.4, 161.6), (5488.4, 179.2), (5488.4, 118.0), (5488.4, 80.0), (5488.4, 98.4), (5488.4, 152.4), (5488.0, 188.3), (5488.0, 124.6), (5488.0, 81.3), (5488.0, 94.2), (5488.0, 143.8), (5488.0, 197.7), (5488.0, 131.4), (5488.0, 85.5), (5488.0, 90.5), (5488.0, 135.6), (5488.0, 207.4), (5488.4, 138.6), (5488.4, 90.1)]",0,27.48
novice,mario,Mario1-2,Stuck,1,0,198.12,0.969,"[(112.0, 208.0), (116.5, 226.4), (129.0, 280.4), (149.5, 353.8), (180.2, 314.5), (219.0, 260.9), (259.0, 228.5), (299.0, 219.2), (339.0, 240.0), (379.0, 171.2), (419.0, 122.7), (459.0, 96.1), (499.0, 93.1), (539.0, 122.8), (579.0, 186.8), (619.0, 260.1), (659.0, 275.8), (699.0, 214.6), (739.0, 173.9), (779.0, 156.0), (819.0, 164.1), (859.0, 207.1), (899.0, 203.0), (939.0, 144.3), (979.0, 106.4), (1019.0, 91.4), (1059.0, 103.5), (1099.0, 151.0), (1139.0, 223.4), (1179.0, 296.8), (1219.0, 340.8), (1259.0, 311.6), (1299.0, 305.7), (1339.0, 331.3), (1379.0, 348.9), (1419.0, 285.1), (1424.4, 241.8), (1424.4, 254.2), (1424.4, 303.8), (1430.9, 368.0), (1448.4, 304.0), (1473.9, 320.9), (1507.4, 368.0), (1547.4, 304.0), (1587.4, 320.9), (1627.4, 358.1), (1667.4, 326.0), (1707.4, 317.0), (1712.4, 338.1), (1716.9, 368.0), (1748.6, 368.3), (1788.6, 368.0), (1828.6, 339.8), (1868.6, 306.5), (1908.6, 335.9), (1948.6, 331.4), (1988.6, 310.8), (2028.6, 315.3), (2068.6, 354.2), (2108.6, 314.5), (2128.8, 260.9), (2128.8, 228.5), (2128.8, 219.2), (2128.8, 240.0), (2128.8, 296.4), (2131.5, 368.0), (2146.0, 304.0), (2168.5, 320.9), (2199.0, 368.0), (2238.6, 304.0), (2278.6, 320.9), (2318.6, 368.0), (2358.6, 304.0), (2398.6, 320.9), (2438.6, 368.0), (2478.6, 304.0), (2518.6, 320.9), (2558.6, 368.0), (2598.6, 299.1), (2638.6, 250.6), (2672.1, 224.0), (2672.1, 221.1), (2672.1, 250.8), (2673.9, 314.8), (2684.1, 348.9), (2704.6, 285.1), (2733.1, 278.8), (2769.6, 318.5), (2809.6, 348.9), (2849.6, 285.1), (2889.6, 278.8), (2929.6, 318.5), (2969.6, 348.9), (3009.6, 285.1), (3049.6, 241.8), (3089.6, 221.0), (3129.6, 225.2), (3169.6, 263.8), (3209.6, 333.1), (3249.6, 331.0), (3280.1, 272.3), (3285.6, 234.4), (3299.1, 219.4), (3320.6, 231.5), (3350.5, 261.4), (3389.8, 195.1), (3429.8, 149.2), (3469.8, 125.4), (3509.8, 126.0), (3549.8, 160.1), (3589.8, 227.0), (3629.8, 300.4), (3664.0, 368.0), (3664.4, 299.1), (3670.9, 250.6), (3685.4, 224.0), (3707.9, 221.1), (3738.4, 250.8), (3776.5, 314.8), (3816.5, 348.9), (3856.5, 285.1), (3859.5, 241.8), (3871.0, 221.0), (3890.5, 225.2), (3918.0, 263.8), (3955.8, 209.8), (3995.8, 158.7), (4035.8, 129.2), (4075.8, 123.0), (4115.8, 148.3), (4155.8, 208.7), (4195.8, 282.0), (4235.8, 316.9), (4242.6, 253.1), (4253.1, 209.8), (4271.6, 189.0), (4298.1, 193.2), (4332.6, 231.8), (4372.5, 186.5), (4412.5, 132.9), (4452.5, 100.5), (4492.5, 91.2), (4532.5, 112.0), (4572.5, 168.4), (4612.5, 241.8), (4624.1, 315.1), (4630.4, 348.9), (4646.9, 305.1), (4671.4, 330.4), (4704.6, 348.9), (4744.6, 305.1), (4784.6, 330.4), (4824.6, 348.9), (4864.6, 285.1), (4904.6, 241.8), (4944.6, 221.0), (4984.6, 202.0), (5024.6, 138.2), (5064.6, 94.9), (5104.6, 82.8), (5144.6, 114.5), (5184.6, 179.9), (5224.6, 253.3), (5264.6, 218.1), (5304.6, 164.5), (5344.6, 132.1), (5384.6, 122.8), (5424.6, 143.7), (5464.6, 200.0), (5488.8, 146.6), (5488.8, 95.6), (5488.8, 84.8), (5488.8, 121.0), (5488.8, 189.1), (5488.0, 153.9), (5488.0, 100.3), (5488.0, 82.8), (5488.0, 114.5), (5488.0, 179.9), (5488.0, 162.0), (5488.0, 105.9), (5488.0, 81.3), (5488.0, 108.6), (5488.0, 170.8), (5488.4, 170.5), (5488.4, 111.8), (5488.4, 80.4), (5488.4, 103.2), (5488.4, 161.6), (5488.4, 179.2), (5488.4, 118.0), (5488.4, 80.0), (5488.4, 98.4), (5488.4, 152.4), (5488.0, 188.3), (5488.0, 124.6), (5488.0, 81.3), (5488.0, 94.2), (5488.0, 143.8), (5488.0, 197.7), (5488.0, 131.4), (5488.0, 85.5), (5488.0, 90.5), (5488.0, 135.6), (5488.0, 207.4), (5488.4, 138.6), (5488.4, 90.1)]",0,27.48
novice,mario,Mario1-2,Stuck,10,5,143.17,0.347,"[(112.0, 208.0), (110.5, 226.4), (108.8, 280.4), (111.2, 353.8), (124.0, 314.5), (145.5, 260.9), (175.0, 228.5), (212.4, 219.2), (252.4, 240.0), (292.4, 296.4), (332.4, 368.0), (372.4, 304.0), (412.4, 320.9), (452.4, 345.1), (492.4, 315.8), (532.4, 309.9), (572.4, 335.5), (612.4, 266.6), (652.4, 218.1), (692.4, 191.5), (732.4, 188.6), (772.4, 218.3), (812.4, 203.0), (852.4, 145.1), (892.4, 108.3), (932.4, 94.2), (972.4, 107.4), (1012.4, 155.9), (1052.4, 228.6), (1092.4, 302.0), (1132.4, 242.6), (1172.4, 192.1), (1212.4, 163.6), (1252.4, 158.5), (1292.4, 166.3), (1332.4, 100.0), (1372.4, 84.4), (1412.4, 119.6), (1452.4, 166.3), (1492.4, 100.0), (1532.4, 84.4), (1572.2, 119.6), (1606.8, 187.1), (1637.0, 260.4), (1649.9, 333.8), (1659.4, 323.7), (1676.9, 306.0), (1702.4, 314.4), (1712.1, 344.7), (1712.1, 312.6), (1712.1, 303.6), (1712.1, 324.7), (1712.5, 358.3), (1712.8, 292.0), (1712.8, 246.0), (1715.5, 222.3), (1727.0, 222.9), (1747.6, 211.8), (1778.1, 150.6), (1816.2, 153.9), (1856.2, 197.9), (1896.2, 211.8), (1936.2, 150.6), (1968.1, 153.9), (1968.1, 197.9), (1968.4, 211.8), (1968.4, 150.6), (1968.4, 153.9), (1968.4, 197.9), (1968.4, 211.8), (1968.4, 150.6), (1968.4, 153.9), (1968.4, 197.9), (1968.4, 211.8), (1968.4, 150.6), (1968.4, 153.9), (1968.4, 197.9), (1968.4, 211.8), (1968.4, 150.6), (1968.4, 153.9), (1968.4, 197.9), (1968.4, 211.8), (1968.4, 150.6), (1968.4, 153.9), (1968.4, 197.9), (1968.4, 211.8), (1968.4, 150.6), (1968.4, 153.9), (1968.4, 197.9), (1968.4, 211.8), (1968.4, 150.6), (1968.4, 153.9), (1968.4, 197.9), (1968.4, 211.8), (1968.4, 150.6), (1968.4, 153.9), (1968.4, 197.9), (1968.4, 211.8), (1968.4, 150.6), (1968.4, 153.9), (1968.4, 197.9)]",0,13.38
novice,mario,Mario1-2,Stuck,2,0,198.12,0.969,"[(112.0, 208.0), (116.5, 226.4), (129.0, 280.4), (149.5, 353.8), (180.2, 314.5), (219.0, 260.9), (259.0, 228.5), (299.0, 219.2), (339.0, 240.0), (379.0, 171.2), (419.0, 122.7), (459.0, 96.1), (499.0, 93.1), (539.0, 122.8), (579.0, 186.8), (619.0, 260.1), (659.0, 275.8), (699.0, 214.6), (739.0, 173.9), (779.0, 156.0), (819.0, 164.1), (859.0, 207.1), (899.0, 203.0), (939.0, 144.3), (979.0, 106.4), (1019.0, 91.4), (1059.0, 103.5), (1099.0, 151.0), (1139.0, 223.4), (1179.0, 296.8), (1219.0, 340.8), (1259.0, 311.6), (1299.0, 305.7), (1339.0, 331.3), (1379.0, 348.9), (1419.0, 285.1), (1424.4, 241.8), (1424.4, 254.2), (1424.4, 303.8), (1430.9, 368.0), (1448.4, 304.0), (1473.9, 320.9), (1507.4, 368.0), (1547.4, 304.0), (1587.4, 320.9), (1627.4, 358.1), (1667.4, 326.0), (1707.4, 317.0), (1712.4, 338.1), (1716.9, 368.0), (1748.6, 368.3), (1788.6, 368.0), (1828.6, 339.8), (1868.6, 306.5), (1908.6, 335.9), (1948.6, 331.4), (1988.6, 310.8), (2028.6, 315.3), (2068.6, 354.2), (2108.6, 314.5), (2128.8, 260.9), (2128.8, 228.5), (2128.8, 219.2), (2128.8, 240.0), (2128.8, 296.4), (2131.5, 368.0), (2146.0, 304.0), (2168.5, 320.9), (2199.0, 368.0), (2238.6, 304.0), (2278.6, 320.9), (2318.6, 368.0), (2358.6, 304.0), (2398.6, 320.9), (2438.6, 368.0), (2478.6, 304.0), (2518.6, 320.9), (2558.6, 368.0), (2598.6, 299.1), (2638.6, 250.6), (2672.1, 224.0), (2672.1, 221.1), (2672.1, 250.8), (2673.9, 314.8), (2684.1, 348.9), (2704.6, 285.1), (2733.1, 278.8), (2769.6, 318.5), (2809.6, 348.9), (2849.6, 285.1), (2889.6, 278.8), (2929.6, 318.5), (2969.6, 348.9), (3009.6, 285.1), (3049.6, 241.8), (3089.6, 221.0), (3129.6, 225.2), (3169.6, 263.8), (3209.6, 333.1), (3249.6, 331.0), (3280.1, 272.3), (3285.6, 234.4), (3299.1, 219.4), (3320.6, 231.5), (3350.5, 261.4), (3389.8, 195.1), (3429.8, 149.2), (3469.8, 125.4), (3509.8, 126.0), (3549.8, 160.1), (3589.8, 227.0), (3629.8, 300.4), (3664.0, 368.0), (3664.4, 299.1), (3670.9, 250.6), (3685.4, 224.0), (3707.9, 221.1), (3738.4, 250.8), (3776.5, 314.8), (3816.5, 348.9), (3856.5, 285.1), (3859.5, 241.8), (3871.0, 221.0), (3890.5, 225.2), (3918.0, 263.8), (3955.8, 209.8), (3995.8, 158.7), (4035.8, 129.2), (4075.8, 123.0), (4115.8, 148.3), (4155.8, 208.7), (4195.8, 282.0), (4235.8, 316.9), (4242.6, 253.1), (4253.1, 209.8), (4271.6, 189.0), (4298.1, 193.2), (4332.6, 231.8), (4372.5, 186.5), (4412.5, 132.9), (4452.5, 100.5), (4492.5, 91.2), (4532.5, 112.0), (4572.5, 168.4), (4612.5, 241.8), (4624.1, 315.1), (4630.4, 348.9), (4646.9, 305.1), (4671.4, 330.4), (4704.6, 348.9), (4744.6, 305.1), (4784.6, 330.4), (4824.6, 348.9), (4864.6, 285.1), (4904.6, 241.8), (4944.6, 221.0), (4984.6, 202.0), (5024.6, 138.2), (5064.6, 94.9), (5104.6, 82.8), (5144.6, 114.5), (5184.6, 179.9), (5224.6, 253.3), (5264.6, 218.1), (5304.6, 164.5), (5344.6, 132.1), (5384.6, 122.8), (5424.6, 143.7), (5464.6, 200.0), (5488.8, 146.6), (5488.8, 95.6), (5488.8, 84.8), (5488.8, 121.0), (5488.8, 189.1), (5488.0, 153.9), (5488.0, 100.3), (5488.0, 82.8), (5488.0, 114.5), (5488.0, 179.9), (5488.0, 162.0), (5488.0, 105.9), (5488.0, 81.3), (5488.0, 108.6), (5488.0, 170.8), (5488.4, 170.5), (5488.4, 111.8), (5488.4, 80.4), (5488.4, 103.2), (5488.4, 161.6), (5488.4, 179.2), (5488.4, 118.0), (5488.4, 80.0), (5488.4, 98.4), (5488.4, 152.4), (5488.0, 188.3), (5488.0, 124.6), (5488.0, 81.3), (5488.0, 94.2), (5488.0, 143.8), (5488.0, 197.7), (5488.0, 131.4), (5488.0, 85.5), (5488.0, 90.5), (5488.0, 135.6), (5488.0, 207.4), (5488.4, 138.6), (5488.4, 90.1)]",0,27.48
novice,mario,Mario1-2,Enemy,7,0,253.31,0.287,"[(112.0, 208.0), (116.5, 226.4), (129.0, 280.4), (149.5, 353.8), (180.2, 314.5), (219.0, 260.9), (259.0, 228.5), (299.0, 219.2), (339.0, 240.0), (379.0, 171.2), (419.0, 122.8), (459.0, 96.9), (499.0, 94.6), (539.0, 125.1), (579.0, 189.5), (619.0, 262.9), (659.0, 275.8), (699.0, 214.6), (739.0, 173.9), (779.0, 156.0), (819.0, 164.1), (859.0, 207.1), (899.0, 203.0), (939.0, 144.3), (979.0, 106.9), (1019.0, 92.5), (1059.0, 105.4), (1099.0, 153.6), (1139.0, 226.2), (1179.0, 299.5), (1219.0, 343.6), (1259.0, 314.3), (1299.0, 308.4), (1339.0, 334.0), (1379.0, 339.8), (1419.0, 278.6), (1424.4, 240.0), (1424.4, 258.4), (1424.4, 312.4), (1431.2, 358.3), (1448.8, 304.3), (1474.2, 325.3), (1508.1, 358.3), (1548.1, 304.3), (1588.1, 325.3), (1623.1, 368.0)]",0,6.0
novice,mario,Mario1-2,Stuck,1,0,198.12,0.969,"[(112.0, 208.0), (116.5, 226.4), (129.0, 280.4), (149.5, 353.8), (180.2, 314.5), (219.0, 260.9), (259.0, 228.5), (299.0, 219.2), (339.0, 240.0), (379.0, 171.2), (419.0, 122.7), (459.0, 96.1), (499.0, 93.1), (539.0, 122.8), (579.0, 186.8), (619.0, 260.1), (659.0, 275.8), (699.0, 214.6), (739.0, 173.9), (779.0, 156.0), (819.0, 164.1), (859.0, 207.1), (899.0, 203.0), (939.0, 144.3), (979.0, 106.4), (1019.0, 91.4), (1059.0, 103.5), (1099.0, 151.0), (1139.0, 223.4), (1179.0, 296.8), (1219.0, 340.8), (1259.0, 311.6), (1299.0, 305.7), (1339.0, 331.3), (1379.0, 348.9), (1419.0, 285.1), (1424.4, 241.8), (1424.4, 254.2), (1424.4, 303.8), (1430.9, 368.0), (1448.4, 304.0), (1473.9, 320.9), (1507.4, 368.0), (1547.4, 304.0), (1587.4, 320.9), (1627.4, 358.1), (1667.4, 326.0), (1707.4, 317.0), (1712.4, 338.1), (1716.9, 368.0), (1748.6, 368.3), (1788.6, 368.0), (1828.6, 339.8), (1868.6, 306.5), (1908.6, 335.9), (1948.6, 331.4), (1988.6, 310.8), (2028.6, 315.3), (2068.6, 354.2), (2108.6, 314.5), (2128.8, 260.9), (2128.8, 228.5), (2128.8, 219.2), (2128.8, 240.0), (2128.8, 296.4), (2131.5, 368.0), (2146.0, 304.0), (2168.5, 320.9), (2199.0, 368.0), (2238.6, 304.0), (2278.6, 320.9), (2318.6, 368.0), (2358.6, 304.0), (2398.6, 320.9), (2438.6, 368.0), (2478.6, 304.0), (2518.6, 320.9), (2558.6, 368.0), (2598.6, 299.1), (2638.6, 250.6), (2672.1, 224.0), (2672.1, 221.1), (2672.1, 250.8), (2673.9, 314.8), (2684.1, 348.9), (2704.6, 285.1), (2733.1, 278.8), (2769.6, 318.5), (2809.6, 348.9), (2849.6, 285.1), (2889.6, 278.8), (2929.6, 318.5), (2969.6, 348.9), (3009.6, 285.1), (3049.6, 241.8), (3089.6, 221.0), (3129.6, 225.2), (3169.6, 263.8), (3209.6, 333.1), (3249.6, 331.0), (3280.1, 272.3), (3285.6, 234.4), (3299.1, 219.4), (3320.6, 231.5), (3350.5, 261.4), (3389.8, 195.1), (3429.8, 149.2), (3469.8, 125.4), (3509.8, 126.0), (3549.8, 160.1), (3589.8, 227.0), (3629.8, 300.4), (3664.0, 368.0), (3664.4, 299.1), (3670.9, 250.6), (3685.4, 224.0), (3707.9, 221.1), (3738.4, 250.8), (3776.5, 314.8), (3816.5, 348.9), (3856.5, 285.1), (3859.5, 241.8), (3871.0, 221.0), (3890.5, 225.2), (3918.0, 263.8), (3955.8, 209.8), (3995.8, 158.7), (4035.8, 129.2), (4075.8, 123.0), (4115.8, 148.3), (4155.8, 208.7), (4195.8, 282.0), (4235.8, 316.9), (4242.6, 253.1), (4253.1, 209.8), (4271.6, 189.0), (4298.1, 193.2), (4332.6, 231.8), (4372.5, 186.5), (4412.5, 132.9), (4452.5, 100.5), (4492.5, 91.2), (4532.5, 112.0), (4572.5, 168.4), (4612.5, 241.8), (4624.1, 315.1), (4630.4, 348.9), (4646.9, 305.1), (4671.4, 330.4), (4704.6, 348.9), (4744.6, 305.1), (4784.6, 330.4), (4824.6, 348.9), (4864.6, 285.1), (4904.6, 241.8), (4944.6, 221.0), (4984.6, 202.0), (5024.6, 138.2), (5064.6, 94.9), (5104.6, 82.8), (5144.6, 114.5), (5184.6, 179.9), (5224.6, 253.3), (5264.6, 218.1), (5304.6, 164.5), (5344.6, 132.1), (5384.6, 122.8), (5424.6, 143.7), (5464.6, 200.0), (5488.8, 146.6), (5488.8, 95.6), (5488.8, 84.8), (5488.8, 121.0), (5488.8, 189.1), (5488.0, 153.9), (5488.0, 100.3), (5488.0, 82.8), (5488.0, 114.5), (5488.0, 179.9), (5488.0, 162.0), (5488.0, 105.9), (5488.0, 81.3), (5488.0, 108.6), (5488.0, 170.8), (5488.4, 170.5), (5488.4, 111.8), (5488.4, 80.4), (5488.4, 103.2), (5488.4, 161.6), (5488.4, 179.2), (5488.4, 118.0), (5488.4, 80.0), (5488.4, 98.4), (5488.4, 152.4), (5488.0, 188.3), (5488.0, 124.6), (5488.0, 81.3), (5488.0, 94.2), (5488.0, 143.8), (5488.0, 197.7), (5488.0, 131.4), (5488.0, 85.5), (5488.0, 90.5), (5488.0, 135.6), (5488.0, 207.4), (5488.4, 138.6), (5488.4, 90.1)]",0,27.48
novice,mario,Mario1-2,Stuck,1,0,198.12,0.969,"[(112.0, 208.0), (116.5, 226.4), (129.0, 280.4), (149.5, 353.8), (180.2, 314.5), (219.0, 260.9), (259.0, 228.5), (299.0, 219.2), (339.0, 240.0), (379.0, 171.2), (419.0, 122.7), (459.0, 96.1), (499.0, 93.1), (539.0, 122.8), (579.0, 186.8), (619.0, 260.1), (659.0, 275.8), (699.0, 214.6), (739.0, 173.9), (779.0, 156.0), (819.0, 164.1), (859.0, 207.1), (899.0, 203.0), (939.0, 144.3), (979.0, 106.4), (1019.0, 91.4), (1059.0, 103.5), (1099.0, 151.0), (1139.0, 223.4), (1179.0, 296.8), (1219.0, 340.8), (1259.0, 311.6), (1299.0, 305.7), (1339.0, 331.3), (1379.0, 348.9), (1419.0, 285.1), (1424.4, 241.8), (1424.4, 254.2), (1424.4, 303.8), (1430.9, 368.0), (1448.4, 304.0), (1473.9, 320.9), (1507.4, 368.0), (1547.4, 304.0), (1587.4, 320.9), (1627.4, 358.1), (1667.4, 326.0), (1707.4, 317.0), (1712.4, 338.1), (1716.9, 368.0), (1748.6, 368.3), (1788.6, 368.0), (1828.6, 339.8), (1868.6, 306.5), (1908.6, 335.9), (1948.6, 331.4), (1988.6, 310.8), (2028.6, 315.3), (2068.6, 354.2), (2108.6, 314.5), (2128.8, 260.9), (2128.8, 228.5), (2128.8, 219.2), (2128.8, 240.0), (2128.8, 296.4), (2131.5, 368.0), (2146.0, 304.0), (2168.5, 320.9), (2199.0, 368.0), (2238.6, 304.0), (2278.6, 320.9), (2318.6, 368.0), (2358.6, 304.0), (2398.6, 320.9), (2438.6, 368.0), (2478.6, 304.0), (2518.6, 320.9), (2558.6, 368.0), (2598.6, 299.1), (2638.6, 250.6), (2672.1, 224.0), (2672.1, 221.1), (2672.1, 250.8), (2673.9, 314.8), (2684.1, 348.9), (2704.6, 285.1), (2733.1, 278.8), (2769.6, 318.5), (2809.6, 348.9), (2849.6, 285.1), (2889.6, 278.8), (2929.6, 318.5), (2969.6, 348.9), (3009.6, 285.1), (3049.6, 241.8), (3089.6, 221.0), (3129.6, 225.2), (3169.6, 263.8), (3209.6, 333.1), (3249.6, 331.0), (3280.1, 272.3), (3285.6, 234.4), (3299.1, 219.4), (3320.6, 231.5), (3350.5, 261.4), (3389.8, 195.1), (3429.8, 149.2), (3469.8, 125.4), (3509.8, 126.0), (3549.8, 160.1), (3589.8, 227.0), (3629.8, 300.4), (3664.0, 368.0), (3664.4, 299.1), (3670.9, 250.6), (3685.4, 224.0), (3707.9, 221.1), (3738.4, 250.8), (3776.5, 314.8), (3816.5, 348.9), (3856.5, 285.1), (3859.5, 241.8), (3871.0, 221.0), (3890.5, 225.2), (3918.0, 263.8), (3955.8, 209.8), (3995.8, 158.7), (4035.8, 129.2), (4075.8, 123.0), (4115.8, 148.3), (4155.8, 208.7), (4195.8, 282.0), (4235.8, 316.9), (4242.6, 253.1), (4253.1, 209.8), (4271.6, 189.0), (4298.1, 193.2), (4332.6, 231.8), (4372.5, 186.5), (4412.5, 132.9), (4452.5, 100.5), (4492.5, 91.2), (4532.5, 112.0), (4572.5, 168.4), (4612.5, 241.8), (4624.1, 315.1), (4630.4, 348.9), (4646.9, 305.1), (4671.4, 330.4), (4704.6, 348.9), (4744.6, 305.1), (4784.6, 330.4), (4824.6, 348.9), (4864.6, 285.1), (4904.6, 241.8), (4944.6, 221.0), (4984.6, 202.0), (5024.6, 138.2), (5064.6, 94.9), (5104.6, 82.8), (5144.6, 114.5), (5184.6, 179.9), (5224.6, 253.3), (5264.6, 218.1), (5304.6, 164.5), (5344.6, 132.1), (5384.6, 122.8), (5424.6, 143.7), (5464.6, 200.0), (5488.8, 146.6), (5488.8, 95.6), (5488.8, 84.8), (5488.8, 121.0), (5488.8, 189.1), (5488.0, 153.9), (5488.0, 100.3), (5488.0, 82.8), (5488.0, 114.5), (5488.0, 179.9), (5488.0, 162.0), (5488.0, 105.9), (5488.0, 81.3), (5488.0, 108.6), (5488.0, 170.8), (5488.4, 170.5), (5488.4, 111.8), (5488.4, 80.4), (5488.4, 103.2), (5488.4, 161.6), (5488.4, 179.2), (5488.4, 118.0), (5488.4, 80.0), (5488.4, 98.4), (5488.4, 152.4), (5488.0, 188.3), (5488.0, 124.6), (5488.0, 81.3), (5488.0, 94.2), (5488.0, 143.8), (5488.0, 197.7), (5488.0, 131.4), (5488.0, 85.5), (5488.0, 90.5), (5488.0, 135.6), (5488.0, 207.4), (5488.4, 138.6), (5488.4, 90.1)]",0,27.48
novice,mario,Mario1-2,Enemy,6,0,276.94,0.216,"[(112.0, 208.0), (116.5, 226.4), (129.0, 280.4), (149.5, 353.8), (180.2, 314.5), (219.0, 260.9), (259.0, 228.5), (299.0, 219.2), (339.0, 240.0), (379.0, 171.2), (419.0, 122.7), (459.0, 96.1), (499.0, 93.1), (539.0, 122.8), (579.0, 186.8), (619.0, 260.1), (659.0, 285.2), (699.0, 221.5), (739.0, 178.2), (779.0, 157.3), (819.0, 161.5), (859.0, 200.2), (899.0, 269.5), (939.0, 210.6), (979.0, 159.6), (1019.0, 130.1), (1059.0, 123.9), (1099.0, 149.1), (1139.0, 209.6), (1179.0, 282.9), (1219.0, 356.3)]",0,4.03
novice,mario,Mario1-2,Stuck,2,0,196.46,0.969,"[(112.0, 208.0), (116.5, 226.4), (129.0, 280.4), (149.5, 353.8), (180.2, 314.5), (219.0, 260.9), (259.0, 228.5), (299.0, 219.2), (339.0, 240.0), (379.0, 171.2), (419.0, 122.7), (459.0, 96.1), (499.0, 93.1), (539.0, 122.8), (579.0, 186.8), (619.0, 260.1), (659.0, 275.8), (699.0, 214.6), (739.0, 173.9), (779.0, 156.0), (819.0, 164.1), (859.0, 207.1), (899.0, 203.0), (939.0, 144.3), (979.0, 106.4), (1019.0, 91.4), (1059.0, 103.5), (1099.0, 151.0), (1139.0, 223.4), (1179.0, 296.8), (1219.0, 340.8), (1259.0, 311.6), (1299.0, 305.7), (1339.0, 331.3), (1379.0, 348.9), (1419.0, 285.1), (1424.4, 241.8), (1424.4, 254.2), (1424.4, 303.8), (1430.9, 368.0), (1448.4, 304.0), (1473.9, 320.9), (1507.4, 368.0), (1547.4, 304.0), (1587.4, 320.9), (1627.4, 358.1), (1667.4, 326.0), (1707.4, 317.0), (1712.4, 338.1), (1716.9, 368.0), (1748.6, 368.3), (1788.6, 368.0), (1828.6, 339.8), (1868.6, 306.5), (1908.6, 335.9), (1948.6, 331.4), (1988.6, 310.8), (2028.6, 315.3), (2068.6, 354.2), (2108.6, 314.5), (2128.8, 261.1), (2128.8, 229.8), (2128.8, 221.6), (2128.8, 243.4), (2128.8, 300.8), (2131.5, 368.0), (2146.0, 304.0), (2168.5, 320.9), (2199.0, 368.0), (2238.6, 304.0), (2278.6, 320.9), (2318.6, 368.0), (2358.6, 304.0), (2398.6, 320.9), (2438.6, 368.0), (2478.6, 304.0), (2518.6, 320.9), (2558.6, 368.0), (2598.6, 299.1), (2638.6, 250.6), (2671.9, 224.0), (2671.6, 221.1), (2670.9, 250.8), (2674.4, 314.8), (2686.6, 348.9), (2709.1, 285.1), (2739.6, 278.8), (2777.8, 318.5), (2817.8, 348.9), (2857.8, 285.1), (2897.8, 278.8), (2937.8, 318.5), (2977.8, 348.9), (3017.8, 285.1), (3057.8, 241.8), (3097.8, 221.0), (3137.8, 225.2), (3177.8, 263.8), (3217.8, 333.1), (3257.8, 331.0), (3280.8, 272.3), (3288.2, 234.4), (3303.8, 219.4), (3327.2, 231.5), (3359.1, 261.4), (3399.0, 195.1), (3439.0, 149.2), (3479.0, 125.4), (3519.0, 126.0), (3559.0, 160.1), (3599.0, 227.0), (3639.0, 300.4), (3664.0, 368.0), (3663.0, 299.4), (3668.5, 251.2), (3682.0, 224.9), (3703.5, 222.3), (3733.0, 252.3), (3770.4, 316.4), (3810.4, 348.9), (3850.4, 285.1), (3858.6, 241.8), (3869.1, 221.0), (3887.6, 225.2), (3914.1, 263.8), (3951.1, 209.8), (3991.1, 158.7), (4031.1, 129.2), (4071.1, 123.0), (4111.1, 148.3), (4151.1, 208.7), (4191.1, 282.0), (4231.1, 316.9), (4242.6, 253.1), (4253.1, 209.8), (4271.6, 189.0), (4298.1, 193.2), (4332.6, 231.8), (4372.5, 186.5), (4412.5, 132.9), (4452.5, 100.5), (4492.5, 91.2), (4532.5, 112.0), (4572.5, 168.4), (4612.5, 241.8), (4624.4, 315.1), (4631.6, 348.9), (4649.1, 305.1), (4674.6, 330.4), (4708.9, 348.9), (4748.9, 305.1), (4788.9, 330.4), (4828.9, 348.9), (4868.9, 285.1), (4908.9, 241.8), (4948.9, 221.0), (4988.9, 202.0), (5028.9, 138.2), (5068.9, 94.9), (5108.9, 82.8), (5148.9, 114.5), (5188.9, 179.9), (5228.9, 253.3), (5268.9, 218.1), (5308.9, 164.5), (5348.9, 132.1), (5388.9, 122.8), (5428.9, 143.7), (5468.9, 200.0), (5488.0, 146.6), (5488.0, 95.6), (5488.0, 84.8), (5488.7, 121.0), (5488.7, 189.1), (5488.4, 153.9), (5488.9, 100.3), (5488.8, 82.8), (5488.0, 114.5), (5488.0, 179.9), (5487.0, 162.2), (5485.8, 106.4), (5488.1, 81.3), (5488.0, 108.6), (5488.0, 170.8), (5487.6, 170.6), (5485.9, 112.2), (5488.4, 80.4), (5488.8, 103.2), (5488.0, 161.6), (5488.1, 179.2), (5487.6, 118.0), (5488.0, 80.0), (5488.0, 98.4), (5488.0, 152.4), (5487.9, 188.4), (5486.1, 124.9), (5487.6, 81.9), (5488.4, 94.2), (5488.0, 143.8), (5488.0, 197.8), (5486.8, 131.7), (5486.5, 86.1), (5488.0, 90.5), (5488.0, 135.6), (5488.0, 207.4), (5487.6, 138.6), (5487.6, 90.1)]",0,27.47
novice,mario,Mario1-2,Stuck,4,0,198.25,0.969,"[(112.0, 208.0), (116.5, 226.4), (129.0, 280.4), (149.5, 353.8), (180.2, 314.5), (219.0, 260.9), (259.0, 228.5), (299.0, 219.2), (339.0, 240.0), (379.0, 171.2), (419.0, 122.7), (459.0, 96.1), (499.0, 93.1), (539.0, 122.8), (579.0, 186.8), (619.0, 260.1), (659.0, 275.8), (699.0, 214.6), (739.0, 173.9), (779.0, 156.0), (819.0, 164.1), (859.0, 207.1), (899.0, 203.0), (939.0, 144.3), (979.0, 106.4), (1019.0, 91.4), (1059.0, 103.5), (1099.0, 151.0), (1139.0, 223.4), (1179.0, 296.8), (1219.0, 340.8), (1259.0, 311.6), (1299.0, 305.7), (1339.0, 331.3), (1379.0, 348.9), (1419.0, 285.1), (1424.4, 241.8), (1424.4, 254.2), (1424.4, 303.8), (1430.9, 368.0), (1448.4, 304.0), (1473.9, 320.9), (1507.4, 368.0), (1547.4, 304.0), (1587.4, 320.9), (1627.4, 358.1), (1667.4, 326.0), (1707.4, 317.0), (1712.4, 338.1), (1716.9, 368.0), (1748.6, 368.3), (1788.6, 368.0), (1828.6, 339.8), (1868.6, 306.5), (1908.6, 335.9), (1948.6, 331.4), (1988.6, 310.8), (2028.6, 315.3), (2068.6, 354.2), (2108.6, 314.5), (2128.8, 260.9), (2128.8, 228.5), (2128.8, 219.2), (2128.8, 240.0), (2128.8, 296.4), (2131.5, 368.0), (2146.0, 304.0), (2168.5, 320.9), (2199.0, 368.0), (2238.6, 304.0), (2278.6, 320.9), (2318.6, 368.0), (2358.6, 304.0), (2398.6, 320.9), (2438.6, 368.0), (2478.6, 304.0), (2518.6, 320.9), (2558.6, 368.0), (2598.6, 299.1), (2638.6, 250.6), (2672.1, 224.0), (2672.1, 221.1), (2672.1, 250.8), (2673.9, 314.8), (2684.1, 348.9), (2704.6, 285.1), (2733.1, 278.8), (2769.6, 318.5), (2809.6, 348.9), (2849.6, 285.1), (2889.6, 278.8), (2929.6, 318.5), (2969.6, 348.9), (3009.6, 285.1), (3049.6, 241.8), (3089.6, 221.0), (3129.6, 225.2), (3169.6, 263.8), (3209.6, 333.1), (3249.6, 331.0), (3280.1, 272.3), (3285.6, 234.4), (3299.1, 219.4), (3320.6, 231.5), (3350.5, 261.4), (3389.8, 195.1), (3429.8, 149.2), (3469.8, 125.4), (3509.8, 126.0), (3549.8, 160.1), (3589.8, 227.0), (3629.8, 300.4), (3664.0, 368.0), (3664.4, 299.1), (3670.9, 250.6), (3685.4, 224.0), (3707.9, 221.1), (3738.4, 250.8), (3776.5, 314.8), (3816.5, 358.6), (3856.5, 292.3), (3859.5, 246.4), (3871.0, 222.7), (3890.5, 223.2), (3918.0, 257.4), (3955.4, 217.9), (3995.4, 164.3), (4035.4, 132.0), (4075.4, 122.7), (4115.4, 143.5), (4155.4, 199.9), (4195.4, 273.2), (4235.4, 326.3), (4242.6, 260.0), (4253.1, 214.0), (4271.6, 190.3), (4298.1, 190.9), (4332.6, 225.0), (4372.5, 194.6), (4412.5, 138.4), (4452.5, 103.3), (4492.5, 91.1), (4532.5, 107.5), (4572.5, 159.4), (4612.5, 232.6), (4624.1, 305.9), (4630.0, 358.3), (4646.5, 304.3), (4671.0, 325.3), (4703.9, 358.3), (4743.9, 304.3), (4783.9, 325.3), (4823.9, 358.3), (4863.9, 292.0), (4903.9, 246.0), (4943.9, 222.3), (4983.9, 210.3), (5023.9, 144.0), (5063.9, 98.0), (5103.9, 81.3), (5143.9, 108.6), (5183.9, 170.8), (5223.9, 244.1), (5263.9, 226.2), (5303.9, 170.1), (5343.9, 134.9), (5383.9, 122.7), (5423.9, 139.1), (5463.9, 191.0), (5488.4, 154.5), (5488.4, 100.9), (5488.4, 82.8), (5488.4, 114.5), (5488.4, 179.9), (5488.8, 162.0), (5488.8, 105.9), (5488.8, 81.3), (5488.8, 108.6), (5488.8, 170.8), (5488.8, 170.5), (5488.8, 111.8), (5488.8, 80.4), (5488.8, 103.2), (5488.8, 161.6), (5488.1, 179.2), (5488.1, 118.0), (5488.1, 80.0), (5488.1, 98.4), (5488.1, 152.4), (5488.1, 188.3), (5488.1, 124.6), (5488.1, 81.3), (5488.1, 94.2), (5488.1, 143.8), (5488.5, 197.7), (5488.8, 131.4), (5488.8, 85.5), (5488.8, 90.5), (5488.8, 135.6), (5488.8, 207.4), (5488.8, 138.6), (5488.8, 90.1), (5488.8, 87.4), (5488.8, 128.0), (5488.8, 198.3), (5488.1, 146.1), (5488.1, 95.0)]",0,27.48
novice,mario,Mario1-2,Stuck,1,0,198.12,0.969,"[(112.0, 208.0), (116.5, 226.4), (129.0, 280.4), (149.5, 353.8), (180.2, 314.5), (219.0, 260.9), (259.0, 228.5), (299.0, 219.2), (339.0, 240.0), (379.0, 171.2), (419.0, 122.7), (459.0, 96.1), (499.0, 93.1), (539.0, 122.8), (579.0, 186.8), (619.0, 260.1), (659.0, 275.8), (699.0, 214.6), (739.0, 173.9), (779.0, 156.0), (819.0, 164.1), (859.0, 207.1), (899.0, 203.0), (939.0, 144.3), (979.0, 106.4), (1019.0, 91.4), (1059.0, 103.5), (1099.0, 151.0), (1139.0, 223.4), (1179.0, 296.8), (1219.0, 340.8), (1259.0, 311.6), (1299.0, 305.7), (1339.0, 331.3), (1379.0, 348.9), (1419.0, 285.1), (1424.4, 241.8), (1424.4, 254.2), (1424.4, 303.8), (1430.9, 368.0), (1448.4, 304.0), (1473.9, 320.9), (1507.4, 368.0), (1547.4, 304.0), (1587.4, 320.9), (1627.4, 358.1), (1667.4, 326.0), (1707.4, 317.0), (1712.4, 338.1), (1716.9, 368.0), (1748.6, 368.3), (1788.6, 368.0), (1828.6, 339.8), (1868.6, 306.5), (1908.6, 335.9), (1948.6, 331.4), (1988.6, 310.8), (2028.6, 315.3), (2068.6, 354.2), (2108.6, 314.5), (2128.8, 260.9), (2128.8, 228.5), (2128.8, 219.2), (2128.8, 240.0), (2128.8, 296.4), (2131.5, 368.0), (2146.0, 304.0), (2168.5, 320.9), (2199.0, 368.0), (2238.6, 304.0), (2278.6, 320.9), (2318.6, 368.0), (2358.6, 304.0), (2398.6, 320.9), (2438.6, 368.0), (2478.6, 304.0), (2518.6, 320.9), (2558.6, 368.0), (2598.6, 299.1), (2638.6, 250.6), (2672.1, 224.0), (2672.1, 221.1), (2672.1, 250.8), (2673.9, 314.8), (2684.1, 348.9), (2704.6, 285.1), (2733.1, 278.8), (2769.6, 318.5), (2809.6, 348.9), (2849.6, 285.1), (2889.6, 278.8), (2929.6, 318.5), (2969.6, 348.9), (3009.6, 285.1), (3049.6, 241.8), (3089.6, 221.0), (3129.6, 225.2), (3169.6, 263.8), (3209.6, 333.1), (3249.6, 331.0), (3280.1, 272.3), (3285.6, 234.4), (3299.1, 219.4), (3320.6, 231.5), (3350.5, 261.4), (3389.8, 195.1), (3429.8, 149.2), (3469.8, 125.4), (3509.8, 126.0), (3549.8, 160.1), (3589.8, 227.0), (3629.8, 300.4), (3664.0, 368.0), (3664.4, 299.1), (3670.9, 250.6), (3685.4, 224.0), (3707.9, 221.1), (3738.4, 250.8), (3776.5, 314.8), (3816.5, 348.9), (3856.5, 285.1), (3859.5, 241.8), (3871.0, 221.0), (3890.5, 225.2), (3918.0, 263.8), (3955.8, 209.8), (3995.8, 158.7), (4035.8, 129.2), (4075.8, 123.0), (4115.8, 148.3), (4155.8, 208.7), (4195.8, 282.0), (4235.8, 316.9), (4242.6, 253.1), (4253.1, 209.8), (4271.6, 189.0), (4298.1, 193.2), (4332.6, 231.8), (4372.5, 186.5), (4412.5, 132.9), (4452.5, 100.5), (4492.5, 91.2), (4532.5, 112.0), (4572.5, 168.4), (4612.5, 241.8), (4624.1, 315.1), (4630.4, 348.9), (4646.9, 305.1), (4671.4, 330.4), (4704.6, 348.9), (4744.6, 305.1), (4784.6, 330.4), (4824.6, 348.9), (4864.6, 285.1), (4904.6, 241.8), (4944.6, 221.0), (4984.6, 202.0), (5024.6, 138.2), (5064.6, 94.9), (5104.6, 82.8), (5144.6, 114.5), (5184.6, 179.9), (5224.6, 253.3), (5264.6, 218.1), (5304.6, 164.5), (5344.6, 132.1), (5384.6, 122.8), (5424.6, 143.7), (5464.6, 200.0), (5488.8, 146.6), (5488.8, 95.6), (5488.8, 84.8), (5488.8, 121.0), (5488.8, 189.1), (5488.0, 153.9), (5488.0, 100.3), (5488.0, 82.8), (5488.0, 114.5), (5488.0, 179.9), (5488.0, 162.0), (5488.0, 105.9), (5488.0, 81.3), (5488.0, 108.6), (5488.0, 170.8), (5488.4, 170.5), (5488.4, 111.8), (5488.4, 80.4), (5488.4, 103.2), (5488.4, 161.6), (5488.4, 179.2), (5488.4, 118.0), (5488.4, 80.0), (5488.4, 98.4), (5488.4, 152.4), (5488.0, 188.3), (5488.0, 124.6), (5488.0, 81.3), (5488.0, 94.2), (5488.0, 143.8), (5488.0, 197.7), (5488.0, 131.4), (5488.0, 85.5), (5488.0, 90.5), (5488.0, 135.6), (5488.0, 207.4), (5488.4, 138.6), (5488.4, 90.1)]",0,27.48
novice,mario,Mario1-2,Stuck,1,0,198.12,0.969,"[(112.0, 208.0), (116.5, 226.4), (129.0, 280.4), (149.5, 353.8), (180.2, 314.5), (219.0, 260.9), (259.0, 228.5), (299.0, 219.2), (339.0, 240.0), (379.0, 171.2), (419.0, 122.7), (459.0, 96.1), (499.0, 93.1), (539.0, 122.8), (579.0, 186.8), (619.0, 260.1), (659.0, 275.8), (699.0, 214.6), (739.0, 173.9), (779.0, 156.0), (819.0, 164.1), (859.0, 207.1), (899.0, 203.0), (939.0, 144.3), (979.0, 106.4), (1019.0, 91.4), (1059.0, 103.5), (1099.0, 151.0), (1139.0, 223.4), (1179.0, 296.8), (1219.0, 340.8), (1259.0, 311.6), (1299.0, 305.7), (1339.0, 331.3), (1379.0, 348.9), (1419.0, 285.1), (1424.4, 241.8), (1424.4, 254.2), (1424.4, 303.8), (1430.9, 368.0), (1448.4, 304.0), (1473.9, 320.9), (1507.4, 368.0), (1547.4, 304.0), (1587.4, 320.9), (1627.4, 358.1), (1667.4, 326.0), (1707.4, 317.0), (1712.4, 338.1), (1716.9, 368.0), (1748.6, 368.3), (1788.6, 368.0), (1828.6, 339.8), (1868.6, 306.5), (1908.6, 335.9), (1948.6, 331.4), (1988.6, 310.8), (2028.6, 315.3), (2068.6, 354.2), (2108.6, 314.5), (2128.8, 260.9), (2128.8, 228.5), (2128.8, 219.2), (2128.8, 240.0), (2128.8, 296.4), (2131.5, 368.0), (2146.0, 304.0), (2168.5, 320.9), (2199.0, 368.0), (2238.6, 304.0), (2278.6, 320.9), (2318.6, 368.0), (2358.6, 304.0), (2398.6, 320.9), (2438.6, 368.0), (2478.6, 304.0), (2518.6, 320.9), (2558.6, 368.0), (2598.6, 299.1), (2638.6, 250.6), (2672.1, 224.0), (2672.1, 221.1), (2672.1, 250.8), (2673.9, 314.8), (2684.1, 348.9), (2704.6, 285.1), (2733.1, 278.8), (2769.6, 318.5), (2809.6, 348.9), (2849.6, 285.1), (2889.6, 278.8), (2929.6, 318.5), (2969.6, 348.9), (3009.6, 285.1), (3049.6, 241.8), (3089.6, 221.0), (3129.6, 225.2), (3169.6, 263.8), (3209.6, 333.1), (3249.6, 331.0), (3280.1, 272.3), (3285.6, 234.4), (3299.1, 219.4), (3320.6, 231.5), (3350.5, 261.4), (3389.8, 195.1), (3429.8, 149.2), (3469.8, 125.4), (3509.8, 126.0), (3549.8, 160.1), (3589.8, 227.0), (3629.8, 300.4), (3664.0, 368.0), (3664.4, 299.1), (3670.9, 250.6), (3685.4, 224.0), (3707.9, 221.1), (3738.4, 250.8), (3776.5, 314.8), (3816.5, 348.9), (3856.5, 285.1), (3859.5, 241.8), (3871.0, 221.0), (3890.5, 225.2), (3918.0, 263.8), (3955.8, 209.8), (3995.8, 158.7), (4035.8, 129.2), (4075.8, 123.0), (4115.8, 148.3), (4155.8, 208.7), (4195.8, 282.0), (4235.8, 316.9), (4242.6, 253.1), (4253.1, 209.8), (4271.6, 189.0), (4298.1, 193.2), (4332.6, 231.8), (4372.5, 186.5), (4412.5, 132.9), (4452.5, 100.5), (4492.5, 91.2), (4532.5, 112.0), (4572.5, 168.4), (4612.5, 241.8), (4624.1, 315.1), (4630.4, 348.9), (4646.9, 305.1), (4671.4, 330.4), (4704.6, 348.9), (4744.6, 305.1), (4784.6, 330.4), (4824.6, 348.9), (4864.6, 285.1), (4904.6, 241.8), (4944.6, 221.0), (4984.6, 202.0), (5024.6, 138.2), (5064.6, 94.9), (5104.6, 82.8), (5144.6, 114.5), (5184.6, 179.9), (5224.6, 253.3), (5264.6, 218.1), (5304.6, 164.5), (5344.6, 132.1), (5384.6, 122.8), (5424.6, 143.7), (5464.6, 200.0), (5488.8, 146.6), (5488.8, 95.6), (5488.8, 84.8), (5488.8, 121.0), (5488.8, 189.1), (5488.0, 153.9), (5488.0, 100.3), (5488.0, 82.8), (5488.0, 114.5), (5488.0, 179.9), (5488.0, 162.0), (5488.0, 105.9), (5488.0, 81.3), (5488.0, 108.6), (5488.0, 170.8), (5488.4, 170.5), (5488.4, 111.8), (5488.4, 80.4), (5488.4, 103.2), (5488.4, 161.6), (5488.4, 179.2), (5488.4, 118.0), (5488.4, 80.0), (5488.4, 98.4), (5488.4, 152.4), (5488.0, 188.3), (5488.0, 124.6), (5488.0, 81.3), (5488.0, 94.2), (5488.0, 143.8), (5488.0, 197.7), (5488.0, 131.4), (5488.0, 85.5), (5488.0, 90.5), (5488.0, 135.6), (5488.0, 207.4), (5488.4, 138.6), (5488.4, 90.1)]",0,27.48
novice,mario,Mario1-2,Stuck,1,0,197.97,0.969,"[(112.0, 208.0), (116.5, 226.4), (129.0, 280.4), (149.5, 353.8), (180.2, 314.5), (219.0, 260.9), (258.6, 228.5), (297.0, 219.2), (337.0, 240.0), (377.0, 171.2), (417.0, 122.7), (456.5, 96.1), (496.5, 93.1), (536.3, 122.8), (576.0, 186.8), (616.0, 260.1), (656.0, 275.8), (696.0, 214.6), (736.0, 173.9), (776.0, 156.0), (816.0, 164.1), (856.0, 207.1), (896.0, 203.0), (935.5, 144.3), (975.5, 106.4), (1015.5, 91.4), (1055.5, 103.5), (1095.5, 151.0), (1135.5, 223.4), (1175.5, 296.8), (1215.5, 340.8), (1255.5, 311.6), (1295.5, 305.7), (1335.5, 331.3), (1375.5, 348.9), (1415.5, 285.1), (1424.4, 241.8), (1424.4, 254.2), (1424.4, 303.8), (1430.9, 368.0), (1448.4, 304.0), (1473.9, 320.9), (1507.4, 368.0), (1547.4, 304.0), (1587.4, 320.9), (1627.4, 358.1), (1667.4, 326.0), (1707.4, 317.0), (1712.4, 338.1), (1716.9, 368.0), (1748.6, 368.3), (1788.6, 368.0), (1828.6, 339.8), (1868.6, 306.5), (1908.6, 335.9), (1948.6, 331.4), (1988.6, 310.8), (2028.6, 315.3), (2068.6, 354.2), (2108.6, 314.5), (2128.8, 260.9), (2128.8, 228.5), (2128.8, 219.2), (2128.8, 240.0), (2128.8, 296.4), (2131.5, 368.0), (2146.0, 304.0), (2168.5, 320.9), (2199.0, 368.0), (2238.6, 304.0), (2278.6, 320.9), (2318.6, 368.0), (2358.6, 304.0), (2398.6, 320.9), (2438.6, 368.0), (2478.6, 304.0), (2518.6, 320.9), (2558.6, 368.0), (2598.1, 299.1), (2638.1, 250.6), (2672.0, 224.0), (2672.0, 221.1), (2672.0, 250.8), (2673.2, 314.8), (2682.5, 348.9), (2702.0, 285.1), (2729.5, 278.8), (2765.0, 318.5), (2805.0, 348.9), (2845.0, 285.1), (2885.0, 278.8), (2925.0, 318.5), (2965.0, 348.9), (3005.0, 285.1), (3045.0, 241.8), (3085.0, 221.0), (3125.0, 225.2), (3165.0, 263.8), (3205.0, 333.1), (3245.0, 331.0), (3280.0, 272.3), (3284.5, 234.4), (3297.0, 219.4), (3317.5, 231.5), (3346.4, 261.4), (3385.1, 195.1), (3425.1, 149.2), (3465.1, 125.4), (3505.1, 126.0), (3545.1, 160.1), (3585.1, 227.0), (3625.1, 300.4), (3664.0, 368.0), (3664.4, 299.1), (3670.9, 250.6), (3685.4, 224.0), (3707.9, 221.1), (3738.4, 250.8), (3776.5, 314.8), (3816.4, 348.9), (3856.0, 285.1), (3859.5, 241.8), (3871.0, 221.0), (3890.5, 225.2), (3918.0, 263.8), (3955.8, 209.8), (3995.8, 158.7), (4035.8, 129.2), (4075.8, 123.0), (4115.8, 148.3), (4155.8, 208.7), (4195.8, 282.0), (4235.8, 316.9), (4242.6, 253.1), (4253.1, 209.8), (4271.6, 189.0), (4298.1, 193.2), (4332.6, 231.8), (4372.5, 186.5), (4412.5, 132.9), (4452.5, 100.5), (4492.5, 91.2), (4532.5, 112.0), (4572.5, 168.4), (4612.5, 241.8), (4624.1, 315.1), (4630.4, 348.9), (4646.9, 305.1), (4671.4, 330.4), (4704.6, 348.9), (4744.6, 305.1), (4784.6, 330.4), (4824.6, 348.9), (4864.6, 285.1), (4904.6, 241.8), (4944.6, 221.0), (4984.6, 202.0), (5024.6, 138.2), (5064.6, 94.9), (5104.6, 82.8), (5144.6, 114.5), (5184.6, 179.9), (5224.6, 253.3), (5264.6, 218.1), (5304.6, 164.5), (5344.6, 132.1), (5384.6, 122.8), (5424.6, 143.7), (5464.6, 200.0), (5488.8, 146.6), (5488.8, 95.6), (5488.8, 84.8), (5488.8, 121.0), (5488.8, 189.1), (5488.0, 153.9), (5488.0, 100.3), (5488.0, 82.8), (5488.0, 114.5), (5488.0, 179.9), (5488.0, 162.0), (5488.0, 105.9), (5488.0, 81.3), (5488.0, 108.6), (5488.0, 170.8), (5488.4, 170.5), (5488.4, 111.8), (5488.4, 80.4), (5488.4, 103.2), (5488.4, 161.6), (5488.4, 179.2), (5488.4, 118.0), (5488.4, 80.0), (5488.4, 98.4), (5488.4, 152.4), (5488.0, 188.3), (5488.0, 124.6), (5488.0, 81.3), (5488.0, 94.2), (5488.0, 143.8), (5488.0, 197.7), (5488.0, 131.4), (5488.0, 85.5), (5488.0, 90.5), (5488.0, 135.6), (5488.0, 207.4), (5488.4, 138.6), (5488.4, 90.1)]",0,27.48
novice,mario,Mario1-2,Stuck,1,0,198.12,0.969,"[(112.0, 208.0), (116.5, 226.4), (129.0, 280.4), (149.5, 353.8), (180.2, 314.5), (219.0, 260.9), (259.0, 228.5), (299.0, 219.2), (339.0, 240.0), (379.0, 171.2), (419.0, 122.7), (459.0, 96.1), (499.0, 93.1), (539.0, 122.8), (579.0, 186.8), (619.0, 260.1), (659.0, 275.8), (699.0, 214.6), (739.0, 173.9), (779.0, 156.0), (819.0, 164.1), (859.0, 207.1), (899.0, 203.0), (939.0, 144.3), (979.0, 106.4), (1019.0, 91.4), (1059.0, 103.5), (1099.0, 151.0), (1139.0, 223.4), (1179.0, 296.8), (1219.0, 340.8), (1259.0, 311.6), (1299.0, 305.7), (1339.0, 331.3), (1379.0, 348.9), (1419.0, 285.1), (1424.4, 241.8), (1424.4, 254.2), (1424.4, 303.8), (1430.9, 368.0), (1448.4, 304.0), (1473.9, 320.9), (1507.4, 368.0), (1547.4, 304.0), (1587.4, 320.9), (1627.4, 358.1), (1667.4, 326.0), (1707.4, 317.0), (1712.4, 338.1), (1716.9, 368.0), (1748.6, 368.3), (1788.6, 368.0), (1828.6, 339.8), (1868.6, 306.5), (1908.6, 335.9), (1948.6, 331.4), (1988.6, 310.8), (2028.6, 315.3), (2068.6, 354.2), (2108.6, 314.5), (2128.8, 260.9), (2128.8, 228.5), (2128.8, 219.2), (2128.8, 240.0), (2128.8, 296.4), (2131.5, 368.0), (2146.0, 304.0), (2168.5, 320.9), (2199.0, 368.0), (2238.6, 304.0), (2278.6, 320.9), (2318.6, 368.0), (2358.6, 304.0), (2398.6, 320.9), (2438.6, 368.0), (2478.6, 304.0), (2518.6, 320.9), (2558.6, 368.0), (2598.6, 299.1), (2638.6, 250.6), (2672.1, 224.0), (2672.1, 221.1), (2672.1, 250.8), (2673.9, 314.8), (2684.1, 348.9), (2704.6, 285.1), (2733.1, 278.8), (2769.6, 318.5), (2809.6, 348.9), (2849.6, 285.1), (2889.6, 278.8), (2929.6, 318.5), (2969.6, 348.9), (3009.6, 285.1), (3049.6, 241.8), (3089.6, 221.0), (3129.6, 225.2), (3169.6, 263.8), (3209.6, 333.1), (3249.6, 331.0), (3280.1, 272.3), (3285.6, 234.4), (3299.1, 219.4), (3320.6, 231.5), (3350.5, 261.4), (3389.8, 195.1), (3429.8, 149.2), (3469.8, 125.4), (3509.8, 126.0), (3549.8, 160.1), (3589.8, 227.0), (3629.8, 300.4), (3664.0, 368.0), (3664.4, 299.1), (3670.9, 250.6), (3685.4, 224.0), (3707.9, 221.1), (3738.4, 250.8), (3776.5, 314.8), (3816.5, 348.9), (3856.5, 285.1), (3859.5, 241.8), (3871.0, 221.0), (3890.5, 225.2), (3918.0, 263.8), (3955.8, 209.8), (3995.8, 158.7), (4035.8, 129.2), (4075.8, 123.0), (4115.8, 148.3), (4155.8, 208.7), (4195.8, 282.0), (4235.8, 316.9), (4242.6, 253.1), (4253.1, 209.8), (4271.6, 189.0), (4298.1, 193.2), (4332.6, 231.8), (4372.5, 186.5), (4412.5, 132.9), (4452.5, 100.5), (4492.5, 91.2), (4532.5, 112.0), (4572.5, 168.4), (4612.5, 241.8), (4624.1, 315.1), (4630.4, 348.9), (4646.9, 305.1), (4671.4, 330.4), (4704.6, 348.9), (4744.6, 305.1), (4784.6, 330.4), (4824.6, 348.9), (4864.6, 285.1), (4904.6, 241.8), (4944.6, 221.0), (4984.6, 202.0), (5024.6, 138.2), (5064.6, 94.9), (5104.6, 82.8), (5144.6, 114.5), (5184.6, 179.9), (5224.6, 253.3), (5264.6, 218.1), (5304.6, 164.5), (5344.6, 132.1), (5384.6, 122.8), (5424.6, 143.7), (5464.6, 200.0), (5488.8, 146.6), (5488.8, 95.6), (5488.8, 84.8), (5488.8, 121.0), (5488.8, 189.1), (5488.0, 153.9), (5488.0, 100.3), (5488.0, 82.8), (5488.0, 114.5), (5488.0, 179.9), (5488.0, 162.0), (5488.0, 105.9), (5488.0, 81.3), (5488.0, 108.6), (5488.0, 170.8), (5488.4, 170.5), (5488.4, 111.8), (5488.4, 80.4), (5488.4, 103.2), (5488.4, 161.6), (5488.4, 179.2), (5488.4, 118.0), (5488.4, 80.0), (5488.4, 98.4), (5488.4, 152.4), (5488.0, 188.3), (5488.0, 124.6), (5488.0, 81.3), (5488.0, 94.2), (5488.0, 143.8), (5488.0, 197.7), (5488.0, 131.4), (5488.0, 85.5), (5488.0, 90.5), (5488.0, 135.6), (5488.0, 207.4), (5488.4, 138.6), (5488.4, 90.1)]",0,27.48
novice,mario,Mario1-2,Stuck,1,3,148.08,0.347,"[(112.0, 208.0), (116.5, 226.4), (129.0, 280.4), (149.5, 353.8), (180.2, 314.5), (219.0, 260.9), (259.0, 228.5), (299.0, 219.2), (339.0, 240.0), (379.0, 171.2), (419.0, 122.7), (459.0, 96.1), (499.0, 93.1), (539.0, 122.8), (579.0, 186.8), (619.0, 260.1), (659.0, 275.8), (699.0, 214.6), (739.0, 173.9), (779.0, 156.0), (819.0, 164.1), (859.0, 207.1), (899.0, 203.0), (939.0, 144.3), (979.0, 106.4), (1019.0, 91.4), (1059.0, 103.5), (1099.0, 151.0), (1139.0, 223.4), (1179.0, 296.8), (1219.0, 340.8), (1259.0, 311.6), (1299.0, 305.7), (1339.0, 331.3), (1379.0, 348.9), (1419.0, 285.1), (1424.4, 241.8), (1424.4, 254.2), (1424.2, 303.8), (1424.2, 368.0), (1431.7, 304.0), (1447.2, 320.9), (1470.7, 368.0), (1505.2, 304.0), (1545.1, 320.9), (1585.1, 345.1), (1625.1, 315.8), (1665.1, 309.9), (1705.1, 335.5), (1712.6, 339.9), (1712.4, 279.0), (1712.4, 238.6), (1718.9, 221.0), (1733.4, 229.3), (1757.8, 194.6), (1791.2, 144.0), (1830.9, 161.5), (1870.9, 214.5), (1910.9, 194.6), (1950.9, 144.0), (1968.0, 161.5), (1968.0, 214.5), (1968.0, 194.6), (1968.0, 144.0), (1968.0, 161.5), (1968.0, 214.5), (1968.0, 194.6), (1968.0, 144.0), (1968.0, 161.5), (1968.0, 214.5), (1968.0, 194.6), (1968.0, 144.0), (1968.0, 161.5), (1968.0, 214.5), (1968.0, 194.6), (1968.0, 144.0), (1968.0, 161.5), (1968.0, 214.5), (1968.0, 194.6), (1968.0, 144.0), (1968.0, 161.5), (1968.0, 214.5), (1968.0, 194.6), (1968.0, 144.0), (1968.0, 161.5), (1968.0, 214.5), (1968.0, 194.6), (1968.0, 144.0), (1968.0, 161.5), (1968.0, 214.5), (1968.0, 194.6), (1968.0, 144.0), (1968.0, 161.5), (1968.0, 214.5), (1968.0, 194.6), (1968.0, 144.0), (1968.0, 161.5), (1968.0, 214.5)]",0,12.93
novice,mario,Mario1-2,Stuck,1,0,198.12,0.969,"[(112.0, 208.0), (116.5, 226.4), (129.0, 280.4), (149.5, 353.8), (180.2, 314.5), (219.0, 260.9), (259.0, 228.5), (299.0, 219.2), (339.0, 240.0), (379.0, 171.2), (419.0, 122.7), (459.0, 96.1), (499.0, 93.1), (539.0, 122.8), (579.0, 186.8), (619.0, 260.1), (659.0, 275.8), (699.0, 214.6), (739.0, 173.9), (779.0, 156.0), (819.0, 164.1), (859.0, 207.1), (899.0, 203.0), (939.0, 144.3), (979.0, 106.4), (1019.0, 91.4), (1059.0, 103.5), (1099.0, 151.0), (1139.0, 223.4), (1179.0, 296.8), (1219.0, 340.8), (1259.0, 311.6), (1299.0, 305.7), (1339.0, 331.3), (1379.0, 348.9), (1419.0, 285.1), (1424.4, 241.8), (1424.4, 254.2), (1424.4, 303.8), (1430.9, 368.0), (1448.4, 304.0), (1473.9, 320.9), (1507.4, 368.0), (1547.4, 304.0), (1587.4, 320.9), (1627.4, 358.1), (1667.4, 326.0), (1707.4, 317.0), (1712.4, 338.1), (1716.9, 368.0), (1748.6, 368.3), (1788.6, 368.0), (1828.6, 339.8), (1868.6, 306.5), (1908.6, 335.9), (1948.6, 331.4), (1988.6, 310.8), (2028.6, 315.3), (2068.6, 354.2), (2108.6, 314.5), (2128.8, 260.9), (2128.8, 228.5), (2128.8, 219.2), (2128.8, 240.0), (2128.8, 296.4), (2131.5, 368.0), (2146.0, 304.0), (2168.5, 320.9), (2199.0, 368.0), (2238.6, 304.0), (2278.6, 320.9), (2318.6, 368.0), (2358.6, 304.0), (2398.6, 320.9), (2438.6, 368.0), (2478.6, 304.0), (2518.6, 320.9), (2558.6, 368.0), (2598.6, 299.1), (2638.6, 250.6), (2672.1, 224.0), (2672.1, 221.1), (2672.1, 250.8), (2673.9, 314.8), (2684.1, 348.9), (2704.6, 285.1), (2733.1, 278.8), (2769.6, 318.5), (2809.6, 348.9), (2849.6, 285.1), (2889.6, 278.8), (2929.6, 318.5), (2969.6, 348.9), (3009.6, 285.1), (3049.6, 241.8), (3089.6, 221.0), (3129.6, 225.2), (3169.6, 263.8), (3209.6, 333.1), (3249.6, 331.0), (3280.1, 272.3), (3285.6, 234.4), (3299.1, 219.4), (3320.6, 231.5), (3350.5, 261.4), (3389.8, 195.1), (3429.8, 149.2), (3469.8, 125.4), (3509.8, 126.0), (3549.8, 160.1), (3589.8, 227.0), (3629.8, 300.4), (3664.0, 368.0), (3664.4, 299.1), (3670.9, 250.6), (3685.4, 224.0), (3707.9, 221.1), (3738.4, 250.8), (3776.5, 314.8), (3816.5, 348.9), (3856.5, 285.1), (3859.5, 241.8), (3871.0, 221.0), (3890.5, 225.2), (3918.0, 263.8), (3955.8, 209.8), (3995.8, 158.7), (4035.8, 129.2), (4075.8, 123.0), (4115.8, 148.3), (4155.8, 208.7), (4195.8, 282.0), (4235.8, 316.9), (4242.6, 253.1), (4253.1, 209.8), (4271.6, 189.0), (4298.1, 193.2), (4332.6, 231.8), (4372.5, 186.5), (4412.5, 132.9), (4452.5, 100.5), (4492.5, 91.2), (4532.5, 112.0), (4572.5, 168.4), (4612.5, 241.8), (4624.1, 315.1), (4630.4, 348.9), (4646.9, 305.1), (4671.4, 330.4), (4704.6, 348.9), (4744.6, 305.1), (4784.6, 330.4), (4824.6, 348.9), (4864.6, 285.1), (4904.6, 241.8), (4944.6, 221.0), (4984.6, 202.0), (5024.6, 138.2), (5064.6, 94.9), (5104.6, 82.8), (5144.6, 114.5), (5184.6, 179.9), (5224.6, 253.3), (5264.6, 218.1), (5304.6, 164.5), (5344.6, 132.1), (5384.6, 122.8), (5424.6, 143.7), (5464.6, 200.0), (5488.8, 146.6), (5488.8, 95.6), (5488.8, 84.8), (5488.8, 121.0), (5488.8, 189.1), (5488.0, 153.9), (5488.0, 100.3), (5488.0, 82.8), (5488.0, 114.5), (5488.0, 179.9), (5488.0, 162.0), (5488.0, 105.9), (5488.0, 81.3), (5488.0, 108.6), (5488.0, 170.8), (5488.4, 170.5), (5488.4, 111.8), (5488.4, 80.4), (5488.4, 103.2), (5488.4, 161.6), (5488.4, 179.2), (5488.4, 118.0), (5488.4, 80.0), (5488.4, 98.4), (5488.4, 152.4), (5488.0, 188.3), (5488.0, 124.6), (5488.0, 81.3), (5488.0, 94.2), (5488.0, 143.8), (5488.0, 197.7), (5488.0, 131.4), (5488.0, 85.5), (5488.0, 90.5), (5488.0, 135.6), (5488.0, 207.4), (5488.4, 138.6), (5488.4, 90.1)]",0,27.48
novice,mario,Mario1-2,Stuck,1,0,89.31,0.121,"[(112.0, 208.0), (116.5, 226.4), (129.0, 280.4), (149.5, 353.8), (180.2, 314.5), (219.0, 260.9), (259.0, 228.5), (299.0, 219.2), (339.0, 240.0), (379.0, 171.2), (419.0, 122.7), (459.0, 96.1), (499.0, 93.1), (539.0, 122.8), (579.0, 186.8), (619.0, 260.1), (659.0, 304.4), (688.4, 306.8), (688.4, 338.5), (688.0, 368.4), (688.0, 368.4), (688.0, 368.4), (688.0, 368.4), (688.0, 368.4), (688.0, 368.4), (688.0, 368.4), (688.0, 368.4), (688.0, 368.4), (688.0, 368.4), (688.0, 368.4), (688.0, 368.4), (688.0, 368.4), (688.0, 368.4), (688.0, 368.4), (688.0, 368.4), (688.0, 368.4), (688.0, 368.4), (688.0, 368.4), (688.0, 368.4), (688.0, 368.4), (688.0, 368.4), (688.0, 368.4), (688.0, 368.4), (688.0, 368.4), (688.0, 368.4), (688.0, 368.4), (688.0, 368.4), (688.0, 368.4), (688.0, 368.4), (688.0, 368.4), (688.0, 368.4), (688.0, 368.4), (688.0, 368.4), (688.0, 368.4), (688.0, 368.4)]",0,7.23
novice,mario,Mario1-2,Stuck,1,0,198.12,0.969,"[(112.0, 208.0), (116.5, 226.4), (129.0, 280.4), (149.5, 353.8), (180.2, 314.5), (219.0, 260.9), (259.0, 228.5), (299.0, 219.2), (339.0, 240.0), (379.0, 171.2), (419.0, 122.7), (459.0, 96.1), (499.0, 93.1), (539.0, 122.8), (579.0, 186.8), (619.0, 260.1), (659.0, 275.8), (699.0, 214.6), (739.0, 173.9), (779.0, 156.0), (819.0, 164.1), (859.0, 207.1), (899.0, 203.0), (939.0, 144.3), (979.0, 106.4), (1019.0, 91.4), (1059.0, 103.5), (1099.0, 151.0), (1139.0, 223.4), (1179.0, 296.8), (1219.0, 340.8), (1259.0, 311.6), (1299.0, 305.7), (1339.0, 331.3), (1379.0, 348.9), (1419.0, 285.1), (1424.4, 241.8), (1424.4, 254.2), (1424.4, 303.8), (1430.9, 368.0), (1448.4, 304.0), (1473.9, 320.9), (1507.4, 368.0), (1547.4, 304.0), (1587.4, 320.9), (1627.4, 358.1), (1667.4, 326.0), (1707.4, 317.0), (1712.4, 338.1), (1716.9, 368.0), (1748.6, 368.3), (1788.6, 368.0), (1828.6, 339.8), (1868.6, 306.5), (1908.6, 335.9), (1948.6, 331.4), (1988.6, 310.8), (2028.6, 315.3), (2068.6, 354.2), (2108.6, 314.5), (2128.8, 260.9), (2128.8, 228.5), (2128.8, 219.2), (2128.8, 240.0), (2128.8, 296.4), (2131.5, 368.0), (2146.0, 304.0), (2168.5, 320.9), (2199.0, 368.0), (2238.6, 304.0), (2278.6, 320.9), (2318.6, 368.0), (2358.6, 304.0), (2398.6, 320.9), (2438.6, 368.0), (2478.6, 304.0), (2518.6, 320.9), (2558.6, 368.0), (2598.6, 299.1), (2638.6, 250.6), (2672.1, 224.0), (2672.1, 221.1), (2672.1, 250.8), (2673.9, 314.8), (2684.1, 348.9), (2704.6, 285.1), (2733.1, 278.8), (2769.6, 318.5), (2809.6, 348.9), (2849.6, 285.1), (2889.6, 278.8), (2929.6, 318.5), (2969.6, 348.9), (3009.6, 285.1), (3049.6, 241.8), (3089.6, 221.0), (3129.6, 225.2), (3169.6, 263.8), (3209.6, 333.1), (3249.6, 331.0), (3280.1, 272.3), (3285.6, 234.4), (3299.1, 219.4), (3320.6, 231.5), (3350.5, 261.4), (3389.8, 195.1), (3429.8, 149.2), (3469.8, 125.4), (3509.8, 126.0), (3549.8, 160.1), (3589.8, 227.0), (3629.8, 300.4), (3664.0, 368.0), (3664.4, 299.1), (3670.9, 250.6), (3685.4, 224.0), (3707.9, 221.1), (3738.4, 250.8), (3776.5, 314.8), (3816.5, 348.9), (3856.5, 285.1), (3859.5, 241.8), (3871.0, 221.0), (3890.5, 225.2), (3918.0, 263.8), (3955.8, 209.8), (3995.8, 158.7), (4035.8, 129.2), (4075.8, 123.0), (4115.8, 148.3), (4155.8, 208.7), (4195.8, 282.0), (4235.8, 316.9), (4242.6, 253.1), (4253.1, 209.8), (4271.6, 189.0), (4298.1, 193.2), (4332.6, 231.8), (4372.5, 186.5), (4412.5, 132.9), (4452.5, 100.5), (4492.5, 91.2), (4532.5, 112.0), (4572.5, 168.4), (4612.5, 241.8), (4624.1, 315.1), (4630.4, 348.9), (4646.9, 305.1), (4671.4, 330.4), (4704.6, 348.9), (4744.6, 305.1), (4784.6, 330.4), (4824.6, 348.9), (4864.6, 285.1), (4904.6, 241.8), (4944.6, 221.0), (4984.6, 202.0), (5024.6, 138.2), (5064.6, 94.9), (5104.6, 82.8), (5144.6, 114.5), (5184.6, 179.9), (5224.6, 253.3), (5264.6, 218.1), (5304.6, 164.5), (5344.6, 132.1), (5384.6, 122.8), (5424.6, 143.7), (5464.6, 200.0), (5488.8, 146.6), (5488.8, 95.6), (5488.8, 84.8), (5488.8, 121.0), (5488.8, 189.1), (5488.0, 153.9), (5488.0, 100.3), (5488.0, 82.8), (5488.0, 114.5), (5488.0, 179.9), (5488.0, 162.0), (5488.0, 105.9), (5488.0, 81.3), (5488.0, 108.6), (5488.0, 170.8), (5488.4, 170.5), (5488.4, 111.8), (5488.4, 80.4), (5488.4, 103.2), (5488.4, 161.6), (5488.4, 179.2), (5488.4, 118.0), (5488.4, 80.0), (5488.4, 98.4), (5488.4, 152.4), (5488.0, 188.3), (5488.0, 124.6), (5488.0, 81.3), (5488.0, 94.2), (5488.0, 143.8), (5488.0, 197.7), (5488.0, 131.4), (5488.0, 85.5), (5488.0, 90.5), (5488.0, 135.6), (5488.0, 207.4), (5488.4, 138.6), (5488.4, 90.1)]",0,27.48
novice,mario,Mario1-2,Stuck,4,0,198.25,0.969,"[(112.0, 208.0), (116.5, 226.4), (129.0, 280.4), (149.5, 353.8), (180.2, 314.5), (219.0, 260.9), (259.0, 228.5), (299.0, 219.2), (339.0, 240.0), (379.0, 171.2), (419.0, 122.7), (459.0, 96.1), (499.0, 93.1), (539.0, 122.8), (579.0, 186.8), (619.0, 260.1), (659.0, 275.8), (699.0, 214.6), (739.0, 173.9), (779.0, 156.0), (819.0, 164.1), (859.0, 207.1), (899.0, 203.0), (939.0, 144.3), (979.0, 106.4), (1019.0, 91.4), (1059.0, 103.5), (1099.0, 151.0), (1139.0, 223.4), (1179.0, 296.8), (1219.0, 340.8), (1259.0, 311.6), (1299.0, 305.7), (1339.0, 331.3), (1379.0, 348.9), (1419.0, 285.1), (1424.4, 241.8), (1424.4, 254.2), (1424.4, 303.8), (1430.9, 368.0), (1448.4, 304.0), (1473.9, 320.9), (1507.4, 368.0), (1547.4, 304.0), (1587.4, 320.9), (1627.4, 358.1), (1667.4, 326.0), (1707.4, 317.0), (1712.4, 338.1), (1716.9, 368.0), (1748.6, 368.3), (1788.6, 368.0), (1828.6, 339.8), (1868.6, 306.5), (1908.6, 335.9), (1948.6, 331.4), (1988.6, 310.8), (2028.6, 315.3), (2068.6, 354.2), (2108.6, 314.5), (2128.8, 260.9), (2128.8, 228.5), (2128.8, 219.2), (2128.8, 240.0), (2128.8, 296.4), (2131.5, 368.0), (2146.0, 304.0), (2168.5, 320.9), (2199.0, 368.0), (2238.6, 304.0), (2278.6, 320.9), (2318.6, 368.0), (2358.6, 304.0), (2398.6, 320.9), (2438.6, 368.0), (2478.6, 304.0), (2518.6, 320.9), (2558.6, 368.0), (2598.6, 299.1), (2638.6, 250.6), (2672.1, 224.0), (2672.1, 221.1), (2672.1, 250.8), (2673.9, 314.8), (2684.1, 348.9), (2704.6, 285.1), (2733.1, 278.8), (2769.6, 318.5), (2809.6, 348.9), (2849.6, 285.1), (2889.6, 278.8), (2929.6, 318.5), (2969.6, 348.9), (3009.6, 285.1), (3049.6, 241.8), (3089.6, 221.0), (3129.6, 225.2), (3169.6, 263.8), (3209.6, 333.1), (3249.6, 331.0), (3280.1, 272.3), (3285.6, 234.4), (3299.1, 219.4), (3320.6, 231.5), (3350.5, 261.4), (3389.8, 195.1), (3429.8, 149.2), (3469.8, 125.4), (3509.8, 126.0), (3549.8, 160.1), (3589.8, 227.0), (3629.8, 300.4), (3664.0, 368.0), (3664.4, 299.1), (3670.9, 250.6), (3685.4, 224.0), (3707.9, 221.1), (3738.4, 250.8), (3776.5, 314.8), (3816.5, 358.6), (3856.5, 292.3), (3859.5, 246.4), (3871.0, 222.7), (3890.5, 223.2), (3918.0, 257.4), (3955.4, 217.9), (3995.4, 164.3), (4035.4, 132.0), (4075.4, 122.7), (4115.4, 143.5), (4155.4, 199.9), (4195.4, 273.2), (4235.4, 326.3), (4242.6, 260.0), (4253.1, 214.0), (4271.6, 190.3), (4298.1, 190.9), (4332.6, 225.0), (4372.5, 194.6), (4412.5, 138.4), (4452.5, 103.3), (4492.5, 91.1), (4532.5, 107.5), (4572.5, 159.4), (4612.5, 232.6), (4624.1, 305.9), (4630.0, 358.3), (4646.5, 304.3), (4671.0, 325.3), (4703.9, 358.3), (4743.9, 304.3), (4783.9, 325.3), (4823.9, 358.3), (4863.9, 292.0), (4903.9, 246.0), (4943.9, 222.3), (4983.9, 210.3), (5023.9, 144.0), (5063.9, 98.0), (5103.9, 81.3), (5143.9, 108.6), (5183.9, 170.8), (5223.9, 244.1), (5263.9, 226.2), (5303.9, 170.1), (5343.9, 134.9), (5383.9, 122.7), (5423.9, 139.1), (5463.9, 191.0), (5488.4, 154.5), (5488.4, 100.9), (5488.4, 82.8), (5488.4, 114.5), (5488.4, 179.9), (5488.8, 162.0), (5488.8, 105.9), (5488.8, 81.3), (5488.8, 108.6), (5488.8, 170.8), (5488.8, 170.5), (5488.8, 111.8), (5488.8, 80.4), (5488.8, 103.2), (5488.8, 161.6), (5488.1, 179.2), (5488.1, 118.0), (5488.1, 80.0), (5488.1, 98.4), (5488.1, 152.4), (5488.1, 188.3), (5488.1, 124.6), (5488.1, 81.3), (5488.1, 94.2), (5488.1, 143.8), (5488.5, 197.7), (5488.8, 131.4), (5488.8, 85.5), (5488.8, 90.5), (5488.8, 135.6), (5488.8, 207.4), (5488.8, 138.6), (5488.8, 90.1), (5488.8, 87.4), (5488.8, 128.0), (5488.8, 198.3), (5488.1, 146.1), (5488.1, 95.0)]",0,27.48
novice,mario,Mario1-2,Stuck,2,0,196.46,0.969,"[(112.0, 208.0), (116.5, 226.4), (129.0, 280.4), (149.5, 353.8), (180.2, 314.5), (219.0, 260.9), (259.0, 228.5), (299.0, 219.2), (339.0, 240.0), (379.0, 171.2), (419.0, 122.7), (459.0, 96.1), (499.0, 93.1), (539.0, 122.8), (579.0, 186.8), (619.0, 260.1), (659.0, 275.8), (699.0, 214.6), (739.0, 173.9), (779.0, 156.0), (819.0, 164.1), (859.0, 207.1), (899.0, 203.0), (939.0, 144.3), (979.0, 106.4), (1019.0, 91.4), (1059.0, 103.5), (1099.0, 151.0), (1139.0, 223.4), (1179.0, 296.8), (1219.0, 340.8), (1259.0, 311.6), (1299.0, 305.7), (1339.0, 331.3), (1379.0, 348.9), (1419.0, 285.1), (1424.4, 241.8), (1424.4, 254.2), (1424.4, 303.8), (1430.9, 368.0), (1448.4, 304.0), (1473.9, 320.9), (1507.4, 368.0), (1547.4, 304.0), (1587.4, 320.9), (1627.4, 358.1), (1667.4, 326.0), (1707.4, 317.0), (1712.4, 338.1), (1716.9, 368.0), (1748.6, 368.3), (1788.6, 368.0), (1828.6, 339.8), (1868.6, 306.5), (1908.6, 335.9), (1948.6, 331.4), (1988.6, 310.8), (2028.6, 315.3), (2068.6, 354.2), (2108.6, 314.5), (2128.8, 261.1), (2128.8, 229.8), (2128.8, 221.6), (2128.8, 243.4), (2128.8, 300.8), (2131.5, 368.0), (2146.0, 304.0), (2168.5, 320.9), (2199.0, 368.0), (2238.6, 304.0), (2278.6, 320.9), (2318.6, 368.0), (2358.6, 304.0), (2398.6, 320.9), (2438.6, 368.0), (2478.6, 304.0), (2518.6, 320.9), (2558.6, 368.0), (2598.6, 299.1), (2638.6, 250.6), (2671.9, 224.0), (2671.6, 221.1), (2670.9, 250.8), (2674.4, 314.8), (2686.6, 348.9), (2709.1, 285.1), (2739.6, 278.8), (2777.8, 318.5), (2817.8, 348.9), (2857.8, 285.1), (2897.8, 278.8), (2937.8, 318.5), (2977.8, 348.9), (3017.8, 285.1), (3057.8, 241.8), (3097.8, 221.0), (3137.8, 225.2), (3177.8, 263.8), (3217.8, 333.1), (3257.8, 331.0), (3280.8, 272.3), (3288.2, 234.4), (3303.8, 219.4), (3327.2, 231.5), (3359.1, 261.4), (3399.0, 195.1), (3439.0, 149.2), (3479.0, 125.4), (3519.0, 126.0), (3559.0, 160.1), (3599.0, 227.0), (3639.0, 300.4), (3664.0, 368.0), (3663.0, 299.4), (3668.5, 251.2), (3682.0, 224.9), (3703.5, 222.3), (3733.0, 252.3), (3770.4, 316.4), (3810.4, 348.9), (3850.4, 285.1), (3858.6, 241.8), (3869.1, 221.0), (3887.6, 225.2), (3914.1, 263.8), (3951.1, 209.8), (3991.1, 158.7), (4031.1, 129.2), (4071.1, 123.0), (4111.1, 148.3), (4151.1, 208.7), (4191.1, 282.0), (4231.1, 316.9), (4242.6, 253.1), (4253.1, 209.8), (4271.6, 189.0), (4298.1, 193.2), (4332.6, 231.8), (4372.5, 186.5), (4412.5, 132.9), (4452.5, 100.5), (4492.5, 91.2), (4532.5, 112.0), (4572.5, 168.4), (4612.5, 241.8), (4624.4, 315.1), (4631.6, 348.9), (4649.1, 305.1), (4674.6, 330.4), (4708.9, 348.9), (4748.9, 305.1), (4788.9, 330.4), (4828.9, 348.9), (4868.9, 285.1), (4908.9, 241.8), (4948.9, 221.0), (4988.9, 202.0), (5028.9, 138.2), (5068.9, 94.9), (5108.9, 82.8), (5148.9, 114.5), (5188.9, 179.9), (5228.9, 253.3), (5268.9, 218.1), (5308.9, 164.5), (5348.9, 132.1), (5388.9, 122.8), (5428.9, 143.7), (5468.9, 200.0), (5488.0, 146.6), (5488.0, 95.6), (5488.0, 84.8), (5488.7, 121.0), (5488.7, 189.1), (5488.4, 153.9), (5488.9, 100.3), (5488.8, 82.8), (5488.0, 114.5), (5488.0, 179.9), (5487.0, 162.2), (5485.8, 106.4), (5488.1, 81.3), (5488.0, 108.6), (5488.0, 170.8), (5487.6, 170.6), (5485.9, 112.2), (5488.4, 80.4), (5488.8, 103.2), (5488.0, 161.6), (5488.1, 179.2), (5487.6, 118.0), (5488.0, 80.0), (5488.0, 98.4), (5488.0, 152.4), (5487.9, 188.4), (5486.1, 124.9), (5487.6, 81.9), (5488.4, 94.2), (5488.0, 143.8), (5488.0, 197.8), (5486.8, 131.7), (5486.5, 86.1), (5488.0, 90.5), (5488.0, 135.6), (5488.0, 207.4), (5487.6, 138.6), (5487.6, 90.1)]",0,27.47
novice,mario,Mario1-2,Stuck,1,0,198.12,0.969,"[(112.0, 208.0), (116.5, 226.4), (129.0, 280.4), (149.5, 353.8), (180.2, 314.5), (219.0, 260.9), (259.0, 228.5), (299.0, 219.2), (339.0, 240.0), (379.0, 171.2), (419.0, 122.7), (459.0, 96.1), (499.0, 93.1), (539.0, 122.8), (579.0, 186.8), (619.0, 260.1), (659.0, 275.8), (699.0, 214.6), (739.0, 173.9), (779.0, 156.0), (819.0, 164.1), (859.0, 207.1), (899.0, 203.0), (939.0, 144.3), (979.0, 106.4), (1019.0, 91.4), (1059.0, 103.5), (1099.0, 151.0), (1139.0, 223.4), (1179.0, 296.8), (1219.0, 340.8), (1259.0, 311.6), (1299.0, 305.7), (1339.0, 331.3), (1379.0, 348.9), (1419.0, 285.1), (1424.4, 241.8), (1424.4, 254.2), (1424.4, 303.8), (1430.9, 368.0), (1448.4, 304.0), (1473.9, 320.9), (1507.4, 368.0), (1547.4, 304.0), (1587.4, 320.9), (1627.4, 358.1), (1667.4, 326.0), (1707.4, 317.0), (1712.4, 338.1), (1716.9, 368.0), (1748.6, 368.3), (1788.6, 368.0), (1828.6, 339.8), (1868.6, 306.5), (1908.6, 335.9), (1948.6, 331.4), (1988.6, 310.8), (2028.6, 315.3), (2068.6, 354.2), (2108.6, 314.5), (2128.8, 260.9), (2128.8, 228.5), (2128.8, 219.2), (2128.8, 240.0), (2128.8, 296.4), (2131.5, 368.0), (2146.0, 304.0), (2168.5, 320.9), (2199.0, 368.0), (2238.6, 304.0), (2278.6, 320.9), (2318.6, 368.0), (2358.6, 304.0), (2398.6, 320.9), (2438.6, 368.0), (2478.6, 304.0), (2518.6, 320.9), (2558.6, 368.0), (2598.6, 299.1), (2638.6, 250.6), (2672.1, 224.0), (2672.1, 221.1), (2672.1, 250.8), (2673.9, 314.8), (2684.1, 348.9), (2704.6, 285.1), (2733.1, 278.8), (2769.6, 318.5), (2809.6, 348.9), (2849.6, 285.1), (2889.6, 278.8), (2929.6, 318.5), (2969.6, 348.9), (3009.6, 285.1), (3049.6, 241.8), (3089.6, 221.0), (3129.6, 225.2), (3169.6, 263.8), (3209.6, 333.1), (3249.6, 331.0), (3280.1, 272.3), (3285.6, 234.4), (3299.1, 219.4), (3320.6, 231.5), (3350.5, 261.4), (3389.8, 195.1), (3429.8, 149.2), (3469.8, 125.4), (3509.8, 126.0), (3549.8, 160.1), (3589.8, 227.0), (3629.8, 300.4), (3664.0, 368.0), (3664.4, 299.1), (3670.9, 250.6), (3685.4, 224.0), (3707.9, 221.1), (3738.4, 250.8), (3776.5, 314.8), (3816.5, 348.9), (3856.5, 285.1), (3859.5, 241.8), (3871.0, 221.0), (3890.5, 225.2), (3918.0, 263.8), (3955.8, 209.8), (3995.8, 158.7), (4035.8, 129.2), (4075.8, 123.0), (4115.8, 148.3), (4155.8, 208.7), (4195.8, 282.0), (4235.8, 316.9), (4242.6, 253.1), (4253.1, 209.8), (4271.6, 189.0), (4298.1, 193.2), (4332.6, 231.8), (4372.5, 186.5), (4412.5, 132.9), (4452.5, 100.5), (4492.5, 91.2), (4532.5, 112.0), (4572.5, 168.4), (4612.5, 241.8), (4624.1, 315.1), (4630.4, 348.9), (4646.9, 305.1), (4671.4, 330.4), (4704.6, 348.9), (4744.6, 305.1), (4784.6, 330.4), (4824.6, 348.9), (4864.6, 285.1), (4904.6, 241.8), (4944.6, 221.0), (4984.6, 202.0), (5024.6, 138.2), (5064.6, 94.9), (5104.6, 82.8), (5144.6, 114.5), (5184.6, 179.9), (5224.6, 253.3), (5264.6, 218.1), (5304.6, 164.5), (5344.6, 132.1), (5384.6, 122.8), (5424.6, 143.7), (5464.6, 200.0), (5488.8, 146.6), (5488.8, 95.6), (5488.8, 84.8), (5488.8, 121.0), (5488.8, 189.1), (5488.0, 153.9), (5488.0, 100.3), (5488.0, 82.8), (5488.0, 114.5), (5488.0, 179.9), (5488.0, 162.0), (5488.0, 105.9), (5488.0, 81.3), (5488.0, 108.6), (5488.0, 170.8), (5488.4, 170.5), (5488.4, 111.8), (5488.4, 80.4), (5488.4, 103.2), (5488.4, 161.6), (5488.4, 179.2), (5488.4, 118.0), (5488.4, 80.0), (5488.4, 98.4), (5488.4, 152.4), (5488.0, 188.3), (5488.0, 124.6), (5488.0, 81.3), (5488.0, 94.2), (5488.0, 143.8), (5488.0, 197.7), (5488.0, 131.4), (5488.0, 85.5), (5488.0, 90.5), (5488.0, 135.6), (5488.0, 207.4), (5488.4, 138.6), (5488.4, 90.1)]",0,27.48
novice,mario,Mario1-2,Stuck,1,0,198.12,0.969,"[(112.0, 208.0), (116.5, 226.4), (129.0, 280.4), (149.5, 353.8), (180.2, 314.5), (219.0, 260.9), (259.0, 228.5), (299.0, 219.2), (339.0, 240.0), (379.0, 171.2), (419.0, 122.7), (459.0, 96.1), (499.0, 93.1), (539.0, 122.8), (579.0, 186.8), (619.0, 260.1), (659.0, 275.8), (699.0, 214.6), (739.0, 173.9), (779.0, 156.0), (819.0, 164.1), (859.0, 207.1), (899.0, 203.0), (939.0, 144.3), (979.0, 106.4), (1019.0, 91.4), (1059.0, 103.5), (1099.0, 151.0), (1139.0, 223.4), (1179.0, 296.8), (1219.0, 340.8), (1259.0, 311.6), (1299.0, 305.7), (1339.0, 331.3), (1379.0, 348.9), (1419.0, 285.1), (1424.4, 241.8), (1424.4, 254.2), (1424.4, 303.8), (1430.9, 368.0), (1448.4, 304.0), (1473.9, 320.9), (1507.4, 368.0), (1547.4, 304.0), (1587.4, 320.9), (1627.4, 358.1), (1667.4, 326.0), (1707.4, 317.0), (1712.4, 338.1), (1716.9, 368.0), (1748.6, 368.3), (1788.6, 368.0), (1828.6, 339.8), (1868.6, 306.5), (1908.6, 335.9), (1948.6, 331.4), (1988.6, 310.8), (2028.6, 315.3), (2068.6, 354.2), (2108.6, 314.5), (2128.8, 260.9), (2128.8, 228.5), (2128.8, 219.2), (2128.8, 240.0), (2128.8, 296.4), (2131.5, 368.0), (2146.0, 304.0), (2168.5, 320.9), (2199.0, 368.0), (2238.6, 304.0), (2278.6, 320.9), (2318.6, 368.0), (2358.6, 304.0), (2398.6, 320.9), (2438.6, 368.0), (2478.6, 304.0), (2518.6, 320.9), (2558.6, 368.0), (2598.6, 299.1), (2638.6, 250.6), (2672.1, 224.0), (2672.1, 221.1), (2672.1, 250.8), (2673.9, 314.8), (2684.1, 348.9), (2704.6, 285.1), (2733.1, 278.8), (2769.6, 318.5), (2809.6, 348.9), (2849.6, 285.1), (2889.6, 278.8), (2929.6, 318.5), (2969.6, 348.9), (3009.6, 285.1), (3049.6, 241.8), (3089.6, 221.0), (3129.6, 225.2), (3169.6, 263.8), (3209.6, 333.1), (3249.6, 331.0), (3280.1, 272.3), (3285.6, 234.4), (3299.1, 219.4), (3320.6, 231.5), (3350.5, 261.4), (3389.8, 195.1), (3429.8, 149.2), (3469.8, 125.4), (3509.8, 126.0), (3549.8, 160.1), (3589.8, 227.0), (3629.8, 300.4), (3664.0, 368.0), (3664.4, 299.1), (3670.9, 250.6), (3685.4, 224.0), (3707.9, 221.1), (3738.4, 250.8), (3776.5, 314.8), (3816.5, 348.9), (3856.5, 285.1), (3859.5, 241.8), (3871.0, 221.0), (3890.5, 225.2), (3918.0, 263.8), (3955.8, 209.8), (3995.8, 158.7), (4035.8, 129.2), (4075.8, 123.0), (4115.8, 148.3), (4155.8, 208.7), (4195.8, 282.0), (4235.8, 316.9), (4242.6, 253.1), (4253.1, 209.8), (4271.6, 189.0), (4298.1, 193.2), (4332.6, 231.8), (4372.5, 186.5), (4412.5, 132.9), (4452.5, 100.5), (4492.5, 91.2), (4532.5, 112.0), (4572.5, 168.4), (4612.5, 241.8), (4624.1, 315.1), (4630.4, 348.9), (4646.9, 305.1), (4671.4, 330.4), (4704.6, 348.9), (4744.6, 305.1), (4784.6, 330.4), (4824.6, 348.9), (4864.6, 285.1), (4904.6, 241.8), (4944.6, 221.0), (4984.6, 202.0), (5024.6, 138.2), (5064.6, 94.9), (5104.6, 82.8), (5144.6, 114.5), (5184.6, 179.9), (5224.6, 253.3), (5264.6, 218.1), (5304.6, 164.5), (5344.6, 132.1), (5384.6, 122.8), (5424.6, 143.7), (5464.6, 200.0), (5488.8, 146.6), (5488.8, 95.6), (5488.8, 84.8), (5488.8, 121.0), (5488.8, 189.1), (5488.0, 153.9), (5488.0, 100.3), (5488.0, 82.8), (5488.0, 114.5), (5488.0, 179.9), (5488.0, 162.0), (5488.0, 105.9), (5488.0, 81.3), (5488.0, 108.6), (5488.0, 170.8), (5488.4, 170.5), (5488.4, 111.8), (5488.4, 80.4), (5488.4, 103.2), (5488.4, 161.6), (5488.4, 179.2), (5488.4, 118.0), (5488.4, 80.0), (5488.4, 98.4), (5488.4, 152.4), (5488.0, 188.3), (5488.0, 124.6), (5488.0, 81.3), (5488.0, 94.2), (5488.0, 143.8), (5488.0, 197.7), (5488.0, 131.4), (5488.0, 85.5), (5488.0, 90.5), (5488.0, 135.6), (5488.0, 207.4), (5488.4, 138.6), (5488.4, 90.1)]",0,27.48
novice,mario,Mario1-2,Stuck,1,0,198.12,0.969,"[(112.0, 208.0), (116.5, 226.4), (129.0, 280.4), (149.5, 353.8), (180.2, 314.5), (219.0, 260.9), (259.0, 228.5), (299.0, 219.2), (339.0, 240.0), (379.0, 171.2), (419.0, 122.7), (459.0, 96.1), (499.0, 93.1), (539.0, 122.8), (579.0, 186.8), (619.0, 260.1), (659.0, 275.8), (699.0, 214.6), (739.0, 173.9), (779.0, 156.0), (819.0, 164.1), (859.0, 207.1), (899.0, 203.0), (939.0, 144.3), (979.0, 106.4), (1019.0, 91.4), (1059.0, 103.5), (1099.0, 151.0), (1139.0, 223.4), (1179.0, 296.8), (1219.0, 340.8), (1259.0, 311.6), (1299.0, 305.7), (1339.0, 331.3), (1379.0, 348.9), (1419.0, 285.1), (1424.4, 241.8), (1424.4, 254.2), (1424.4, 303.8), (1430.9, 368.0), (1448.4, 304.0), (1473.9, 320.9), (1507.4, 368.0), (1547.4, 304.0), (1587.4, 320.9), (1627.4, 358.1), (1667.4, 326.0), (1707.4, 317.0), (1712.4, 338.1), (1716.9, 368.0), (1748.6, 368.3), (1788.6, 368.0), (1828.6, 339.8), (1868.6, 306.5), (1908.6, 335.9), (1948.6, 331.4), (1988.6, 310.8), (2028.6, 315.3), (2068.6, 354.2), (2108.6, 314.5), (2128.8, 260.9), (2128.8, 228.5), (2128.8, 219.2), (2128.8, 240.0), (2128.8, 296.4), (2131.5, 368.0), (2146.0, 304.0), (2168.5, 320.9), (2199.0, 368.0), (2238.6, 304.0), (2278.6, 320.9), (2318.6, 368.0), (2358.6, 304.0), (2398.6, 320.9), (2438.6, 368.0), (2478.6, 304.0), (2518.6, 320.9), (2558.6, 368.0), (2598.6, 299.1), (2638.6, 250.6), (2672.1, 224.0), (2672.1, 221.1), (2672.1, 250.8), (2673.9, 314.8), (2684.1, 348.9), (2704.6, 285.1), (2733.1, 278.8), (2769.6, 318.5), (2809.6, 348.9), (2849.6, 285.1), (2889.6, 278.8), (2929.6, 318.5), (2969.6, 348.9), (3009.6, 285.1), (3049.6, 241.8), (3089.6, 221.0), (3129.6, 225.2), (3169.6, 263.8), (3209.6, 333.1), (3249.6, 331.0), (3280.1, 272.3), (3285.6, 234.4), (3299.1, 219.4), (3320.6, 231.5), (3350.5, 261.4), (3389.8, 195.1), (3429.8, 149.2), (3469.8, 125.4), (3509.8, 126.0), (3549.8, 160.1), (3589.8, 227.0), (3629.8, 300.4), (3664.0, 368.0), (3664.4, 299.1), (3670.9, 250.6), (3685.4, 224.0), (3707.9, 221.1), (3738.4, 250.8), (3776.5, 314.8), (3816.5, 348.9), (3856.5, 285.1), (3859.5, 241.8), (3871.0, 221.0), (3890.5, 225.2), (3918.0, 263.8), (3955.8, 209.8), (3995.8, 158.7), (4035.8, 129.2), (4075.8, 123.0), (4115.8, 148.3), (4155.8, 208.7), (4195.8, 282.0), (4235.8, 316.9), (4242.6, 253.1), (4253.1, 209.8), (4271.6, 189.0), (4298.1, 193.2), (4332.6, 231.8), (4372.5, 186.5), (4412.5, 132.9), (4452.5, 100.5), (4492.5, 91.2), (4532.5, 112.0), (4572.5, 168.4), (4612.5, 241.8), (4624.1, 315.1), (4630.4, 348.9), (4646.9, 305.1), (4671.4, 330.4), (4704.6, 348.9), (4744.6, 305.1), (4784.6, 330.4), (4824.6, 348.9), (4864.6, 285.1), (4904.6, 241.8), (4944.6, 221.0), (4984.6, 202.0), (5024.6, 138.2), (5064.6, 94.9), (5104.6, 82.8), (5144.6, 114.5), (5184.6, 179.9), (5224.6, 253.3), (5264.6, 218.1), (5304.6, 164.5), (5344.6, 132.1), (5384.6, 122.8), (5424.6, 143.7), (5464.6, 200.0), (5488.8, 146.6), (5488.8, 95.6), (5488.8, 84.8), (5488.8, 121.0), (5488.8, 189.1), (5488.0, 153.9), (5488.0, 100.3), (5488.0, 82.8), (5488.0, 114.5), (5488.0, 179.9), (5488.0, 162.0), (5488.0, 105.9), (5488.0, 81.3), (5488.0, 108.6), (5488.0, 170.8), (5488.4, 170.5), (5488.4, 111.8), (5488.4, 80.4), (5488.4, 103.2), (5488.4, 161.6), (5488.4, 179.2), (5488.4, 118.0), (5488.4, 80.0), (5488.4, 98.4), (5488.4, 152.4), (5488.0, 188.3), (5488.0, 124.6), (5488.0, 81.3), (5488.0, 94.2), (5488.0, 143.8), (5488.0, 197.7), (5488.0, 131.4), (5488.0, 85.5), (5488.0, 90.5), (5488.0, 135.6), (5488.0, 207.4), (5488.4, 138.6), (5488.4, 90.1)]",0,27.48
novice,mario,Mario1-2,Enemy,7,0,281.47,0.277,"[(112.0, 208.0), (116.5, 226.4), (129.0, 280.4), (149.5, 353.8), (180.2, 315.1), (218.9, 263.6), (257.9, 233.3), (297.9, 226.3), (337.9, 240.0), (377.9, 240.0), (417.9, 240.0), (457.9, 240.0), (497.9, 241.3), (537.5, 172.4), (576.8, 125.1), (616.8, 100.9), (656.8, 101.0), (696.8, 134.7), (736.8, 201.3), (776.8, 211.9), (816.8, 153.0), (856.8, 117.1), (896.8, 104.3), (936.8, 120.1), (976.8, 171.5), (1016.4, 171.0), (1055.6, 113.5), (1095.6, 80.0), (1135.6, 98.4), (1175.6, 152.4), (1215.6, 225.8), (1255.6, 299.1), (1295.6, 368.0), (1335.6, 368.0), (1375.6, 368.0), (1415.6, 368.0), (1455.6, 368.0), (1495.6, 368.0), (1535.6, 368.0), (1570.6, 368.4)]",0,5.2
novice,mario,Mario1-2,Stuck,5,0,17.76,0.059,"[(112.0, 208.0), (116.5, 226.4), (129.0, 280.4), (149.5, 353.8), (176.5, 314.5), (197.0, 260.9), (214.8, 228.5), (240.2, 219.2), (273.8, 240.0), (304.1, 296.4), (309.6, 368.0), (319.1, 304.0), (320.6, 320.9), (323.1, 368.0), (329.6, 304.0), (328.1, 320.9), (327.6, 368.0), (331.1, 304.0), (326.6, 320.9), (323.1, 368.0), (323.6, 304.0), (316.1, 320.9), (304.4, 368.0), (296.3, 299.1), (280.3, 250.6), (256.2, 224.0), (224.2, 221.1), (185.9, 250.8), (153.4, 314.8), (130.2, 368.0), (128.1, 314.6), (121.8, 261.2), (107.5, 229.0), (85.3, 219.9), (58.7, 240.9), (48.8, 297.4), (56.2, 368.0), (71.0, 299.1), (85.5, 250.6), (108.0, 224.0), (138.5, 221.1), (176.6, 250.8), (216.6, 314.8), (256.2, 331.0), (289.8, 307.6), (315.2, 308.4), (341.8, 342.9), (372.0, 331.0), (394.1, 308.3), (411.9, 342.1), (432.7, 331.0), (445.3, 308.3), (458.9, 342.1), (476.3, 326.0), (485.5, 315.7), (490.4, 353.5), (502.3, 309.5), (508.5, 255.9), (506.7, 223.5), (496.8, 214.2), (479.0, 235.0), (450.2, 166.2), (413.4, 117.7), (373.4, 91.1), (333.4, 88.1), (296.9, 117.8), (268.4, 181.8), (247.9, 255.1), (235.4, 328.5), (231.1, 326.1), (223.0, 267.7), (207.0, 230.0), (182.9, 215.1), (151.6, 227.4), (124.6, 275.2), (105.5, 347.6), (103.0, 343.9), (109.7, 280.1), (108.4, 236.8), (99.1, 216.0), (81.8, 220.2), (61.8, 258.8), (49.5, 328.1), (51.9, 326.0), (54.4, 267.3), (48.9, 229.4), (51.5, 214.4), (63.0, 226.5), (82.5, 274.0), (110.0, 346.4), (147.4, 309.5), (187.4, 255.9), (227.4, 223.5), (267.4, 214.2), (307.4, 235.0)]",0,12.63
novice,mario,Mario1-2,Enemy,0,0,192.63,0.077,"[(112.0, 208.0), (107.5, 226.4), (95.2, 280.4), (85.8, 353.8), (92.5, 368.0), (127.7, 368.0), (167.7, 368.0), (207.7, 368.0), (247.7, 368.0), (287.7, 368.0), (327.7, 368.0), (367.7, 368.0), (407.7, 368.0)]",0,1.72
novice,mario,Mario1-2,Stuck,1,0,198.12,0.969,"[(112.0, 208.0), (116.5, 226.4), (129.0, 280.4), (149.5, 353.8), (180.2, 314.5), (219.0, 260.9), (259.0, 228.5), (299.0, 219.2), (339.0, 240.0), (379.0, 171.2), (419.0, 122.7), (459.0, 96.1), (499.0, 93.1), (539.0, 122.8), (579.0, 186.8), (619.0, 260.1), (659.0, 275.8), (699.0, 214.6), (739.0, 173.9), (779.0, 156.0), (819.0, 164.1), (859.0, 207.1), (899.0, 203.0), (939.0, 144.3), (979.0, 106.4), (1019.0, 91.4), (1059.0, 103.5), (1099.0, 151.0), (1139.0, 223.4), (1179.0, 296.8), (1219.0, 340.8), (1259.0, 311.6), (1299.0, 305.7), (1339.0, 331.3), (1379.0, 348.9), (1419.0, 285.1), (1424.4, 241.8), (1424.4, 254.2), (1424.4, 303.8), (1430.9, 368.0), (1448.4, 304.0), (1473.9, 320.9), (1507.4, 368.0), (1547.4, 304.0), (1587.4, 320.9), (1627.4, 358.1), (1667.4, 326.0), (1707.4, 317.0), (1712.4, 338.1), (1716.9, 368.0), (1748.6, 368.3), (1788.6, 368.0), (1828.6, 339.8), (1868.6, 306.5), (1908.6, 335.9), (1948.6, 331.4), (1988.6, 310.8), (2028.6, 315.3), (2068.6, 354.2), (2108.6, 314.5), (2128.8, 260.9), (2128.8, 228.5), (2128.8, 219.2), (2128.8, 240.0), (2128.8, 296.4), (2131.5, 368.0), (2146.0, 304.0), (2168.5, 320.9), (2199.0, 368.0), (2238.6, 304.0), (2278.6, 320.9), (2318.6, 368.0), (2358.6, 304.0), (2398.6, 320.9), (2438.6, 368.0), (2478.6, 304.0), (2518.6, 320.9), (2558.6, 368.0), (2598.6, 299.1), (2638.6, 250.6), (2672.1, 224.0), (2672.1, 221.1), (2672.1, 250.8), (2673.9, 314.8), (2684.1, 348.9), (2704.6, 285.1), (2733.1, 278.8), (2769.6, 318.5), (2809.6, 348.9), (2849.6, 285.1), (2889.6, 278.8), (2929.6, 318.5), (2969.6, 348.9), (3009.6, 285.1), (3049.6, 241.8), (3089.6, 221.0), (3129.6, 225.2), (3169.6, 263.8), (3209.6, 333.1), (3249.6, 331.0), (3280.1, 272.3), (3285.6, 234.4), (3299.1, 219.4), (3320.6, 231.5), (3350.5, 261.4), (3389.8, 195.1), (3429.8, 149.2), (3469.8, 125.4), (3509.8, 126.0), (3549.8, 160.1), (3589.8, 227.0), (3629.8, 300.4), (3664.0, 368.0), (3664.4, 299.1), (3670.9, 250.6), (3685.4, 224.0), (3707.9, 221.1), (3738.4, 250.8), (3776.5, 314.8), (3816.5, 348.9), (3856.5, 285.1), (3859.5, 241.8), (3871.0, 221.0), (3890.5, 225.2), (3918.0, 263.8), (3955.8, 209.8), (3995.8, 158.7), (4035.8, 129.2), (4075.8, 123.0), (4115.8, 148.3), (4155.8, 208.7), (4195.8, 282.0), (4235.8, 316.9), (4242.6, 253.1), (4253.1, 209.8), (4271.6, 189.0), (4298.1, 193.2), (4332.6, 231.8), (4372.5, 186.5), (4412.5, 132.9), (4452.5, 100.5), (4492.5, 91.2), (4532.5, 112.0), (4572.5, 168.4), (4612.5, 241.8), (4624.1, 315.1), (4630.4, 348.9), (4646.9, 305.1), (4671.4, 330.4), (4704.6, 348.9), (4744.6, 305.1), (4784.6, 330.4), (4824.6, 348.9), (4864.6, 285.1), (4904.6, 241.8), (4944.6, 221.0), (4984.6, 202.0), (5024.6, 138.2), (5064.6, 94.9), (5104.6, 82.8), (5144.6, 114.5), (5184.6, 179.9), (5224.6, 253.3), (5264.6, 218.1), (5304.6, 164.5), (5344.6, 132.1), (5384.6, 122.8), (5424.6, 143.7), (5464.6, 200.0), (5488.8, 146.6), (5488.8, 95.6), (5488.8, 84.8), (5488.8, 121.0), (5488.8, 189.1), (5488.0, 153.9), (5488.0, 100.3), (5488.0, 82.8), (5488.0, 114.5), (5488.0, 179.9), (5488.0, 162.0), (5488.0, 105.9), (5488.0, 81.3), (5488.0, 108.6), (5488.0, 170.8), (5488.4, 170.5), (5488.4, 111.8), (5488.4, 80.4), (5488.4, 103.2), (5488.4, 161.6), (5488.4, 179.2), (5488.4, 118.0), (5488.4, 80.0), (5488.4, 98.4), (5488.4, 152.4), (5488.0, 188.3), (5488.0, 124.6), (5488.0, 81.3), (5488.0, 94.2), (5488.0, 143.8), (5488.0, 197.7), (5488.0, 131.4), (5488.0, 85.5), (5488.0, 90.5), (5488.0, 135.6), (5488.0, 207.4), (5488.4, 138.6), (5488.4, 90.1)]",0,27.48
novice,mario,Mario1-2,Stuck,1,0,198.12,0.969,"[(112.0, 208.0), (116.5, 226.4), (129.0, 280.4), (149.5, 353.8), (180.2, 314.5), (219.0, 260.9), (259.0, 228.5), (299.0, 219.2), (339.0, 240.0), (379.0, 171.2), (419.0, 122.7), (459.0, 96.1), (499.0, 93.1), (539.0, 122.8), (579.0, 186.8), (619.0, 260.1), (659.0, 275.8), (699.0, 214.6), (739.0, 173.9), (779.0, 156.0), (819.0, 164.1), (859.0, 207.1), (899.0, 203.0), (939.0, 144.3), (979.0, 106.4), (1019.0, 91.4), (1059.0, 103.5), (1099.0, 151.0), (1139.0, 223.4), (1179.0, 296.8), (1219.0, 340.8), (1259.0, 311.6), (1299.0, 305.7), (1339.0, 331.3), (1379.0, 348.9), (1419.0, 285.1), (1424.4, 241.8), (1424.4, 254.2), (1424.4, 303.8), (1430.9, 368.0), (1448.4, 304.0), (1473.9, 320.9), (1507.4, 368.0), (1547.4, 304.0), (1587.4, 320.9), (1627.4, 358.1), (1667.4, 326.0), (1707.4, 317.0), (1712.4, 338.1), (1716.9, 368.0), (1748.6, 368.3), (1788.6, 368.0), (1828.6, 339.8), (1868.6, 306.5), (1908.6, 335.9), (1948.6, 331.4), (1988.6, 310.8), (2028.6, 315.3), (2068.6, 354.2), (2108.6, 314.5), (2128.8, 260.9), (2128.8, 228.5), (2128.8, 219.2), (2128.8, 240.0), (2128.8, 296.4), (2131.5, 368.0), (2146.0, 304.0), (2168.5, 320.9), (2199.0, 368.0), (2238.6, 304.0), (2278.6, 320.9), (2318.6, 368.0), (2358.6, 304.0), (2398.6, 320.9), (2438.6, 368.0), (2478.6, 304.0), (2518.6, 320.9), (2558.6, 368.0), (2598.6, 299.1), (2638.6, 250.6), (2672.1, 224.0), (2672.1, 221.1), (2672.0, 250.8), (2675.5, 314.8), (2687.8, 348.9), (2710.2, 285.1), (2740.8, 278.8), (2778.9, 318.5), (2818.9, 348.9), (2858.9, 285.1), (2898.9, 278.8), (2938.9, 318.5), (2978.9, 348.9), (3018.9, 285.1), (3058.9, 241.8), (3098.9, 221.0), (3138.9, 225.2), (3178.9, 263.8), (3218.9, 333.1), (3258.9, 331.0), (3280.8, 272.3), (3288.2, 234.4), (3303.8, 219.4), (3327.2, 231.5), (3359.1, 261.4), (3399.0, 195.1), (3439.0, 149.2), (3479.0, 125.4), (3519.0, 126.0), (3559.0, 160.1), (3599.0, 227.0), (3639.0, 300.4), (3664.4, 368.0), (3664.8, 299.1), (3672.2, 250.6), (3687.8, 224.0), (3711.2, 221.1), (3742.8, 250.8), (3781.5, 314.8), (3820.2, 348.9), (3856.0, 285.1), (3860.5, 241.8), (3873.0, 221.0), (3893.5, 225.2), (3922.0, 263.8), (3960.4, 209.8), (4000.4, 158.7), (4040.4, 129.2), (4080.4, 123.0), (4120.4, 148.3), (4160.4, 208.7), (4200.4, 282.0), (4240.4, 316.9), (4243.5, 253.1), (4255.0, 209.8), (4274.5, 189.0), (4302.0, 193.2), (4337.5, 231.8), (4377.5, 186.5), (4417.5, 132.9), (4457.5, 100.5), (4497.5, 91.2), (4537.5, 112.0), (4577.5, 168.4), (4617.5, 241.8), (4624.4, 315.1), (4631.6, 348.9), (4649.1, 305.1), (4674.6, 330.4), (4708.9, 348.9), (4748.9, 305.1), (4788.9, 330.4), (4828.9, 348.9), (4868.9, 285.1), (4908.9, 241.8), (4948.9, 221.0), (4988.9, 202.0), (5028.9, 138.2), (5068.9, 94.9), (5108.9, 82.8), (5148.9, 114.5), (5188.9, 179.9), (5228.9, 253.3), (5268.9, 218.1), (5308.9, 164.5), (5348.9, 132.1), (5388.9, 122.8), (5428.9, 143.7), (5468.9, 200.0), (5488.8, 146.6), (5488.8, 95.6), (5488.8, 84.8), (5488.8, 121.0), (5488.8, 189.1), (5488.0, 153.9), (5488.0, 100.3), (5488.0, 82.8), (5488.0, 114.5), (5488.0, 179.9), (5488.0, 162.0), (5488.0, 105.9), (5488.0, 81.3), (5488.0, 108.6), (5488.0, 170.8), (5488.4, 170.5), (5488.4, 111.8), (5488.4, 80.4), (5488.4, 103.2), (5488.4, 161.6), (5488.4, 179.2), (5488.4, 118.0), (5488.4, 80.0), (5488.4, 98.4), (5488.4, 152.4), (5488.0, 188.3), (5488.0, 124.6), (5488.0, 81.3), (5488.0, 94.2), (5488.0, 143.8), (5488.0, 197.7), (5488.0, 131.4), (5488.0, 85.5), (5488.0, 90.5), (5488.0, 135.6), (5488.0, 207.4), (5488.4, 138.6), (5488.4, 90.1)]",0,27.47
novice,mario,Mario1-2,Stuck,1,0,198.12,0.969,"[(112.0, 208.0), (116.5, 226.4), (129.0, 280.4), (149.5, 353.8), (180.2, 314.5), (219.0, 260.9), (259.0, 228.5), (299.0, 219.2), (339.0, 240.0), (379.0, 171.2), (419.0, 122.7), (459.0, 96.1), (499.0, 93.1), (539.0, 122.8), (579.0, 186.8), (619.0, 260.1), (659.0, 275.8), (699.0, 214.6), (739.0, 173.9), (779.0, 156.0), (819.0, 164.1), (859.0, 207.1), (899.0, 203.0), (939.0, 144.3), (979.0, 106.4), (1019.0, 91.4), (1059.0, 103.5), (1099.0, 151.0), (1139.0, 223.4), (1179.0, 296.8), (1219.0, 340.8), (1259.0, 311.6), (1299.0, 305.7), (1339.0, 331.3), (1379.0, 348.9), (1419.0, 285.1), (1424.4, 241.8), (1424.4, 254.2), (1424.4, 303.8), (1430.9, 368.0), (1448.4, 304.0), (1473.9, 320.9), (1507.4, 368.0), (1547.4, 304.0), (1587.4, 320.9), (1627.4, 358.1), (1667.4, 326.0), (1707.4, 317.0), (1712.4, 338.1), (1716.9, 368.0), (1748.6, 368.3), (1788.6, 368.0), (1828.6, 339.8), (1868.6, 306.5), (1908.6, 335.9), (1948.6, 331.4), (1988.6, 310.8), (2028.6, 315.3), (2068.6, 354.2), (2108.6, 314.5), (2128.8, 260.9), (2128.8, 228.5), (2128.8, 219.2), (2128.8, 240.0), (2128.8, 296.4), (2131.5, 368.0), (2146.0, 304.0), (2168.5, 320.9), (2199.0, 368.0), (2238.6, 304.0), (2278.6, 320.9), (2318.6, 368.0), (2358.6, 304.0), (2398.6, 320.9), (2438.6, 368.0), (2478.6, 304.0), (2518.6, 320.9), (2558.6, 368.0), (2598.6, 299.1), (2638.6, 250.6), (2672.1, 224.0), (2672.1, 221.1), (2672.0, 250.8), (2675.5, 314.8), (2687.8, 348.9), (2710.2, 285.1), (2740.8, 278.8), (2778.9, 318.5), (2818.9, 348.9), (2858.9, 285.1), (2898.9, 278.8), (2938.9, 318.5), (2978.9, 348.9), (3018.9, 285.1), (3058.9, 241.8), (3098.9, 221.0), (3138.9, 225.2), (3178.9, 263.8), (3218.9, 333.1), (3258.9, 331.0), (3280.8, 272.3), (3288.2, 234.4), (3303.8, 219.4), (3327.2, 231.5), (3359.1, 261.4), (3399.0, 195.1), (3439.0, 149.2), (3479.0, 125.4), (3519.0, 126.0), (3559.0, 160.1), (3599.0, 227.0), (3639.0, 300.4), (3664.4, 368.0), (3664.8, 299.1), (3672.2, 250.6), (3687.8, 224.0), (3711.2, 221.1), (3742.8, 250.8), (3781.5, 314.8), (3820.2, 348.9), (3856.0, 285.1), (3860.5, 241.8), (3873.0, 221.0), (3893.5, 225.2), (3922.0, 263.8), (3960.4, 209.8), (4000.4, 158.7), (4040.4, 129.2), (4080.4, 123.0), (4120.4, 148.3), (4160.4, 208.7), (4200.4, 282.0), (4240.4, 316.9), (4243.5, 253.1), (4255.0, 209.8), (4274.5, 189.0), (4302.0, 193.2), (4337.5, 231.8), (4377.5, 186.5), (4417.5, 132.9), (4457.5, 100.5), (4497.5, 91.2), (4537.5, 112.0), (4577.5, 168.4), (4617.5, 241.8), (4624.4, 315.1), (4631.6, 348.9), (4649.1, 305.1), (4674.6, 330.4), (4708.9, 348.9), (4748.9, 305.1), (4788.9, 330.4), (4828.9, 348.9), (4868.9, 285.1), (4908.9, 241.8), (4948.9, 221.0), (4988.9, 202.0), (5028.9, 138.2), (5068.9, 94.9), (5108.9, 82.8), (5148.9, 114.5), (5188.9, 179.9), (5228.9, 253.3), (5268.9, 218.1), (5308.9, 164.5), (5348.9, 132.1), (5388.9, 122.8), (5428.9, 143.7), (5468.9, 200.0), (5488.8, 146.6), (5488.8, 95.6), (5488.8, 84.8), (5488.8, 121.0), (5488.8, 189.1), (5488.0, 153.9), (5488.0, 100.3), (5488.0, 82.8), (5488.0, 114.5), (5488.0, 179.9), (5488.0, 162.0), (5488.0, 105.9), (5488.0, 81.3), (5488.0, 108.6), (5488.0, 170.8), (5488.4, 170.5), (5488.4, 111.8), (5488.4, 80.4), (5488.4, 103.2), (5488.4, 161.6), (5488.4, 179.2), (5488.4, 118.0), (5488.4, 80.0), (5488.4, 98.4), (5488.4, 152.4), (5488.0, 188.3), (5488.0, 124.6), (5488.0, 81.3), (5488.0, 94.2), (5488.0, 143.8), (5488.0, 197.7), (5488.0, 131.4), (5488.0, 85.5), (5488.0, 90.5), (5488.0, 135.6), (5488.0, 207.4), (5488.4, 138.6), (5488.4, 90.1)]",0,27.47
novice,mario,Mario1-2,Stuck,2,0,196.46,0.969,"[(112.0, 208.0), (116.5, 226.4), (129.0, 280.4), (149.5, 353.8), (180.2, 314.5), (219.0, 260.9), (259.0, 228.5), (299.0, 219.2), (339.0, 240.0), (379.0, 171.2), (419.0, 122.7), (459.0, 96.1), (499.0, 93.1), (539.0, 122.8), (579.0, 186.8), (619.0, 260.1), (659.0, 275.8), (699.0, 214.6), (739.0, 173.9), (779.0, 156.0), (819.0, 164.1), (859.0, 207.1), (899.0, 203.0), (939.0, 144.3), (979.0, 106.4), (1019.0, 91.4), (1059.0, 103.5), (1099.0, 151.0), (1139.0, 223.4), (1179.0, 296.8), (1219.0, 340.8), (1259.0, 311.6), (1299.0, 305.7), (1339.0, 331.3), (1379.0, 348.9), (1419.0, 285.1), (1424.4, 241.8), (1424.4, 254.2), (1424.4, 303.8), (1430.9, 368.0), (1448.4, 304.0), (1473.9, 320.9), (1507.4, 368.0), (1547.4, 304.0), (1587.4, 320.9), (1627.4, 358.1), (1667.4, 326.0), (1707.4, 317.0), (1712.4, 338.1), (1716.9, 368.0), (1748.6, 368.3), (1788.6, 368.0), (1828.6, 339.8), (1868.6, 306.5), (1908.6, 335.9), (1948.6, 331.4), (1988.6, 310.8), (2028.6, 315.3), (2068.6, 354.2), (2108.6, 314.5), (2128.8, 261.1), (2128.8, 229.8), (2128.8, 221.6), (2128.8, 243.4), (2128.8, 300.8), (2131.5, 368.0), (2146.0, 304.0), (2168.5, 320.9), (2199.0, 368.0), (2238.6, 304.0), (2278.6, 320.9), (2318.6, 368.0), (2358.6, 304.0), (2398.6, 320.9), (2438.6, 368.0), (2478.6, 304.0), (2518.6, 320.9), (2558.6, 368.0), (2598.6, 299.1), (2638.6, 250.6), (2671.9, 224.0), (2671.6, 221.1), (2670.9, 250.8), (2674.4, 314.8), (2686.6, 348.9), (2709.1, 285.1), (2739.6, 278.8), (2777.8, 318.5), (2817.8, 348.9), (2857.8, 285.1), (2897.8, 278.8), (2937.8, 318.5), (2977.8, 348.9), (3017.8, 285.1), (3057.8, 241.8), (3097.8, 221.0), (3137.8, 225.2), (3177.8, 263.8), (3217.8, 333.1), (3257.8, 331.0), (3280.8, 272.3), (3288.2, 234.4), (3303.8, 219.4), (3327.2, 231.5), (3359.1, 261.4), (3399.0, 195.1), (3439.0, 149.2), (3479.0, 125.4), (3519.0, 126.0), (3559.0, 160.1), (3599.0, 227.0), (3639.0, 300.4), (3664.0, 368.0), (3663.0, 299.4), (3668.5, 251.2), (3682.0, 224.9), (3703.5, 222.3), (3733.0, 252.3), (3770.4, 316.4), (3810.4, 348.9), (3850.4, 285.1), (3858.6, 241.8), (3869.1, 221.0), (3887.6, 225.2), (3914.1, 263.8), (3951.1, 209.8), (3991.1, 158.7), (4031.1, 129.2), (4071.1, 123.0), (4111.1, 148.3), (4151.1, 208.7), (4191.1, 282.0), (4231.1, 316.9), (4242.6, 253.1), (4253.1, 209.8), (4271.6, 189.0), (4298.1, 193.2), (4332.6, 231.8), (4372.5, 186.5), (4412.5, 132.9), (4452.5, 100.5), (4492.5, 91.2), (4532.5, 112.0), (4572.5, 168.4), (4612.5, 241.8), (4624.4, 315.1), (4631.6, 348.9), (4649.1, 305.1), (4674.6, 330.4), (4708.9, 348.9), (4748.9, 305.1), (4788.9, 330.4), (4828.9, 348.9), (4868.9, 285.1), (4908.9, 241.8), (4948.9, 221.0), (4988.9, 202.0), (5028.9, 138.2), (5068.9, 94.9), (5108.9, 82.8), (5148.9, 114.5), (5188.9, 179.9), (5228.9, 253.3), (5268.9, 218.1), (5308.9, 164.5), (5348.9, 132.1), (5388.9, 122.8), (5428.9, 143.7), (5468.9, 200.0), (5488.0, 146.6), (5488.0, 95.6), (5488.0, 84.8), (5488.7, 121.0), (5488.7, 189.1), (5488.4, 153.9), (5488.9, 100.3), (5488.8, 82.8), (5488.0, 114.5), (5488.0, 179.9), (5487.0, 162.2), (5485.8, 106.4), (5488.1, 81.3), (5488.0, 108.6), (5488.0, 170.8), (5487.6, 170.6), (5485.9, 112.2), (5488.4, 80.4), (5488.8, 103.2), (5488.0, 161.6), (5488.1, 179.2), (5487.6, 118.0), (5488.0, 80.0), (5488.0, 98.4), (5488.0, 152.4), (5487.9, 188.4), (5486.1, 124.9), (5487.6, 81.9), (5488.4, 94.2), (5488.0, 143.8), (5488.0, 197.8), (5486.8, 131.7), (5486.5, 86.1), (5488.0, 90.5), (5488.0, 135.6), (5488.0, 207.4), (5487.6, 138.6), (5487.6, 90.1)]",0,27.47
novice,mario,Mario1-2,Stuck,4,0,198.25,0.969,"[(112.0, 208.0), (116.5, 226.4), (129.0, 280.4), (149.5, 353.8), (180.2, 314.5), (219.0, 260.9), (259.0, 228.5), (299.0, 219.2), (339.0, 240.0), (379.0, 171.2), (419.0, 122.7), (459.0, 96.1), (499.0, 93.1), (539.0, 122.8), (579.0, 186.8), (619.0, 260.1), (659.0, 275.8), (699.0, 214.6), (739.0, 173.9), (779.0, 156.0), (819.0, 164.1), (859.0, 207.1), (899.0, 203.0), (939.0, 144.3), (979.0, 106.4), (1019.0, 91.4), (1059.0, 103.5), (1099.0, 151.0), (1139.0, 223.4), (1179.0, 296.8), (1219.0, 340.8), (1259.0, 311.6), (1299.0, 305.7), (1339.0, 331.3), (1379.0, 348.9), (1419.0, 285.1), (1424.4, 241.8), (1424.4, 254.2), (1424.4, 303.8), (1430.9, 368.0), (1448.4, 304.0), (1473.9, 320.9), (1507.4, 368.0), (1547.4, 304.0), (1587.4, 320.9), (1627.4, 358.1), (1667.4, 326.0), (1707.4, 317.0), (1712.4, 338.1), (1716.9, 368.0), (1748.6, 368.3), (1788.6, 368.0), (1828.6, 339.8), (1868.6, 306.5), (1908.6, 335.9), (1948.6, 331.4), (1988.6, 310.8), (2028.6, 315.3), (2068.6, 354.2), (2108.6, 314.5), (2128.8, 260.9), (2128.8, 228.5), (2128.8, 219.2), (2128.8, 240.0), (2128.8, 296.4), (2131.5, 368.0), (2146.0, 304.0), (2168.5, 320.9), (2199.0, 368.0), (2238.6, 304.0), (2278.6, 320.9), (2318.6, 368.0), (2358.6, 304.0), (2398.6, 320.9), (2438.6, 368.0), (2478.6, 304.0), (2518.6, 320.9), (2558.6, 368.0), (2598.6, 299.1), (2638.6, 250.6), (2672.1, 224.0), (2672.1, 221.1), (2672.1, 250.8), (2673.9, 314.8), (2684.1, 348.9), (2704.6, 285.1), (2733.1, 278.8), (2769.6, 318.5), (2809.6, 348.9), (2849.6, 285.1), (2889.6, 278.8), (2929.6, 318.5), (2969.6, 348.9), (3009.6, 285.1), (3049.6, 241.8), (3089.6, 221.0), (3129.6, 225.2), (3169.6, 263.8), (3209.6, 333.1), (3249.6, 331.0), (3280.1, 272.3), (3285.6, 234.4), (3299.1, 219.4), (3320.6, 231.5), (3350.5, 261.4), (3389.8, 195.1), (3429.8, 149.2), (3469.8, 125.4), (3509.8, 126.0), (3549.8, 160.1), (3589.8, 227.0), (3629.8, 300.4), (3664.0, 368.0), (3664.4, 299.1), (3670.9, 250.6), (3685.4, 224.0), (3707.9, 221.1), (3738.4, 250.8), (3776.5, 314.8), (3816.5, 358.6), (3856.5, 292.3), (3859.5, 246.4), (3871.0, 222.7), (3890.5, 223.2), (3918.0, 257.4), (3955.4, 217.9), (3995.4, 164.3), (4035.4, 132.0), (4075.4, 122.7), (4115.4, 143.5), (4155.4, 199.9), (4195.4, 273.2), (4235.4, 326.3), (4242.6, 260.0), (4253.1, 214.0), (4271.6, 190.3), (4298.1, 190.9), (4332.6, 225.0), (4372.5, 194.6), (4412.5, 138.4), (4452.5, 103.3), (4492.5, 91.1), (4532.5, 107.5), (4572.5, 159.4), (4612.5, 232.6), (4624.1, 305.9), (4630.0, 358.3), (4646.5, 304.3), (4671.0, 325.3), (4703.9, 358.3), (4743.9, 304.3), (4783.9, 325.3), (4823.9, 358.3), (4863.9, 292.0), (4903.9, 246.0), (4943.9, 222.3), (4983.9, 210.3), (5023.9, 144.0), (5063.9, 98.0), (5103.9, 81.3), (5143.9, 108.6), (5183.9, 170.8), (5223.9, 244.1), (5263.9, 226.2), (5303.9, 170.1), (5343.9, 134.9), (5383.9, 122.7), (5423.9, 139.1), (5463.9, 191.0), (5488.4, 154.5), (5488.4, 100.9), (5488.4, 82.8), (5488.4, 114.5), (5488.4, 179.9), (5488.8, 162.0), (5488.8, 105.9), (5488.8, 81.3), (5488.8, 108.6), (5488.8, 170.8), (5488.8, 170.5), (5488.8, 111.8), (5488.8, 80.4), (5488.8, 103.2), (5488.8, 161.6), (5488.1, 179.2), (5488.1, 118.0), (5488.1, 80.0), (5488.1, 98.4), (5488.1, 152.4), (5488.1, 188.3), (5488.1, 124.6), (5488.1, 81.3), (5488.1, 94.2), (5488.1, 143.8), (5488.5, 197.7), (5488.8, 131.4), (5488.8, 85.5), (5488.8, 90.5), (5488.8, 135.6), (5488.8, 207.4), (5488.8, 138.6), (5488.8, 90.1), (5488.8, 87.4), (5488.8, 128.0), (5488.8, 198.3), (5488.1, 146.1), (5488.1, 95.0)]",0,27.48
novice,mario,Mario1-2,Stuck,1,0,198.12,0.969,"[(112.0, 208.0), (116.5, 226.4), (129.0, 280.4), (149.5, 353.8), (180.2, 314.5), (219.0, 260.9), (259.0, 228.5), (299.0, 219.2), (339.0, 240.0), (379.0, 171.2), (419.0, 122.7), (459.0, 96.1), (499.0, 93.1), (539.0, 122.8), (579.0, 186.8), (619.0, 260.1), (659.0, 275.8), (699.0, 214.6), (739.0, 173.9), (779.0, 156.0), (819.0, 164.1), (859.0, 207.1), (899.0, 203.0), (939.0, 144.3), (979.0, 106.4), (1019.0, 91.4), (1059.0, 103.5), (1099.0, 151.0), (1139.0, 223.4), (1179.0, 296.8), (1219.0, 340.8), (1259.0, 311.6), (1299.0, 305.7), (1339.0, 331.3), (1379.0, 348.9), (1419.0, 285.1), (1424.4, 241.8), (1424.4, 254.2), (1424.4, 303.8), (1430.9, 368.0), (1448.4, 304.0), (1473.9, 320.9), (1507.4, 368.0), (1547.4, 304.0), (1587.4, 320.9), (1627.4, 358.1), (1667.4, 326.0), (1707.4, 317.0), (1712.4, 338.1), (1716.9, 368.0), (1748.6, 368.3), (1788.6, 368.0), (1828.6, 339.8), (1868.6, 306.5), (1908.6, 335.9), (1948.6, 331.4), (1988.6, 310.8), (2028.6, 315.3), (2068.6, 354.2), (2108.6, 314.5), (2128.8, 260.9), (2128.8, 228.5), (2128.8, 219.2), (2128.8, 240.0), (2128.8, 296.4), (2131.5, 368.0), (2146.0, 304.0), (2168.5, 320.9), (2199.0, 368.0), (2238.6, 304.0), (2278.6, 320.9), (2318.6, 368.0), (2358.6, 304.0), (2398.6, 320.9), (2438.6, 368.0), (2478.6, 304.0), (2518.6, 320.9), (2558.6, 368.0), (2598.6, 299.1), (2638.6, 250.6), (2672.1, 224.0), (2672.1, 221.1), (2672.1, 250.8), (2673.9, 314.8), (2684.1, 348.9), (2704.6, 285.1), (2733.1, 278.8), (2769.6, 318.5), (2809.6, 348.9), (2849.6, 285.1), (2889.6, 278.8), (2929.6, 318.5), (2969.6, 348.9), (3009.6, 285.1), (3049.6, 241.8), (3089.6, 221.0), (3129.6, 225.2), (3169.6, 263.8), (3209.6, 333.1), (3249.6, 331.0), (3280.1, 272.3), (3285.6, 234.4), (3299.1, 219.4), (3320.6, 231.5), (3350.5, 261.4), (3389.8, 195.1), (3429.8, 149.2), (3469.8, 125.4), (3509.8, 126.0), (3549.8, 160.1), (3589.8, 227.0), (3629.8, 300.4), (3664.0, 368.0), (3664.4, 299.1), (3670.9, 250.6), (3685.4, 224.0), (3707.9, 221.1), (3738.4, 250.8), (3776.5, 314.8), (3816.5, 348.9), (3856.5, 285.1), (3859.5, 241.8), (3871.0, 221.0), (3890.5, 225.2), (3918.0, 263.8), (3955.8, 209.8), (3995.8, 158.7), (4035.8, 129.2), (4075.8, 123.0), (4115.8, 148.3), (4155.8, 208.7), (4195.8, 282.0), (4235.8, 316.9), (4242.6, 253.1), (4253.1, 209.8), (4271.6, 189.0), (4298.1, 193.2), (4332.6, 231.8), (4372.5, 186.5), (4412.5, 132.9), (4452.5, 100.5), (4492.5, 91.2), (4532.5, 112.0), (4572.5, 168.4), (4612.5, 241.8), (4624.1, 315.1), (4630.4, 348.9), (4646.9, 305.1), (4671.4, 330.4), (4704.6, 348.9), (4744.6, 305.1), (4784.6, 330.4), (4824.6, 348.9), (4864.6, 285.1), (4904.6, 241.8), (4944.6, 221.0), (4984.6, 202.0), (5024.6, 138.2), (5064.6, 94.9), (5104.6, 82.8), (5144.6, 114.5), (5184.6, 179.9), (5224.6, 253.3), (5264.6, 218.1), (5304.6, 164.5), (5344.6, 132.1), (5384.6, 122.8), (5424.6, 143.7), (5464.6, 200.0), (5488.8, 146.6), (5488.8, 95.6), (5488.8, 84.8), (5488.8, 121.0), (5488.8, 189.1), (5488.0, 153.9), (5488.0, 100.3), (5488.0, 82.8), (5488.0, 114.5), (5488.0, 179.9), (5488.0, 162.0), (5488.0, 105.9), (5488.0, 81.3), (5488.0, 108.6), (5488.0, 170.8), (5488.4, 170.5), (5488.4, 111.8), (5488.4, 80.4), (5488.4, 103.2), (5488.4, 161.6), (5488.4, 179.2), (5488.4, 118.0), (5488.4, 80.0), (5488.4, 98.4), (5488.4, 152.4), (5488.0, 188.3), (5488.0, 124.6), (5488.0, 81.3), (5488.0, 94.2), (5488.0, 143.8), (5488.0, 197.7), (5488.0, 131.4), (5488.0, 85.5), (5488.0, 90.5), (5488.0, 135.6), (5488.0, 207.4), (5488.4, 138.6), (5488.4, 90.1)]",0,27.48
novice,mario,Mario1-2,Stuck,11,0,-6.05,0.014,"[(112.0, 208.0), (112.0, 226.4), (112.0, 280.4), (112.0, 353.8), (108.8, 322.9), (106.4, 267.2), (106.4, 234.1), (106.4, 224.0), (106.4, 244.0), (106.4, 299.6), (106.4, 368.0), (102.3, 307.0), (100.9, 256.9), (100.9, 229.4), (100.9, 225.7), (100.9, 254.6), (100.9, 317.9), (100.4, 358.6), (96.0, 292.3), (95.3, 247.8), (95.3, 226.2), (95.3, 229.6), (95.3, 267.4), (95.3, 336.3), (93.5, 340.2), (90.0, 279.1), (89.8, 240.3), (89.8, 224.4), (89.8, 235.7), (89.8, 282.4), (89.8, 354.6), (86.6, 322.9), (84.2, 267.2), (84.2, 234.1), (84.2, 224.0), (84.2, 244.0), (84.2, 299.6), (84.2, 368.0)]",0,5.02
novice,mario,Mario1-2,Stuck,1,0,198.12,0.969,"[(112.0, 208.0), (116.5, 226.4), (129.0, 280.4), (149.5, 353.8), (180.2, 314.5), (219.0, 260.9), (259.0, 228.5), (299.0, 219.2), (339.0, 240.0), (379.0, 171.2), (419.0, 122.7), (459.0, 96.1), (499.0, 93.1), (539.0, 122.8), (579.0, 186.8), (619.0, 260.1), (659.0, 275.8), (699.0, 214.6), (739.0, 173.9), (779.0, 156.0), (819.0, 164.1), (859.0, 207.1), (899.0, 203.0), (939.0, 144.3), (979.0, 106.4), (1019.0, 91.4), (1059.0, 103.5), (1099.0, 151.0), (1139.0, 223.4), (1179.0, 296.8), (1219.0, 340.8), (1259.0, 311.6), (1299.0, 305.7), (1339.0, 331.3), (1379.0, 348.9), (1419.0, 285.1), (1424.4, 241.8), (1424.4, 254.2), (1424.4, 303.8), (1430.9, 368.0), (1448.4, 304.0), (1473.9, 320.9), (1507.4, 368.0), (1547.4, 304.0), (1587.4, 320.9), (1627.4, 358.1), (1667.4, 326.0), (1707.4, 317.0), (1712.4, 338.1), (1716.9, 368.0), (1748.6, 368.3), (1788.6, 368.0), (1828.6, 339.8), (1868.6, 306.5), (1908.6, 335.9), (1948.6, 331.4), (1988.6, 310.8), (2028.6, 315.3), (2068.6, 354.2), (2108.6, 314.5), (2128.8, 260.9), (2128.8, 228.5), (2128.8, 219.2), (2128.8, 240.0), (2128.8, 296.4), (2131.5, 368.0), (2146.0, 304.0), (2168.5, 320.9), (2199.0, 368.0), (2238.6, 304.0), (2278.6, 320.9), (2318.6, 368.0), (2358.6, 304.0), (2398.6, 320.9), (2438.6, 368.0), (2478.6, 304.0), (2518.6, 320.9), (2558.6, 368.0), (2598.6, 299.1), (2638.6, 250.6), (2672.1, 224.0), (2672.1, 221.1), (2672.1, 250.8), (2673.9, 314.8), (2684.1, 348.9), (2704.6, 285.1), (2733.1, 278.8), (2769.6, 318.5), (2809.6, 348.9), (2849.6, 285.1), (2889.6, 278.8), (2929.6, 318.5), (2969.6, 348.9), (3009.6, 285.1), (3049.6, 241.8), (3089.6, 221.0), (3129.6, 225.2), (3169.6, 263.8), (3209.6, 333.1), (3249.6, 331.0), (3280.1, 272.3), (3285.6, 234.4), (3299.1, 219.4), (3320.6, 231.5), (3350.5, 261.4), (3389.8, 195.1), (3429.8, 149.2), (3469.8, 125.4), (3509.8, 126.0), (3549.8, 160.1), (3589.8, 227.0), (3629.8, 300.4), (3664.0, 368.0), (3664.4, 299.1), (3670.9, 250.6), (3685.4, 224.0), (3707.9, 221.1), (3738.4, 250.8), (3776.5, 314.8), (3816.5, 348.9), (3856.5, 285.1), (3859.5, 241.8), (3871.0, 221.0), (3890.5, 225.2), (3918.0, 263.8), (3955.8, 209.8), (3995.8, 158.7), (4035.8, 129.2), (4075.8, 123.0), (4115.8, 148.3), (4155.8, 208.7), (4195.8, 282.0), (4235.8, 316.9), (4242.6, 253.1), (4253.1, 209.8), (4271.6, 189.0), (4298.1, 193.2), (4332.6, 231.8), (4372.5, 186.5), (4412.5, 132.9), (4452.5, 100.5), (4492.5, 91.2), (4532.5, 112.0), (4572.5, 168.4), (4612.5, 241.8), (4624.1, 315.1), (4630.4, 348.9), (4646.9, 305.1), (4671.4, 330.4), (4704.6, 348.9), (4744.6, 305.1), (4784.6, 330.4), (4824.6, 348.9), (4864.6, 285.1), (4904.6, 241.8), (4944.6, 221.0), (4984.6, 202.0), (5024.6, 138.2), (5064.6, 94.9), (5104.6, 82.8), (5144.6, 114.5), (5184.6, 179.9), (5224.6, 253.3), (5264.6, 218.1), (5304.6, 164.5), (5344.6, 132.1), (5384.6, 122.8), (5424.6, 143.7), (5464.6, 200.0), (5488.8, 146.6), (5488.8, 95.6), (5488.8, 84.8), (5488.8, 121.0), (5488.8, 189.1), (5488.0, 153.9), (5488.0, 100.3), (5488.0, 82.8), (5488.0, 114.5), (5488.0, 179.9), (5488.0, 162.0), (5488.0, 105.9), (5488.0, 81.3), (5488.0, 108.6), (5488.0, 170.8), (5488.4, 170.5), (5488.4, 111.8), (5488.4, 80.4), (5488.4, 103.2), (5488.4, 161.6), (5488.4, 179.2), (5488.4, 118.0), (5488.4, 80.0), (5488.4, 98.4), (5488.4, 152.4), (5488.0, 188.3), (5488.0, 124.6), (5488.0, 81.3), (5488.0, 94.2), (5488.0, 143.8), (5488.0, 197.7), (5488.0, 131.4), (5488.0, 85.5), (5488.0, 90.5), (5488.0, 135.6), (5488.0, 207.4), (5488.4, 138.6), (5488.4, 90.1)]",0,27.48
novice,mario,Mario1-2,Stuck,1,0,198.12,0.969,"[(112.0, 213.0), (116.5, 226.4), (129.0, 280.4), (149.5, 353.8), (180.2, 314.5), (219.0, 260.9), (259.0, 228.5), (299.0, 219.2), (339.0, 240.0), (379.0, 171.2), (419.0, 122.7), (459.0, 96.1), (499.0, 93.1), (539.0, 122.8), (579.0, 186.8), (619.0, 260.1), (659.0, 275.8), (699.0, 214.6), (739.0, 173.9), (779.0, 156.0), (819.0, 164.1), (859.0, 207.1), (899.0, 203.0), (939.0, 144.3), (979.0, 106.4), (1019.0, 91.4), (1059.0, 103.5), (1099.0, 151.0), (1139.0, 223.4), (1179.0, 296.8), (1219.0, 340.8), (1259.0, 311.6), (1299.0, 305.7), (1339.0, 331.3), (1379.0, 348.9), (1419.0, 285.1), (1424.4, 241.8), (1424.4, 254.2), (1424.4, 303.8), (1430.9, 368.0), (1448.4, 304.0), (1473.9, 320.9), (1507.4, 368.0), (1547.4, 304.0), (1587.4, 320.9), (1627.4, 358.1), (1667.4, 326.0), (1707.4, 317.0), (1712.4, 338.1), (1716.9, 368.0), (1748.6, 368.3), (1788.6, 368.0), (1828.6, 339.8), (1868.6, 306.5), (1908.6, 335.9), (1948.6, 331.4), (1988.6, 310.8), (2028.6, 315.3), (2068.6, 354.2), (2108.6, 314.5), (2128.8, 260.9), (2128.8, 228.5), (2128.8, 219.2), (2128.8, 240.0), (2128.8, 296.4), (2131.5, 368.0), (2146.0, 304.0), (2168.5, 320.9), (2199.0, 368.0), (2238.6, 304.0), (2278.6, 320.9), (2318.6, 368.0), (2358.6, 304.0), (2398.6, 320.9), (2438.6, 368.0), (2478.6, 304.0), (2518.6, 320.9), (2558.6, 368.0), (2598.6, 299.1), (2638.6, 250.6), (2672.1, 224.0), (2672.1, 221.1), (2672.1, 250.8), (2673.9, 314.8), (2684.1, 348.9), (2704.6, 285.1), (2733.1, 278.8), (2769.6, 318.5), (2809.6, 348.9), (2849.6, 285.1), (2889.6, 278.8), (2929.6, 318.5), (2969.6, 348.9), (3009.6, 285.1), (3049.6, 241.8), (3089.6, 221.0), (3129.6, 225.2), (3169.6, 263.8), (3209.6, 333.1), (3249.6, 331.0), (3280.1, 272.3), (3285.6, 234.4), (3299.1, 219.4), (3320.6, 231.5), (3350.5, 261.4), (3389.8, 195.1), (3429.8, 149.2), (3469.8, 125.4), (3509.8, 126.0), (3549.8, 160.1), (3589.8, 227.0), (3629.8, 300.4), (3664.0, 368.0), (3664.4, 299.1), (3670.9, 250.6), (3685.4, 224.0), (3707.9, 221.1), (3738.4, 250.8), (3776.5, 314.8), (3816.5, 348.9), (3856.5, 285.1), (3859.5, 241.8), (3871.0, 221.0), (3890.5, 225.2), (3918.0, 263.8), (3955.8, 209.8), (3995.8, 158.7), (4035.8, 129.2), (4075.8, 123.0), (4115.8, 148.3), (4155.8, 208.7), (4195.8, 282.0), (4235.8, 316.9), (4242.6, 253.1), (4253.1, 209.8), (4271.6, 189.0), (4298.1, 193.2), (4332.6, 231.8), (4372.5, 186.5), (4412.5, 132.9), (4452.5, 100.5), (4492.5, 91.2), (4532.5, 112.0), (4572.5, 168.4), (4612.5, 241.8), (4624.1, 315.1), (4630.4, 348.9), (4646.9, 305.1), (4671.4, 330.4), (4704.6, 348.9), (4744.6, 305.1), (4784.6, 330.4), (4824.6, 348.9), (4864.6, 285.1), (4904.6, 241.8), (4944.6, 221.0), (4984.6, 202.0), (5024.6, 138.2), (5064.6, 94.9), (5104.6, 82.8), (5144.6, 114.5), (5184.6, 179.9), (5224.6, 253.3), (5264.6, 218.1), (5304.6, 164.5), (5344.6, 132.1), (5384.6, 122.8), (5424.6, 143.7), (5464.6, 200.0), (5488.8, 146.6), (5488.8, 95.6), (5488.8, 84.8), (5488.8, 121.0), (5488.8, 189.1), (5488.0, 153.9), (5488.0, 100.3), (5488.0, 82.8), (5488.0, 114.5), (5488.0, 179.9), (5488.0, 162.0), (5488.0, 105.9), (5488.0, 81.3), (5488.0, 108.6), (5488.0, 170.8), (5488.4, 170.5), (5488.4, 111.8), (5488.4, 80.4), (5488.4, 103.2), (5488.4, 161.6), (5488.4, 179.2), (5488.4, 118.0), (5488.4, 80.0), (5488.4, 98.4), (5488.4, 152.4), (5488.0, 188.3), (5488.0, 124.6), (5488.0, 81.3), (5488.0, 94.2), (5488.0, 143.8), (5488.0, 197.7), (5488.0, 131.4), (5488.0, 85.5), (5488.0, 90.5), (5488.0, 135.6), (5488.0, 207.4), (5488.4, 138.6), (5488.4, 90.1)]",0,27.48
novice,mario,Mario1-2,Enemy,1,0,251.51,0.286,"[(112.0, 208.0), (116.5, 226.4), (129.0, 280.4), (149.5, 353.8), (180.2, 314.5), (219.0, 260.9), (258.2, 228.5), (291.5, 219.2), (328.9, 240.0), (368.9, 171.2), (408.9, 122.7), (447.8, 96.1), (487.8, 93.1), (527.8, 122.8), (567.8, 186.8), (607.8, 260.1), (647.8, 275.8), (687.8, 214.6), (727.8, 173.9), (767.8, 156.0), (807.8, 164.1), (847.8, 207.1), (887.8, 203.0), (926.6, 144.3), (966.6, 106.4), (1006.6, 91.4), (1046.6, 103.5), (1086.6, 151.0), (1126.6, 223.4), (1166.6, 296.8), (1206.6, 340.8), (1246.6, 311.6), (1286.6, 305.7), (1326.6, 331.3), (1366.6, 348.9), (1406.6, 285.1), (1424.0, 241.8), (1424.0, 254.2), (1424.0, 303.8), (1428.5, 368.0), (1444.0, 304.0), (1467.5, 320.9), (1499.0, 368.0), (1538.9, 304.0), (1578.9, 320.9), (1618.9, 368.0)]",0,6.02
novice,mario,Mario1-2,Enemy,1,0,251.35,0.286,"[(112.0, 208.0), (116.5, 226.4), (129.0, 280.4), (149.5, 353.8), (180.2, 314.5), (219.0, 260.9), (259.0, 228.5), (299.0, 219.2), (339.0, 240.0), (379.0, 171.2), (419.0, 122.7), (459.0, 96.1), (499.0, 93.1), (539.0, 122.8), (579.0, 186.8), (619.0, 260.1), (659.0, 275.8), (699.0, 214.6), (739.0, 173.9), (779.0, 156.0), (819.0, 164.1), (859.0, 207.1), (899.0, 203.0), (939.0, 144.3), (979.0, 106.4), (1019.0, 91.4), (1059.0, 103.5), (1099.0, 151.0), (1139.0, 223.4), (1179.0, 296.8), (1219.0, 340.8), (1259.0, 311.6), (1299.0, 305.7), (1339.0, 331.3), (1379.0, 348.9), (1419.0, 285.1), (1424.4, 241.8), (1424.4, 254.2), (1424.9, 303.8), (1427.5, 368.0), (1442.0, 304.0), (1464.5, 320.9), (1495.0, 368.0), (1534.6, 304.0), (1574.6, 320.9), (1614.6, 368.0)]",0,6.03
novice,mario,Mario1-2,Stuck,1,0,-7.97,0.011,"[(112.0, 208.0), (107.5, 226.4), (95.0, 280.4), (74.5, 353.8), (48.0, 314.5), (48.0, 260.9), (48.0, 228.5), (48.0, 219.2), (48.0, 240.0), (48.8, 296.4), (56.2, 368.0), (67.8, 299.1), (71.2, 250.6), (66.8, 224.0), (54.2, 221.1), (48.0, 250.8), (49.9, 314.8), (59.9, 348.9), (69.4, 285.1), (70.9, 241.8), (64.4, 221.0), (49.9, 225.2), (48.0, 263.8), (51.5, 333.1), (63.0, 331.0), (70.5, 272.3), (70.0, 234.4), (61.5, 219.4), (48.0, 231.5), (48.1, 279.0), (53.6, 351.4), (65.6, 314.5), (71.1, 260.9), (68.6, 228.5), (58.1, 219.2), (48.0, 240.0), (48.8, 296.4), (56.2, 368.0)]",0,5.02
novice,mario,Mario1-2,Stuck,4,0,198.25,0.969,"[(112.0, 208.0), (116.5, 226.4), (129.0, 280.4), (149.5, 353.8), (180.2, 314.5), (219.0, 260.9), (259.0, 228.5), (299.0, 219.2), (339.0, 240.0), (379.0, 171.2), (419.0, 122.7), (459.0, 96.1), (499.0, 93.1), (539.0, 122.8), (579.0, 186.8), (619.0, 260.1), (659.0, 275.8), (699.0, 214.6), (739.0, 173.9), (779.0, 156.0), (819.0, 164.1), (859.0, 207.1), (899.0, 203.0), (939.0, 144.3), (979.0, 106.4), (1019.0, 91.4), (1059.0, 103.5), (1099.0, 151.0), (1139.0, 223.4), (1179.0, 296.8), (1219.0, 340.8), (1259.0, 311.6), (1299.0, 305.7), (1339.0, 331.3), (1379.0, 348.9), (1419.0, 285.1), (1424.4, 241.8), (1424.4, 254.2), (1424.4, 303.8), (1430.9, 368.0), (1448.4, 304.0), (1473.9, 320.9), (1507.4, 368.0), (1547.4, 304.0), (1587.4, 320.9), (1627.4, 358.1), (1667.4, 326.0), (1707.4, 317.0), (1712.4, 338.1), (1716.9, 368.0), (1748.6, 368.3), (1788.6, 368.0), (1828.6, 339.8), (1868.6, 306.5), (1908.6, 335.9), (1948.6, 331.4), (1988.6, 310.8), (2028.6, 315.3), (2068.6, 354.2), (2108.6, 314.5), (2128.8, 260.9), (2128.8, 228.5), (2128.8, 219.2), (2128.8, 240.0), (2128.8, 296.4), (2131.5, 368.0), (2146.0, 304.0), (2168.5, 320.9), (2199.0, 368.0), (2238.6, 304.0), (2278.6, 320.9), (2318.6, 368.0), (2358.6, 304.0), (2398.6, 320.9), (2438.6, 368.0), (2478.6, 304.0), (2518.6, 320.9), (2558.6, 368.0), (2598.6, 299.1), (2638.6, 250.6), (2672.1, 224.0), (2672.1, 221.1), (2672.1, 250.8), (2673.9, 314.8), (2684.1, 348.9), (2704.6, 285.1), (2733.1, 278.8), (2769.6, 318.5), (2809.6, 348.9), (2849.6, 285.1), (2889.6, 278.8), (2929.6, 318.5), (2969.6, 348.9), (3009.6, 285.1), (3049.6, 241.8), (3089.6, 221.0), (3129.6, 225.2), (3169.6, 263.8), (3209.6, 333.1), (3249.6, 331.0), (3280.1, 272.3), (3285.6, 234.4), (3299.1, 219.4), (3320.6, 231.5), (3350.5, 261.4), (3389.8, 195.1), (3429.8, 149.2), (3469.8, 125.4), (3509.8, 126.0), (3549.8, 160.1), (3589.8, 227.0), (3629.8, 300.4), (3664.0, 368.0), (3664.4, 299.1), (3670.9, 250.6), (3685.4, 224.0), (3707.9, 221.1), (3738.4, 250.8), (3776.5, 314.8), (3816.5, 358.6), (3856.5, 292.3), (3859.5, 246.4), (3871.0, 222.7), (3890.5, 223.2), (3918.0, 257.4), (3955.4, 217.9), (3995.4, 164.3), (4035.4, 132.0), (4075.4, 122.7), (4115.4, 143.5), (4155.4, 199.9), (4195.4, 273.2), (4235.4, 326.3), (4242.6, 260.0), (4253.1, 214.0), (4271.6, 190.3), (4298.1, 190.9), (4332.6, 225.0), (4372.5, 194.6), (4412.5, 138.4), (4452.5, 103.3), (4492.5, 91.1), (4532.5, 107.5), (4572.5, 159.4), (4612.5, 232.6), (4624.1, 305.9), (4630.0, 358.3), (4646.5, 304.3), (4671.0, 325.3), (4703.9, 358.3), (4743.9, 304.3), (4783.9, 325.3), (4823.9, 358.3), (4863.9, 292.0), (4903.9, 246.0), (4943.9, 222.3), (4983.9, 210.3), (5023.9, 144.0), (5063.9, 98.0), (5103.9, 81.3), (5143.9, 108.6), (5183.9, 170.8), (5223.9, 244.1), (5263.9, 226.2), (5303.9, 170.1), (5343.9, 134.9), (5383.9, 122.7), (5423.9, 139.1), (5463.9, 191.0), (5488.4, 154.5), (5488.4, 100.9), (5488.4, 82.8), (5488.4, 114.5), (5488.4, 179.9), (5488.8, 162.0), (5488.8, 105.9), (5488.8, 81.3), (5488.8, 108.6), (5488.8, 170.8), (5488.8, 170.5), (5488.8, 111.8), (5488.8, 80.4), (5488.8, 103.2), (5488.8, 161.6), (5488.1, 179.2), (5488.1, 118.0), (5488.1, 80.0), (5488.1, 98.4), (5488.1, 152.4), (5488.1, 188.3), (5488.1, 124.6), (5488.1, 81.3), (5488.1, 94.2), (5488.1, 143.8), (5488.5, 197.7), (5488.8, 131.4), (5488.8, 85.5), (5488.8, 90.5), (5488.8, 135.6), (5488.8, 207.4), (5488.8, 138.6), (5488.8, 90.1), (5488.8, 87.4), (5488.8, 128.0), (5488.8, 198.3), (5488.1, 146.1), (5488.1, 95.0)]",0,27.48
novice,mario,Mario1-2,Stuck,2,0,196.46,0.969,"[(112.0, 208.0), (116.5, 226.4), (129.0, 280.4), (149.5, 353.8), (180.2, 314.5), (219.0, 260.9), (259.0, 228.5), (299.0, 219.2), (339.0, 240.0), (379.0, 171.2), (419.0, 122.7), (459.0, 96.1), (499.0, 93.1), (539.0, 122.8), (579.0, 186.8), (619.0, 260.1), (659.0, 275.8), (699.0, 214.6), (739.0, 173.9), (779.0, 156.0), (819.0, 164.1), (859.0, 207.1), (899.0, 203.0), (939.0, 144.3), (979.0, 106.4), (1019.0, 91.4), (1059.0, 103.5), (1099.0, 151.0), (1139.0, 223.4), (1179.0, 296.8), (1219.0, 340.8), (1259.0, 311.6), (1299.0, 305.7), (1339.0, 331.3), (1379.0, 348.9), (1419.0, 285.1), (1424.4, 241.8), (1424.4, 254.2), (1424.4, 303.8), (1430.9, 368.0), (1448.4, 304.0), (1473.9, 320.9), (1507.4, 368.0), (1547.4, 304.0), (1587.4, 320.9), (1627.4, 358.1), (1667.4, 326.0), (1707.4, 317.0), (1712.4, 338.1), (1716.9, 368.0), (1748.6, 368.3), (1788.6, 368.0), (1828.6, 339.8), (1868.6, 306.5), (1908.6, 335.9), (1948.6, 331.4), (1988.6, 310.8), (2028.6, 315.3), (2068.6, 354.2), (2108.6, 314.5), (2128.8, 261.1), (2128.8, 229.8), (2128.8, 221.6), (2128.8, 243.4), (2128.8, 300.8), (2131.5, 368.0), (2146.0, 304.0), (2168.5, 320.9), (2199.0, 368.0), (2238.6, 304.0), (2278.6, 320.9), (2318.6, 368.0), (2358.6, 304.0), (2398.6, 320.9), (2438.6, 368.0), (2478.6, 304.0), (2518.6, 320.9), (2558.6, 368.0), (2598.6, 299.1), (2638.6, 250.6), (2671.9, 224.0), (2671.6, 221.1), (2670.9, 250.8), (2674.4, 314.8), (2686.6, 348.9), (2709.1, 285.1), (2739.6, 278.8), (2777.8, 318.5), (2817.8, 348.9), (2857.8, 285.1), (2897.8, 278.8), (2937.8, 318.5), (2977.8, 348.9), (3017.8, 285.1), (3057.8, 241.8), (3097.8, 221.0), (3137.8, 225.2), (3177.8, 263.8), (3217.8, 333.1), (3257.8, 331.0), (3280.8, 272.3), (3288.2, 234.4), (3303.8, 219.4), (3327.2, 231.5), (3359.1, 261.4), (3399.0, 195.1), (3439.0, 149.2), (3479.0, 125.4), (3519.0, 126.0), (3559.0, 160.1), (3599.0, 227.0), (3639.0, 300.4), (3664.0, 368.0), (3663.0, 299.4), (3668.5, 251.2), (3682.0, 224.9), (3703.5, 222.3), (3733.0, 252.3), (3770.4, 316.4), (3810.4, 348.9), (3850.4, 285.1), (3858.6, 241.8), (3869.1, 221.0), (3887.6, 225.2), (3914.1, 263.8), (3951.1, 209.8), (3991.1, 158.7), (4031.1, 129.2), (4071.1, 123.0), (4111.1, 148.3), (4151.1, 208.7), (4191.1, 282.0), (4231.1, 316.9), (4242.6, 253.1), (4253.1, 209.8), (4271.6, 189.0), (4298.1, 193.2), (4332.6, 231.8), (4372.5, 186.5), (4412.5, 132.9), (4452.5, 100.5), (4492.5, 91.2), (4532.5, 112.0), (4572.5, 168.4), (4612.5, 241.8), (4624.4, 315.1), (4631.6, 348.9), (4649.1, 305.1), (4674.6, 330.4), (4708.9, 348.9), (4748.9, 305.1), (4788.9, 330.4), (4828.9, 348.9), (4868.9, 285.1), (4908.9, 241.8), (4948.9, 221.0), (4988.9, 202.0), (5028.9, 138.2), (5068.9, 94.9), (5108.9, 82.8), (5148.9, 114.5), (5188.9, 179.9), (5228.9, 253.3), (5268.9, 218.1), (5308.9, 164.5), (5348.9, 132.1), (5388.9, 122.8), (5428.9, 143.7), (5468.9, 200.0), (5488.0, 146.6), (5488.0, 95.6), (5488.0, 84.8), (5488.7, 121.0), (5488.7, 189.1), (5488.4, 153.9), (5488.9, 100.3), (5488.8, 82.8), (5488.0, 114.5), (5488.0, 179.9), (5487.0, 162.2), (5485.8, 106.4), (5488.1, 81.3), (5488.0, 108.6), (5488.0, 170.8), (5487.6, 170.6), (5485.9, 112.2), (5488.4, 80.4), (5488.8, 103.2), (5488.0, 161.6), (5488.1, 179.2), (5487.6, 118.0), (5488.0, 80.0), (5488.0, 98.4), (5488.0, 152.4), (5487.9, 188.4), (5486.1, 124.9), (5487.6, 81.9), (5488.4, 94.2), (5488.0, 143.8), (5488.0, 197.8), (5486.8, 131.7), (5486.5, 86.1), (5488.0, 90.5), (5488.0, 135.6), (5488.0, 207.4), (5487.6, 138.6), (5487.6, 90.1)]",0,27.47
novice,mario,Mario1-2,Stuck,1,0,198.12,0.969,"[(112.0, 208.0), (116.5, 226.4), (129.0, 280.4), (149.5, 353.8), (180.2, 314.5), (219.0, 260.9), (259.0, 228.5), (299.0, 219.2), (339.0, 240.0), (379.0, 171.2), (419.0, 122.7), (459.0, 96.1), (499.0, 93.1), (539.0, 122.8), (579.0, 186.8), (619.0, 260.1), (659.0, 275.8), (699.0, 214.6), (739.0, 173.9), (779.0, 156.0), (819.0, 164.1), (859.0, 207.1), (899.0, 203.0), (939.0, 144.3), (979.0, 106.4), (1019.0, 91.4), (1059.0, 103.5), (1099.0, 151.0), (1139.0, 223.4), (1179.0, 296.8), (1219.0, 340.8), (1259.0, 311.6), (1299.0, 305.7), (1339.0, 331.3), (1379.0, 348.9), (1419.0, 285.1), (1424.4, 241.8), (1424.4, 254.2), (1424.4, 303.8), (1430.9, 368.0), (1448.4, 304.0), (1473.9, 320.9), (1507.4, 368.0), (1547.4, 304.0), (1587.4, 320.9), (1627.4, 358.1), (1667.4, 326.0), (1707.4, 317.0), (1712.4, 338.1), (1716.9, 368.0), (1748.6, 368.3), (1788.6, 368.0), (1828.6, 339.8), (1868.6, 306.5), (1908.6, 335.9), (1948.6, 331.4), (1988.6, 310.8), (2028.6, 315.3), (2068.6, 354.2), (2108.6, 314.5), (2128.8, 260.9), (2128.8, 228.5), (2128.8, 219.2), (2128.8, 240.0), (2128.8, 296.4), (2131.5, 368.0), (2146.0, 304.0), (2168.5, 320.9), (2199.0, 368.0), (2238.6, 304.0), (2278.6, 320.9), (2318.6, 368.0), (2358.6, 304.0), (2398.6, 320.9), (2438.6, 368.0), (2478.6, 304.0), (2518.6, 320.9), (2558.6, 368.0), (2598.6, 299.1), (2638.6, 250.6), (2672.1, 224.0), (2672.1, 221.1), (2672.0, 250.8), (2675.5, 314.8), (2687.8, 348.9), (2710.2, 285.1), (2740.8, 278.8), (2778.9, 318.5), (2818.9, 348.9), (2858.9, 285.1), (2898.9, 278.8), (2938.9, 318.5), (2978.9, 348.9), (3018.9, 285.1), (3058.9, 241.8), (3098.9, 221.0), (3138.9, 225.2), (3178.9, 263.8), (3218.9, 333.1), (3258.9, 331.0), (3280.8, 272.3), (3288.2, 234.4), (3303.8, 219.4), (3327.2, 231.5), (3359.1, 261.4), (3399.0, 195.1), (3439.0, 149.2), (3479.0, 125.4), (3519.0, 126.0), (3559.0, 160.1), (3599.0, 227.0), (3639.0, 300.4), (3664.4, 368.0), (3664.8, 299.1), (3672.2, 250.6), (3687.8, 224.0), (3711.2, 221.1), (3742.8, 250.8), (3781.5, 314.8), (3820.2, 348.9), (3856.0, 285.1), (3860.5, 241.8), (3873.0, 221.0), (3893.5, 225.2), (3922.0, 263.8), (3960.4, 209.8), (4000.4, 158.7), (4040.4, 129.2), (4080.4, 123.0), (4120.4, 148.3), (4160.4, 208.7), (4200.4, 282.0), (4240.4, 316.9), (4243.5, 253.1), (4255.0, 209.8), (4274.5, 189.0), (4302.0, 193.2), (4337.5, 231.8), (4377.5, 186.5), (4417.5, 132.9), (4457.5, 100.5), (4497.5, 91.2), (4537.5, 112.0), (4577.5, 168.4), (4617.5, 241.8), (4624.4, 315.1), (4631.6, 348.9), (4649.1, 305.1), (4674.6, 330.4), (4708.9, 348.9), (4748.9, 305.1), (4788.9, 330.4), (4828.9, 348.9), (4868.9, 285.1), (4908.9, 241.8), (4948.9, 221.0), (4988.9, 202.0), (5028.9, 138.2), (5068.9, 94.9), (5108.9, 82.8), (5148.9, 114.5), (5188.9, 179.9), (5228.9, 253.3), (5268.9, 218.1), (5308.9, 164.5), (5348.9, 132.1), (5388.9, 122.8), (5428.9, 143.7), (5468.9, 200.0), (5488.8, 146.6), (5488.8, 95.6), (5488.8, 84.8), (5488.8, 121.0), (5488.8, 189.1), (5488.0, 153.9), (5488.0, 100.3), (5488.0, 82.8), (5488.0, 114.5), (5488.0, 179.9), (5488.0, 162.0), (5488.0, 105.9), (5488.0, 81.3), (5488.0, 108.6), (5488.0, 170.8), (5488.4, 170.5), (5488.4, 111.8), (5488.4, 80.4), (5488.4, 103.2), (5488.4, 161.6), (5488.4, 179.2), (5488.4, 118.0), (5488.4, 80.0), (5488.4, 98.4), (5488.4, 152.4), (5488.0, 188.3), (5488.0, 124.6), (5488.0, 81.3), (5488.0, 94.2), (5488.0, 143.8), (5488.0, 197.7), (5488.0, 131.4), (5488.0, 85.5), (5488.0, 90.5), (5488.0, 135.6), (5488.0, 207.4), (5488.4, 138.6), (5488.4, 90.1)]",0,27.47
novice,mario,Mario1-2,Stuck,1,0,198.12,0.969,"[(112.0, 208.0), (116.5, 226.4), (129.0, 280.4), (149.5, 353.8), (180.2, 314.5), (219.0, 260.9), (259.0, 228.5), (299.0, 219.2), (339.0, 240.0), (379.0, 171.2), (419.0, 122.7), (459.0, 96.1), (499.0, 93.1), (539.0, 122.8), (579.0, 186.8), (619.0, 260.1), (659.0, 275.8), (699.0, 214.6), (739.0, 173.9), (779.0, 156.0), (819.0, 164.1), (859.0, 207.1), (899.0, 203.0), (939.0, 144.3), (979.0, 106.4), (1019.0, 91.4), (1059.0, 103.5), (1099.0, 151.0), (1139.0, 223.4), (1179.0, 296.8), (1219.0, 340.8), (1259.0, 311.6), (1299.0, 305.7), (1339.0, 331.3), (1379.0, 348.9), (1419.0, 285.1), (1424.4, 241.8), (1424.4, 254.2), (1424.4, 303.8), (1430.9, 368.0), (1448.4, 304.0), (1473.9, 320.9), (1507.4, 368.0), (1547.4, 304.0), (1587.4, 320.9), (1627.4, 358.1), (1667.4, 326.0), (1707.4, 317.0), (1712.4, 338.1), (1716.9, 368.0), (1748.6, 368.3), (1788.6, 368.0), (1828.6, 339.8), (1868.6, 306.5), (1908.6, 335.9), (1948.6, 331.4), (1988.6, 310.8), (2028.6, 315.3), (2068.6, 354.2), (2108.6, 314.5), (2128.8, 260.9), (2128.8, 228.5), (2128.8, 219.2), (2128.8, 240.0), (2128.8, 296.4), (2131.5, 368.0), (2146.0, 304.0), (2168.5, 320.9), (2199.0, 368.0), (2238.6, 304.0), (2278.6, 320.9), (2318.6, 368.0), (2358.6, 304.0), (2398.6, 320.9), (2438.6, 368.0), (2478.6, 304.0), (2518.6, 320.9), (2558.6, 368.0), (2598.6, 299.1), (2638.6, 250.6), (2672.1, 224.0), (2672.1, 221.1), (2672.1, 250.8), (2673.9, 314.8), (2684.1, 348.9), (2704.6, 285.1), (2733.1, 278.8), (2769.6, 318.5), (2809.6, 348.9), (2849.6, 285.1), (2889.6, 278.8), (2929.6, 318.5), (2969.6, 348.9), (3009.6, 285.1), (3049.6, 241.8), (3089.6, 221.0), (3129.6, 225.2), (3169.6, 263.8), (3209.6, 333.1), (3249.6, 331.0), (3280.1, 272.3), (3285.6, 234.4), (3299.1, 219.4), (3320.6, 231.5), (3350.5, 261.4), (3389.8, 195.1), (3429.8, 149.2), (3469.8, 125.4), (3509.8, 126.0), (3549.8, 160.1), (3589.8, 227.0), (3629.8, 300.4), (3664.0, 368.0), (3664.4, 299.1), (3670.9, 250.6), (3685.4, 224.0), (3707.9, 221.1), (3738.4, 250.8), (3776.5, 314.8), (3816.5, 348.9), (3856.5, 285.1), (3859.5, 241.8), (3871.0, 221.0), (3890.5, 225.2), (3918.0, 263.8), (3955.8, 209.8), (3995.8, 158.7), (4035.8, 129.2), (4075.8, 123.0), (4115.8, 148.3), (4155.8, 208.7), (4195.8, 282.0), (4235.8, 316.9), (4242.6, 253.1), (4253.1, 209.8), (4271.6, 189.0), (4298.1, 193.2), (4332.6, 231.8), (4372.5, 186.5), (4412.5, 132.9), (4452.5, 100.5), (4492.5, 91.2), (4532.5, 112.0), (4572.5, 168.4), (4612.5, 241.8), (4624.1, 315.1), (4630.4, 348.9), (4646.9, 305.1), (4671.4, 330.4), (4704.6, 348.9), (4744.6, 305.1), (4784.6, 330.4), (4824.6, 348.9), (4864.6, 285.1), (4904.6, 241.8), (4944.6, 221.0), (4984.6, 202.0), (5024.6, 138.2), (5064.6, 94.9), (5104.6, 82.8), (5144.6, 114.5), (5184.6, 179.9), (5224.6, 253.3), (5264.6, 218.1), (5304.6, 164.5), (5344.6, 132.1), (5384.6, 122.8), (5424.6, 143.7), (5464.6, 200.0), (5488.8, 146.6), (5488.8, 95.6), (5488.8, 84.8), (5488.8, 121.0), (5488.8, 189.1), (5488.0, 153.9), (5488.0, 100.3), (5488.0, 82.8), (5488.0, 114.5), (5488.0, 179.9), (5488.0, 162.0), (5488.0, 105.9), (5488.0, 81.3), (5488.0, 108.6), (5488.0, 170.8), (5488.4, 170.5), (5488.4, 111.8), (5488.4, 80.4), (5488.4, 103.2), (5488.4, 161.6), (5488.4, 179.2), (5488.4, 118.0), (5488.4, 80.0), (5488.4, 98.4), (5488.4, 152.4), (5488.0, 188.3), (5488.0, 124.6), (5488.0, 81.3), (5488.0, 94.2), (5488.0, 143.8), (5488.0, 197.7), (5488.0, 131.4), (5488.0, 85.5), (5488.0, 90.5), (5488.0, 135.6), (5488.0, 207.4), (5488.4, 138.6), (5488.4, 90.1)]",0,27.48
novice,mario,Mario1-2,Enemy,1,0,239.05,0.08,"[(112.0, 208.0), (116.5, 226.4), (129.0, 280.4), (149.5, 353.8), (183.6, 368.0), (223.6, 368.0), (263.6, 368.0), (303.6, 368.0), (343.6, 368.0), (383.6, 368.0), (423.6, 368.0)]",0,1.45
novice,mario,Mario1-2,Stuck,5,0,198.47,0.969,"[(112.0, 208.0), (116.5, 226.4), (129.0, 280.4), (149.5, 353.8), (180.2, 314.5), (219.0, 260.9), (259.0, 228.5), (299.0, 219.2), (339.0, 240.0), (379.0, 171.2), (419.0, 122.7), (459.0, 96.1), (499.0, 93.1), (539.0, 122.8), (579.0, 186.8), (619.0, 260.1), (659.0, 275.8), (699.0, 214.6), (739.0, 173.9), (779.0, 156.0), (819.0, 164.1), (859.0, 207.1), (899.0, 203.0), (939.0, 144.3), (979.0, 106.4), (1019.0, 91.4), (1059.0, 103.5), (1099.0, 151.0), (1139.0, 223.4), (1179.0, 296.8), (1219.0, 340.8), (1259.0, 311.6), (1299.0, 305.7), (1339.0, 331.3), (1379.0, 348.9), (1419.0, 285.1), (1424.4, 241.8), (1424.4, 254.2), (1424.4, 303.8), (1430.9, 368.0), (1448.4, 304.0), (1473.9, 320.9), (1507.4, 368.0), (1547.4, 304.0), (1587.4, 320.9), (1627.4, 358.1), (1667.4, 326.0), (1707.4, 317.0), (1712.4, 338.1), (1716.9, 368.0), (1748.6, 368.3), (1788.6, 368.0), (1828.6, 339.8), (1868.6, 306.5), (1908.6, 335.9), (1948.6, 331.4), (1988.6, 310.8), (2028.6, 315.3), (2068.6, 354.2), (2108.6, 314.5), (2128.8, 260.9), (2128.8, 228.5), (2128.8, 219.2), (2128.8, 240.0), (2128.8, 296.4), (2131.5, 368.0), (2146.0, 304.0), (2168.5, 320.9), (2199.0, 368.0), (2238.6, 304.0), (2278.6, 320.9), (2318.6, 368.0), (2358.6, 304.0), (2398.6, 320.9), (2438.6, 368.0), (2478.6, 304.0), (2518.6, 320.9), (2558.6, 368.0), (2598.6, 299.1), (2638.6, 250.6), (2672.1, 224.0), (2672.1, 221.1), (2672.1, 250.8), (2673.9, 314.8), (2684.1, 348.9), (2704.6, 285.1), (2733.1, 278.8), (2769.6, 318.5), (2809.6, 348.9), (2849.6, 285.1), (2889.6, 278.8), (2929.6, 318.5), (2969.6, 348.9), (3009.6, 285.1), (3049.6, 241.8), (3089.6, 221.0), (3129.6, 225.2), (3169.6, 263.8), (3209.6, 333.1), (3249.6, 331.0), (3280.1, 272.3), (3285.6, 234.4), (3299.1, 219.4), (3320.6, 231.5), (3350.5, 261.4), (3389.8, 196.1), (3429.8, 151.2), (3469.8, 128.5), (3509.8, 130.1), (3549.8, 165.3), (3589.8, 232.9), (3629.8, 306.2), (3664.0, 358.3), (3665.2, 292.0), (3673.8, 246.0), (3690.2, 222.3), (3714.8, 222.9), (3747.2, 257.0), (3786.5, 323.9), (3826.5, 339.8), (3856.1, 278.6), (3861.6, 237.9), (3875.1, 220.0), (3896.6, 228.1), (3926.1, 271.1), (3965.4, 202.3), (4005.4, 153.7), (4045.4, 127.1), (4085.4, 124.2), (4125.4, 153.9), (4165.4, 217.9), (4205.4, 291.2), (4240.0, 307.8), (4244.5, 246.6), (4257.0, 205.9), (4277.5, 188.0), (4306.0, 196.1), (4342.5, 239.1), (4382.5, 178.6), (4422.5, 127.6), (4462.5, 98.1), (4502.5, 91.9), (4542.5, 117.1), (4582.5, 177.6), (4622.5, 250.9), (4624.8, 324.3), (4633.4, 339.8), (4651.9, 306.5), (4678.4, 335.9), (4713.9, 339.8), (4753.9, 306.5), (4793.9, 335.9), (4833.9, 339.8), (4873.9, 278.6), (4913.9, 237.9), (4953.9, 220.0), (4993.9, 192.9), (5033.9, 131.7), (5073.9, 91.0), (5113.9, 84.8), (5153.9, 121.0), (5193.9, 189.1), (5233.9, 262.4), (5273.9, 210.3), (5313.9, 159.2), (5353.9, 129.7), (5393.9, 123.5), (5433.9, 148.8), (5473.9, 208.0), (5488.0, 139.1), (5488.0, 90.6), (5488.0, 87.4), (5488.0, 128.0), (5488.0, 198.3), (5488.1, 146.1), (5488.1, 95.0), (5488.1, 84.8), (5488.1, 121.0), (5488.1, 189.1), (5488.1, 153.9), (5488.1, 100.3), (5488.1, 82.8), (5488.1, 114.5), (5488.1, 179.9), (5488.8, 162.5), (5488.8, 107.4), (5488.8, 81.3), (5488.8, 108.6), (5488.8, 170.8), (5488.8, 170.5), (5488.8, 111.8), (5488.8, 80.4), (5488.8, 103.2), (5488.8, 161.6), (5488.1, 179.2), (5488.1, 118.0), (5488.1, 80.0), (5488.1, 98.4), (5488.1, 152.4), (5488.1, 188.5), (5488.1, 125.7), (5488.1, 83.5), (5488.1, 94.2), (5488.1, 143.8), (5488.5, 197.7), (5488.8, 131.4)]",0,27.45
novice,mario,Mario1-2,Stuck,18,0,61.85,0.148,"[(112.0, 208.0), (112.0, 226.4), (112.1, 280.4), (117.6, 353.8), (129.0, 322.9), (136.4, 266.8), (139.3, 231.6), (139.4, 219.5), (139.4, 235.9), (140.1, 287.8), (147.6, 361.0), (163.8, 306.6), (177.1, 255.6), (185.9, 226.1), (190.3, 219.9), (190.8, 245.1), (192.7, 305.6), (202.6, 358.3), (221.9, 292.0), (241.1, 246.0), (256.6, 222.3), (264.1, 222.9), (263.6, 257.0), (262.1, 323.9), (269.7, 339.8), (287.2, 280.1), (304.4, 243.6), (310.9, 230.1), (325.8, 240.0), (356.9, 179.4), (395.6, 130.7), (433.9, 104.6), (467.3, 102.3), (497.4, 132.6), (524.6, 197.0), (546.2, 270.3), (574.4, 336.0), (612.8, 267.1), (648.6, 218.6), (677.9, 192.0), (702.6, 189.1), (720.1, 218.8), (735.2, 262.3), (757.6, 196.0), (775.0, 150.0), (788.0, 126.3), (796.5, 126.9), (806.0, 161.0), (823.5, 227.9), (838.2, 186.5), (846.0, 133.2), (848.2, 101.9), (848.2, 93.7), (848.2, 115.6), (847.4, 173.0), (845.9, 240.0), (847.3, 171.5), (846.4, 123.3), (846.4, 97.1), (846.4, 94.5), (846.4, 124.5), (845.3, 188.8), (845.0, 221.0), (845.0, 157.5), (844.7, 114.6), (844.7, 94.1), (844.7, 98.7), (844.7, 137.6), (843.4, 207.1), (843.7, 203.2), (842.9, 144.9), (842.9, 107.3), (842.9, 92.6), (842.9, 105.1), (842.8, 152.9), (841.1, 225.4), (842.2, 186.7), (841.2, 133.5), (841.2, 101.5), (841.2, 92.5), (841.2, 113.7), (840.5, 170.4), (839.0, 240.0), (840.4, 171.5), (839.5, 123.6), (839.5, 98.4), (839.5, 96.8), (839.5, 127.9)]",0,11.72
novice,mario,Mario1-2,Stuck,1,0,198.12,0.969,"[(112.0, 208.0), (116.5, 226.4), (129.0, 280.4), (149.5, 353.8), (180.2, 314.5), (219.0, 260.9), (259.0, 228.5), (299.0, 219.2), (339.0, 240.0), (379.0, 171.2), (419.0, 122.7), (459.0, 96.1), (499.0, 93.1), (539.0, 122.8), (579.0, 186.8), (619.0, 260.1), (659.0, 275.8), (699.0, 214.6), (739.0, 173.9), (779.0, 156.0), (819.0, 164.1), (859.0, 207.1), (899.0, 203.0), (939.0, 144.3), (979.0, 106.4), (1019.0, 91.4), (1059.0, 103.5), (1099.0, 151.0), (1139.0, 223.4), (1179.0, 296.8), (1219.0, 340.8), (1259.0, 311.6), (1299.0, 305.7), (1339.0, 331.3), (1379.0, 348.9), (1419.0, 285.1), (1424.4, 241.8), (1424.4, 254.2), (1424.4, 303.8), (1430.9, 368.0), (1448.4, 304.0), (1473.9, 320.9), (1507.4, 368.0), (1547.4, 304.0), (1587.4, 320.9), (1627.4, 358.1), (1667.4, 326.0), (1707.4, 317.0), (1712.4, 338.1), (1716.9, 368.0), (1748.6, 368.3), (1788.6, 368.0), (1828.6, 339.8), (1868.6, 306.5), (1908.6, 335.9), (1948.6, 331.4), (1988.6, 310.8), (2028.6, 315.3), (2068.6, 354.2), (2108.6, 314.5), (2128.8, 260.9), (2128.8, 228.5), (2128.8, 219.2), (2128.8, 240.0), (2128.8, 296.4), (2131.5, 368.0), (2146.0, 304.0), (2168.5, 320.9), (2199.0, 368.0), (2238.6, 304.0), (2278.6, 320.9), (2318.6, 368.0), (2358.6, 304.0), (2398.6, 320.9), (2438.6, 368.0), (2478.6, 304.0), (2518.6, 320.9), (2558.6, 368.0), (2598.6, 299.1), (2638.6, 250.6), (2672.1, 224.0), (2672.1, 221.1), (2672.1, 250.8), (2673.9, 314.8), (2684.1, 348.9), (2704.6, 285.1), (2733.1, 278.8), (2769.6, 318.5), (2809.6, 348.9), (2849.6, 285.1), (2889.6, 278.8), (2929.6, 318.5), (2969.6, 348.9), (3009.6, 285.1), (3049.6, 241.8), (3089.6, 221.0), (3129.6, 225.2), (3169.6, 263.8), (3209.6, 333.1), (3249.6, 331.0), (3280.1, 272.3), (3285.6, 234.4), (3299.1, 219.4), (3320.6, 231.5), (3350.5, 261.4), (3389.8, 195.1), (3429.8, 149.2), (3469.8, 125.4), (3509.8, 126.0), (3549.8, 160.1), (3589.8, 227.0), (3629.8, 300.4), (3664.0, 368.0), (3664.4, 299.1), (3670.9, 250.6), (3685.4, 224.0), (3707.9, 221.1), (3738.4, 250.8), (3776.5, 314.8), (3816.5, 348.9), (3856.5, 285.1), (3859.5, 241.8), (3871.0, 221.0), (3890.5, 225.2), (3918.0, 263.8), (3955.8, 209.8), (3995.8, 158.7), (4035.8, 129.2), (4075.8, 123.0), (4115.8, 148.3), (4155.8, 208.7), (4195.8, 282.0), (4235.8, 316.9), (4242.6, 253.1), (4253.1, 209.8), (4271.6, 189.0), (4298.1, 193.2), (4332.6, 231.8), (4372.5, 186.5), (4412.5, 132.9), (4452.5, 100.5), (4492.5, 91.2), (4532.5, 112.0), (4572.5, 168.4), (4612.5, 241.8), (4624.1, 315.1), (4630.4, 348.9), (4646.9, 305.1), (4671.4, 330.4), (4704.6, 348.9), (4744.6, 305.1), (4784.6, 330.4), (4824.6, 348.9), (4864.6, 285.1), (4904.6, 241.8), (4944.6, 221.0), (4984.6, 202.0), (5024.6, 138.2), (5064.6, 94.9), (5104.6, 82.8), (5144.6, 114.5), (5184.6, 179.9), (5224.6, 253.3), (5264.6, 218.1), (5304.6, 164.5), (5344.6, 132.1), (5384.6, 122.8), (5424.6, 143.7), (5464.6, 200.0), (5488.8, 146.6), (5488.8, 95.6), (5488.8, 84.8), (5488.8, 121.0), (5488.8, 189.1), (5488.0, 153.9), (5488.0, 100.3), (5488.0, 82.8), (5488.0, 114.5), (5488.0, 179.9), (5488.0, 162.0), (5488.0, 105.9), (5488.0, 81.3), (5488.0, 108.6), (5488.0, 170.8), (5488.4, 170.5), (5488.4, 111.8), (5488.4, 80.4), (5488.4, 103.2), (5488.4, 161.6), (5488.4, 179.2), (5488.4, 118.0), (5488.4, 80.0), (5488.4, 98.4), (5488.4, 152.4), (5488.0, 188.3), (5488.0, 124.6), (5488.0, 81.3), (5488.0, 94.2), (5488.0, 143.8), (5488.0, 197.7), (5488.0, 131.4), (5488.0, 85.5), (5488.0, 90.5), (5488.0, 135.6), (5488.0, 207.4), (5488.4, 138.6), (5488.4, 90.1)]",0,27.48
novice,mario,Mario1-2,Pit,1,0,213.49,0.466,"[(112.0, 208.0), (116.5, 226.4), (129.0, 280.4), (149.5, 353.8), (180.2, 314.5), (219.0, 260.9), (259.0, 228.5), (299.0, 219.2), (339.0, 240.0), (379.0, 171.2), (419.0, 122.7), (455.5, 96.1), (484.0, 93.1), (504.5, 122.8), (517.0, 186.8), (523.0, 260.1), (534.5, 333.5), (555.5, 331.0), (586.0, 272.3), (624.1, 234.4), (664.1, 219.4), (704.1, 231.5), (744.1, 261.4), (754.6, 195.1), (765.1, 149.2), (782.9, 125.4), (796.4, 126.0), (807.1, 160.1), (825.6, 227.0), (854.4, 186.5), (891.8, 132.9), (928.0, 100.5), (961.5, 91.2), (987.0, 112.0), (1004.5, 168.4), (1018.8, 241.8), (1038.8, 235.0), (1068.2, 176.3), (1103.2, 138.4), (1131.8, 123.4), (1152.2, 135.5), (1164.8, 183.0), (1174.5, 255.4), (1192.0, 328.8), (1217.5, 331.7), (1251.0, 311.1), (1290.2, 315.6), (1326.2, 354.5), (1366.1, 314.5), (1406.1, 313.6), (1442.9, 356.0), (1482.0, 314.5), (1520.1, 313.6), (1557.5, 356.0), (1597.5, 321.0), (1637.5, 309.1), (1677.5, 325.7), (1716.3, 368.0), (1756.0, 368.0), (1796.0, 368.3), (1836.0, 331.0), (1876.0, 308.3), (1916.0, 342.1), (1956.0, 339.2), (1996.0, 318.6), (2036.0, 323.1), (2076.0, 362.0), (2116.0, 306.6), (2128.1, 255.6), (2128.1, 226.1), (2128.1, 219.9), (2128.1, 245.1), (2128.1, 305.6), (2128.8, 358.3), (2139.2, 304.3), (2157.8, 325.3), (2184.6, 358.3), (2221.9, 304.3), (2260.9, 325.3), (2299.9, 358.3), (2339.8, 304.3), (2375.8, 325.3), (2414.4, 358.3), (2454.2, 304.3), (2488.8, 325.3), (2516.4, 358.3), (2550.6, 304.3), (2587.4, 325.3), (2627.0, 381.0)]",0,11.83
novice,mario,Mario1-2,Stuck,1,2,137.11,0.347,"[(112.0, 208.0), (116.5, 226.4), (129.0, 280.4), (149.5, 353.8), (180.2, 314.5), (219.0, 260.9), (256.4, 228.5), (286.6, 219.2), (321.1, 240.0), (361.1, 171.2), (401.1, 122.7), (440.0, 96.1), (480.0, 93.1), (519.6, 122.8), (555.6, 186.8), (595.5, 260.1), (624.4, 333.5), (624.1, 331.0), (625.9, 272.3), (635.4, 234.4), (652.9, 219.4), (678.4, 231.5), (712.2, 261.4), (752.2, 195.1), (792.2, 149.2), (831.9, 125.4), (871.1, 126.0), (911.1, 160.1), (951.1, 198.3), (987.6, 132.0), (1016.1, 86.0), (1040.4, 90.5), (1071.9, 135.6), (1110.6, 207.4), (1150.6, 280.8), (1190.6, 354.1), (1230.6, 319.1), (1270.6, 307.2), (1310.6, 323.9), (1350.6, 368.0), (1390.6, 304.0), (1430.6, 320.9), (1470.6, 368.0), (1510.6, 304.0), (1550.6, 320.9), (1590.6, 368.0), (1630.6, 299.1), (1648.0, 250.6), (1648.8, 224.0), (1648.2, 221.1), (1647.9, 250.8), (1648.1, 314.8), (1653.6, 331.0), (1667.1, 307.6), (1688.6, 308.4), (1712.1, 342.9), (1712.4, 331.0), (1712.4, 272.3), (1712.4, 234.4), (1718.9, 219.4), (1733.4, 231.5), (1757.4, 186.5), (1782.6, 144.3), (1812.1, 166.2), (1849.5, 223.6), (1889.5, 186.5), (1929.5, 144.3), (1968.0, 166.2), (1968.0, 223.6), (1968.1, 186.5), (1968.1, 144.3), (1968.1, 166.2), (1968.1, 223.6), (1968.1, 186.5), (1968.1, 144.3), (1968.1, 166.2), (1968.1, 223.6), (1968.1, 186.5), (1968.1, 144.3), (1968.1, 166.2), (1968.1, 223.6), (1968.1, 186.5), (1968.1, 144.3), (1968.1, 166.2), (1968.1, 223.6), (1968.1, 186.5), (1968.1, 144.3), (1968.1, 166.2), (1968.1, 223.6), (1968.1, 186.5), (1968.1, 144.3), (1968.1, 166.2), (1968.1, 223.6), (1968.1, 186.5), (1968.1, 144.3), (1968.1, 166.2), (1968.1, 223.6), (1968.1, 186.5), (1968.1, 144.3), (1968.1, 166.2), (1968.1, 223.6), (1968.1, 186.5), (1968.1, 144.3), (1968.1, 166.2), (1968.1, 223.6)]",0,13.93
novice,mario,Mario1-2,Stuck,5,0,198.47,0.969,"[(112.0, 208.0), (116.5, 226.4), (129.0, 280.4), (149.5, 353.8), (180.2, 314.5), (219.0, 260.9), (259.0, 228.5), (299.0, 219.2), (339.0, 240.0), (379.0, 171.2), (419.0, 122.7), (459.0, 96.1), (499.0, 93.1), (539.0, 122.8), (579.0, 186.8), (619.0, 260.1), (659.0, 275.8), (699.0, 214.6), (739.0, 173.9), (779.0, 156.0), (819.0, 164.1), (859.0, 207.1), (899.0, 203.0), (939.0, 144.3), (979.0, 106.4), (1019.0, 91.4), (1059.0, 103.5), (1099.0, 151.0), (1139.0, 223.4), (1179.0, 296.8), (1219.0, 340.8), (1259.0, 311.6), (1299.0, 305.7), (1339.0, 331.3), (1379.0, 348.9), (1419.0, 285.1), (1424.4, 241.8), (1424.4, 254.2), (1424.4, 303.8), (1430.9, 368.0), (1448.4, 304.0), (1473.9, 320.9), (1507.4, 368.0), (1547.4, 304.0), (1587.4, 320.9), (1627.4, 358.1), (1667.4, 326.0), (1707.4, 317.0), (1712.4, 338.1), (1716.9, 368.0), (1748.6, 368.3), (1788.6, 368.0), (1828.6, 339.8), (1868.6, 306.5), (1908.6, 335.9), (1948.6, 331.4), (1988.6, 310.8), (2028.6, 315.3), (2068.6, 354.2), (2108.6, 314.5), (2128.8, 260.9), (2128.8, 228.5), (2128.8, 219.2), (2128.8, 240.0), (2128.8, 296.4), (2131.5, 368.0), (2146.0, 304.0), (2168.5, 320.9), (2199.0, 368.0), (2238.6, 304.0), (2278.6, 320.9), (2318.6, 368.0), (2358.6, 304.0), (2398.6, 320.9), (2438.6, 368.0), (2478.6, 304.0), (2518.6, 320.9), (2558.6, 368.0), (2598.6, 299.1), (2638.6, 250.6), (2672.1, 224.0), (2672.1, 221.1), (2672.1, 250.8), (2673.9, 314.8), (2684.1, 348.9), (2704.6, 285.1), (2733.1, 278.8), (2769.6, 318.5), (2809.6, 348.9), (2849.6, 285.1), (2889.6, 278.8), (2929.6, 318.5), (2969.6, 348.9), (3009.6, 285.1), (3049.6, 241.8), (3089.6, 221.0), (3129.6, 225.2), (3169.6, 263.8), (3209.6, 333.1), (3249.6, 331.0), (3280.1, 272.3), (3285.6, 234.4), (3299.1, 219.4), (3320.6, 231.5), (3350.5, 261.4), (3389.8, 196.1), (3429.8, 151.2), (3469.8, 128.5), (3509.8, 130.1), (3549.8, 165.3), (3589.8, 232.9), (3629.8, 306.2), (3664.0, 358.3), (3665.2, 292.0), (3673.8, 246.0), (3690.2, 222.3), (3714.8, 222.9), (3747.2, 257.0), (3786.5, 323.9), (3826.5, 339.8), (3856.1, 278.6), (3861.6, 237.9), (3875.1, 220.0), (3896.6, 228.1), (3926.1, 271.1), (3965.4, 202.3), (4005.4, 153.7), (4045.4, 127.1), (4085.4, 124.2), (4125.4, 153.9), (4165.4, 217.9), (4205.4, 291.2), (4240.0, 307.8), (4244.5, 246.6), (4257.0, 205.9), (4277.5, 188.0), (4306.0, 196.1), (4342.5, 239.1), (4382.5, 178.6), (4422.5, 127.6), (4462.5, 98.1), (4502.5, 91.9), (4542.5, 117.1), (4582.5, 177.6), (4622.5, 250.9), (4624.8, 324.3), (4633.4, 339.8), (4651.9, 306.5), (4678.4, 335.9), (4713.9, 339.8), (4753.9, 306.5), (4793.9, 335.9), (4833.9, 339.8), (4873.9, 278.6), (4913.9, 237.9), (4953.9, 220.0), (4993.9, 192.9), (5033.9, 131.7), (5073.9, 91.0), (5113.9, 84.8), (5153.9, 121.0), (5193.9, 189.1), (5233.9, 262.4), (5273.9, 210.3), (5313.9, 159.2), (5353.9, 129.7), (5393.9, 123.5), (5433.9, 148.8), (5473.9, 208.0), (5488.0, 139.1), (5488.0, 90.6), (5488.0, 87.4), (5488.0, 128.0), (5488.0, 198.3), (5488.1, 146.1), (5488.1, 95.0), (5488.1, 84.8), (5488.1, 121.0), (5488.1, 189.1), (5488.1, 153.9), (5488.1, 100.3), (5488.1, 82.8), (5488.1, 114.5), (5488.1, 179.9), (5488.8, 162.5), (5488.8, 107.4), (5488.8, 81.3), (5488.8, 108.6), (5488.8, 170.8), (5488.8, 170.5), (5488.8, 111.8), (5488.8, 80.4), (5488.8, 103.2), (5488.8, 161.6), (5488.1, 179.2), (5488.1, 118.0), (5488.1, 80.0), (5488.1, 98.4), (5488.1, 152.4), (5488.1, 188.5), (5488.1, 125.7), (5488.1, 83.5), (5488.1, 94.2), (5488.1, 143.8), (5488.5, 197.7), (5488.8, 131.4)]",0,27.45
novice,mario,Mario1-2,Stuck,1,0,198.12,0.969,"[(112.0, 208.0), (116.5, 226.4), (129.0, 280.4), (149.5, 353.8), (180.2, 314.5), (219.0, 260.9), (259.0, 228.5), (299.0, 219.2), (339.0, 240.0), (379.0, 171.2), (419.0, 122.7), (459.0, 96.1), (499.0, 93.1), (539.0, 122.8), (579.0, 186.8), (619.0, 260.1), (659.0, 275.8), (699.0, 214.6), (739.0, 173.9), (779.0, 156.0), (819.0, 164.1), (859.0, 207.1), (899.0, 203.0), (939.0, 144.3), (979.0, 106.4), (1019.0, 91.4), (1059.0, 103.5), (1099.0, 151.0), (1139.0, 223.4), (1179.0, 296.8), (1219.0, 340.8), (1259.0, 311.6), (1299.0, 305.7), (1339.0, 331.3), (1379.0, 348.9), (1419.0, 285.1), (1424.4, 241.8), (1424.4, 254.2), (1424.4, 303.8), (1430.9, 368.0), (1448.4, 304.0), (1473.9, 320.9), (1507.4, 368.0), (1547.4, 304.0), (1587.4, 320.9), (1627.4, 358.1), (1667.4, 326.0), (1707.4, 317.0), (1712.4, 338.1), (1716.9, 368.0), (1748.6, 368.3), (1788.6, 368.0), (1828.6, 339.8), (1868.6, 306.5), (1908.6, 335.9), (1948.6, 331.4), (1988.6, 310.8), (2028.6, 315.3), (2068.6, 354.2), (2108.6, 314.5), (2128.8, 260.9), (2128.8, 228.5), (2128.8, 219.2), (2128.8, 240.0), (2128.8, 296.4), (2131.5, 368.0), (2146.0, 304.0), (2168.5, 320.9), (2199.0, 368.0), (2238.6, 304.0), (2278.6, 320.9), (2318.6, 368.0), (2358.6, 304.0), (2398.6, 320.9), (2438.6, 368.0), (2478.6, 304.0), (2518.6, 320.9), (2558.6, 368.0), (2598.6, 299.1), (2638.6, 250.6), (2672.1, 224.0), (2672.1, 221.1), (2672.0, 250.8), (2675.5, 314.8), (2687.8, 348.9), (2710.2, 285.1), (2740.8, 278.8), (2778.9, 318.5), (2818.9, 348.9), (2858.9, 285.1), (2898.9, 278.8), (2938.9, 318.5), (2978.9, 348.9), (3018.9, 285.1), (3058.9, 241.8), (3098.9, 221.0), (3138.9, 225.2), (3178.9, 263.8), (3218.9, 333.1), (3258.9, 331.0), (3280.8, 272.3), (3288.2, 234.4), (3303.8, 219.4), (3327.2, 231.5), (3359.1, 261.4), (3399.0, 195.1), (3439.0, 149.2), (3479.0, 125.4), (3519.0, 126.0), (3559.0, 160.1), (3599.0, 227.0), (3639.0, 300.4), (3664.4, 368.0), (3664.8, 299.1), (3672.2, 250.6), (3687.8, 224.0), (3711.2, 221.1), (3742.8, 250.8), (3781.5, 314.8), (3820.2, 348.9), (3856.0, 285.1), (3860.5, 241.8), (3873.0, 221.0), (3893.5, 225.2), (3922.0, 263.8), (3960.4, 209.8), (4000.4, 158.7), (4040.4, 129.2), (4080.4, 123.0), (4120.4, 148.3), (4160.4, 208.7), (4200.4, 282.0), (4240.4, 316.9), (4243.5, 253.1), (4255.0, 209.8), (4274.5, 189.0), (4302.0, 193.2), (4337.5, 231.8), (4377.5, 186.5), (4417.5, 132.9), (4457.5, 100.5), (4497.5, 91.2), (4537.5, 112.0), (4577.5, 168.4), (4617.5, 241.8), (4624.4, 315.1), (4631.6, 348.9), (4649.1, 305.1), (4674.6, 330.4), (4708.9, 348.9), (4748.9, 305.1), (4788.9, 330.4), (4828.9, 348.9), (4868.9, 285.1), (4908.9, 241.8), (4948.9, 221.0), (4988.9, 202.0), (5028.9, 138.2), (5068.9, 94.9), (5108.9, 82.8), (5148.9, 114.5), (5188.9, 179.9), (5228.9, 253.3), (5268.9, 218.1), (5308.9, 164.5), (5348.9, 132.1), (5388.9, 122.8), (5428.9, 143.7), (5468.9, 200.0), (5488.8, 146.6), (5488.8, 95.6), (5488.8, 84.8), (5488.8, 121.0), (5488.8, 189.1), (5488.0, 153.9), (5488.0, 100.3), (5488.0, 82.8), (5488.0, 114.5), (5488.0, 179.9), (5488.0, 162.0), (5488.0, 105.9), (5488.0, 81.3), (5488.0, 108.6), (5488.0, 170.8), (5488.4, 170.5), (5488.4, 111.8), (5488.4, 80.4), (5488.4, 103.2), (5488.4, 161.6), (5488.4, 179.2), (5488.4, 118.0), (5488.4, 80.0), (5488.4, 98.4), (5488.4, 152.4), (5488.0, 188.3), (5488.0, 124.6), (5488.0, 81.3), (5488.0, 94.2), (5488.0, 143.8), (5488.0, 197.7), (5488.0, 131.4), (5488.0, 85.5), (5488.0, 90.5), (5488.0, 135.6), (5488.0, 207.4), (5488.4, 138.6), (5488.4, 90.1)]",0,27.47
novice,mario,Mario1-2,Stuck,2,0,196.46,0.969,"[(112.0, 208.0), (116.5, 226.4), (129.0, 280.4), (149.5, 353.8), (180.2, 314.5), (219.0, 260.9), (259.0, 228.5), (299.0, 219.2), (339.0, 240.0), (379.0, 171.2), (419.0, 122.7), (459.0, 96.1), (499.0, 93.1), (539.0, 122.8), (579.0, 186.8), (619.0, 260.1), (659.0, 275.8), (699.0, 214.6), (739.0, 173.9), (779.0, 156.0), (819.0, 164.1), (859.0, 207.1), (899.0, 203.0), (939.0, 144.3), (979.0, 106.4), (1019.0, 91.4), (1059.0, 103.5), (1099.0, 151.0), (1139.0, 223.4), (1179.0, 296.8), (1219.0, 340.8), (1259.0, 311.6), (1299.0, 305.7), (1339.0, 331.3), (1379.0, 348.9), (1419.0, 285.1), (1424.4, 241.8), (1424.4, 254.2), (1424.4, 303.8), (1430.9, 368.0), (1448.4, 304.0), (1473.9, 320.9), (1507.4, 368.0), (1547.4, 304.0), (1587.4, 320.9), (1627.4, 358.1), (1667.4, 326.0), (1707.4, 317.0), (1712.4, 338.1), (1716.9, 368.0), (1748.6, 368.3), (1788.6, 368.0), (1828.6, 339.8), (1868.6, 306.5), (1908.6, 335.9), (1948.6, 331.4), (1988.6, 310.8), (2028.6, 315.3), (2068.6, 354.2), (2108.6, 314.5), (2128.8, 261.1), (2128.8, 229.8), (2128.8, 221.6), (2128.8, 243.4), (2128.8, 300.8), (2131.5, 368.0), (2146.0, 304.0), (2168.5, 320.9), (2199.0, 368.0), (2238.6, 304.0), (2278.6, 320.9), (2318.6, 368.0), (2358.6, 304.0), (2398.6, 320.9), (2438.6, 368.0), (2478.6, 304.0), (2518.6, 320.9), (2558.6, 368.0), (2598.6, 299.1), (2638.6, 250.6), (2671.9, 224.0), (2671.6, 221.1), (2670.9, 250.8), (2674.4, 314.8), (2686.6, 348.9), (2709.1, 285.1), (2739.6, 278.8), (2777.8, 318.5), (2817.8, 348.9), (2857.8, 285.1), (2897.8, 278.8), (2937.8, 318.5), (2977.8, 348.9), (3017.8, 285.1), (3057.8, 241.8), (3097.8, 221.0), (3137.8, 225.2), (3177.8, 263.8), (3217.8, 333.1), (3257.8, 331.0), (3280.8, 272.3), (3288.2, 234.4), (3303.8, 219.4), (3327.2, 231.5), (3359.1, 261.4), (3399.0, 195.1), (3439.0, 149.2), (3479.0, 125.4), (3519.0, 126.0), (3559.0, 160.1), (3599.0, 227.0), (3639.0, 300.4), (3664.0, 368.0), (3663.0, 299.4), (3668.5, 251.2), (3682.0, 224.9), (3703.5, 222.3), (3733.0, 252.3), (3770.4, 316.4), (3810.4, 348.9), (3850.4, 285.1), (3858.6, 241.8), (3869.1, 221.0), (3887.6, 225.2), (3914.1, 263.8), (3951.1, 209.8), (3991.1, 158.7), (4031.1, 129.2), (4071.1, 123.0), (4111.1, 148.3), (4151.1, 208.7), (4191.1, 282.0), (4231.1, 316.9), (4242.6, 253.1), (4253.1, 209.8), (4271.6, 189.0), (4298.1, 193.2), (4332.6, 231.8), (4372.5, 186.5), (4412.5, 132.9), (4452.5, 100.5), (4492.5, 91.2), (4532.5, 112.0), (4572.5, 168.4), (4612.5, 241.8), (4624.4, 315.1), (4631.6, 348.9), (4649.1, 305.1), (4674.6, 330.4), (4708.9, 348.9), (4748.9, 305.1), (4788.9, 330.4), (4828.9, 348.9), (4868.9, 285.1), (4908.9, 241.8), (4948.9, 221.0), (4988.9, 202.0), (5028.9, 138.2), (5068.9, 94.9), (5108.9, 82.8), (5148.9, 114.5), (5188.9, 179.9), (5228.9, 253.3), (5268.9, 218.1), (5308.9, 164.5), (5348.9, 132.1), (5388.9, 122.8), (5428.9, 143.7), (5468.9, 200.0), (5488.0, 146.6), (5488.0, 95.6), (5488.0, 84.8), (5488.7, 121.0), (5488.7, 189.1), (5488.4, 153.9), (5488.9, 100.3), (5488.8, 82.8), (5488.0, 114.5), (5488.0, 179.9), (5487.0, 162.2), (5485.8, 106.4), (5488.1, 81.3), (5488.0, 108.6), (5488.0, 170.8), (5487.6, 170.6), (5485.9, 112.2), (5488.4, 80.4), (5488.8, 103.2), (5488.0, 161.6), (5488.1, 179.2), (5487.6, 118.0), (5488.0, 80.0), (5488.0, 98.4), (5488.0, 152.4), (5487.9, 188.4), (5486.1, 124.9), (5487.6, 81.9), (5488.4, 94.2), (5488.0, 143.8), (5488.0, 197.8), (5486.8, 131.7), (5486.5, 86.1), (5488.0, 90.5), (5488.0, 135.6), (5488.0, 207.4), (5487.6, 138.6), (5487.6, 90.1)]",0,27.47
novice,mario,Mario1-2,Stuck,4,0,198.25,0.969,"[(112.0, 208.0), (116.5, 226.4), (129.0, 280.4), (149.5, 353.8), (180.2, 314.5), (219.0, 260.9), (259.0, 228.5), (299.0, 219.2), (339.0, 240.0), (379.0, 171.2), (419.0, 122.7), (459.0, 96.1), (499.0, 93.1), (539.0, 122.8), (579.0, 186.8), (619.0, 260.1), (659.0, 275.8), (699.0, 214.6), (739.0, 173.9), (779.0, 156.0), (819.0, 164.1), (859.0, 207.1), (899.0, 203.0), (939.0, 144.3), (979.0, 106.4), (1019.0, 91.4), (1059.0, 103.5), (1099.0, 151.0), (1139.0, 223.4), (1179.0, 296.8), (1219.0, 340.8), (1259.0, 311.6), (1299.0, 305.7), (1339.0, 331.3), (1379.0, 348.9), (1419.0, 285.1), (1424.4, 241.8), (1424.4, 254.2), (1424.4, 303.8), (1430.9, 368.0), (1448.4, 304.0), (1473.9, 320.9), (1507.4, 368.0), (1547.4, 304.0), (1587.4, 320.9), (1627.4, 358.1), (1667.4, 326.0), (1707.4, 317.0), (1712.4, 338.1), (1716.9, 368.0), (1748.6, 368.3), (1788.6, 368.0), (1828.6, 339.8), (1868.6, 306.5), (1908.6, 335.9), (1948.6, 331.4), (1988.6, 310.8), (2028.6, 315.3), (2068.6, 354.2), (2108.6, 314.5), (2128.8, 260.9), (2128.8, 228.5), (2128.8, 219.2), (2128.8, 240.0), (2128.8, 296.4), (2131.5, 368.0), (2146.0, 304.0), (2168.5, 320.9), (2199.0, 368.0), (2238.6, 304.0), (2278.6, 320.9), (2318.6, 368.0), (2358.6, 304.0), (2398.6, 320.9), (2438.6, 368.0), (2478.6, 304.0), (2518.6, 320.9), (2558.6, 368.0), (2598.6, 299.1), (2638.6, 250.6), (2672.1, 224.0), (2672.1, 221.1), (2672.1, 250.8), (2673.9, 314.8), (2684.1, 348.9), (2704.6, 285.1), (2733.1, 278.8), (2769.6, 318.5), (2809.6, 348.9), (2849.6, 285.1), (2889.6, 278.8), (2929.6, 318.5), (2969.6, 348.9), (3009.6, 285.1), (3049.6, 241.8), (3089.6, 221.0), (3129.6, 225.2), (3169.6, 263.8), (3209.6, 333.1), (3249.6, 331.0), (3280.1, 272.3), (3285.6, 234.4), (3299.1, 219.4), (3320.6, 231.5), (3350.5, 261.4), (3389.8, 195.1), (3429.8, 149.2), (3469.8, 125.4), (3509.8, 126.0), (3549.8, 160.1), (3589.8, 227.0), (3629.8, 300.4), (3664.0, 368.0), (3664.4, 299.1), (3670.9, 250.6), (3685.4, 224.0), (3707.9, 221.1), (3738.4, 250.8), (3776.5, 314.8), (3816.5, 358.6), (3856.5, 292.3), (3859.5, 246.4), (3871.0, 222.7), (3890.5, 223.2), (3918.0, 257.4), (3955.4, 217.9), (3995.4, 164.3), (4035.4, 132.0), (4075.4, 122.7), (4115.4, 143.5), (4155.4, 199.9), (4195.4, 273.2), (4235.4, 326.3), (4242.6, 260.0), (4253.1, 214.0), (4271.6, 190.3), (4298.1, 190.9), (4332.6, 225.0), (4372.5, 194.6), (4412.5, 138.4), (4452.5, 103.3), (4492.5, 91.1), (4532.5, 107.5), (4572.5, 159.4), (4612.5, 232.6), (4624.1, 305.9), (4630.0, 358.3), (4646.5, 304.3), (4671.0, 325.3), (4703.9, 358.3), (4743.9, 304.3), (4783.9, 325.3), (4823.9, 358.3), (4863.9, 292.0), (4903.9, 246.0), (4943.9, 222.3), (4983.9, 210.3), (5023.9, 144.0), (5063.9, 98.0), (5103.9, 81.3), (5143.9, 108.6), (5183.9, 170.8), (5223.9, 244.1), (5263.9, 226.2), (5303.9, 170.1), (5343.9, 134.9), (5383.9, 122.7), (5423.9, 139.1), (5463.9, 191.0), (5488.4, 154.5), (5488.4, 100.9), (5488.4, 82.8), (5488.4, 114.5), (5488.4, 179.9), (5488.8, 162.0), (5488.8, 105.9), (5488.8, 81.3), (5488.8, 108.6), (5488.8, 170.8), (5488.8, 170.5), (5488.8, 111.8), (5488.8, 80.4), (5488.8, 103.2), (5488.8, 161.6), (5488.1, 179.2), (5488.1, 118.0), (5488.1, 80.0), (5488.1, 98.4), (5488.1, 152.4), (5488.1, 188.3), (5488.1, 124.6), (5488.1, 81.3), (5488.1, 94.2), (5488.1, 143.8), (5488.5, 197.7), (5488.8, 131.4), (5488.8, 85.5), (5488.8, 90.5), (5488.8, 135.6), (5488.8, 207.4), (5488.8, 138.6), (5488.8, 90.1), (5488.8, 87.4), (5488.8, 128.0), (5488.8, 198.3), (5488.1, 146.1), (5488.1, 95.0)]",0,27.48
novice,mario,Mario1-2,Enemy,1,0,192.63,0.077,"[(112.0, 208.0), (107.5, 226.4), (95.2, 280.4), (85.8, 353.8), (92.5, 368.0), (127.7, 368.0), (167.7, 368.0), (207.7, 368.0), (247.7, 368.0), (287.7, 368.0), (327.7, 368.0), (367.7, 368.0), (407.7, 368.0)]",0,1.72
novice,mario,Mario1-2,Enemy,6,0,210.43,0.172,"[(112.0, 208.0), (116.5, 226.4), (128.8, 280.4), (140.8, 353.8), (145.6, 322.9), (154.1, 266.8), (170.6, 231.6), (195.1, 219.5), (227.6, 235.9), (264.0, 287.8), (296.2, 361.0), (332.0, 306.6), (372.0, 317.0), (411.0, 363.8), (450.5, 306.6), (489.1, 317.0), (523.2, 363.8), (559.1, 306.6), (592.0, 255.6), (620.5, 226.1), (650.0, 219.9), (683.5, 245.1), (711.9, 253.2), (743.3, 189.5), (779.8, 146.2), (819.8, 125.3), (859.8, 129.5), (899.8, 168.2), (938.8, 237.5), (946.6, 310.8), (954.6, 368.4)]",0,4.12
novice,mario,Mario1-2,Stuck,1,0,9.09,0.039,"[(112.0, 208.0), (112.0, 226.4), (112.1, 280.4), (117.6, 353.8), (130.5, 314.5), (140.2, 260.9), (145.5, 228.5), (146.5, 219.2), (146.5, 240.0), (147.2, 296.4), (154.8, 368.0), (167.8, 299.1), (176.4, 250.6), (180.6, 224.0), (181.0, 221.1), (181.0, 250.8), (182.9, 314.8), (192.9, 348.9), (204.9, 285.1), (212.4, 241.8), (215.4, 221.0), (215.5, 225.2), (215.5, 263.8), (215.5, 333.1), (215.5, 331.2), (215.5, 272.8), (215.5, 235.2), (215.5, 220.4), (215.5, 232.8), (215.5, 280.6), (215.5, 353.1), (215.5, 314.7), (215.5, 261.4), (215.5, 229.3), (215.5, 220.3), (215.5, 241.4), (215.5, 298.1), (215.5, 368.0), (215.5, 299.4), (215.5, 251.2), (215.5, 224.9), (215.5, 222.3), (215.5, 252.3), (215.5, 316.4), (215.5, 332.7), (215.5, 309.3), (215.5, 310.1), (215.5, 344.6), (215.5, 319.5), (215.5, 304.7), (215.5, 317.1), (215.5, 364.9), (219.7, 306.6), (220.7, 255.6), (220.7, 226.1), (220.7, 219.9), (220.7, 245.1), (220.7, 305.6), (220.7, 358.3), (220.7, 292.3), (220.7, 246.7), (220.7, 223.2), (220.7, 224.1), (220.7, 258.5), (220.7, 325.6), (220.7, 339.9), (220.7, 279.0), (220.7, 238.6), (220.7, 221.0), (220.7, 229.3), (220.7, 272.7), (220.7, 343.9), (220.7, 322.8), (220.7, 266.9), (220.7, 232.1), (220.7, 220.2), (220.7, 236.9), (220.7, 289.1), (220.7, 362.3), (220.7, 306.9), (220.7, 256.1), (220.7, 226.9), (220.7, 221.0), (220.7, 246.6), (220.7, 307.3), (220.7, 358.3), (220.7, 292.3), (220.7, 246.7), (220.7, 223.2), (220.7, 224.1)]",0,11.95
novice,mario,Mario1-2,Stuck,1,2,137.9,0.347,"[(112.0, 208.0), (116.5, 226.4), (129.0, 280.4), (149.5, 353.8), (180.2, 314.5), (219.0, 260.9), (256.4, 228.5), (286.6, 219.2), (321.1, 240.0), (361.1, 171.2), (401.1, 122.7), (440.0, 96.1), (480.0, 93.1), (519.6, 122.8), (555.6, 186.8), (595.5, 260.1), (624.4, 333.5), (624.1, 331.0), (625.9, 272.3), (635.4, 234.4), (652.9, 219.4), (678.4, 231.5), (712.2, 261.4), (752.2, 195.1), (792.2, 149.2), (831.9, 125.4), (871.1, 126.0), (911.1, 160.1), (951.1, 198.3), (987.6, 132.0), (1016.1, 86.0), (1040.4, 90.5), (1071.9, 135.6), (1110.6, 207.4), (1150.6, 280.8), (1190.6, 354.1), (1230.6, 319.1), (1270.6, 307.2), (1310.6, 323.9), (1350.6, 368.0), (1390.6, 304.0), (1430.6, 320.9), (1470.6, 368.0), (1510.6, 304.0), (1550.6, 320.9), (1590.6, 368.0), (1630.6, 299.1), (1648.0, 250.6), (1648.8, 224.0), (1648.2, 221.1), (1647.9, 250.8), (1648.1, 314.8), (1653.6, 331.0), (1667.1, 307.6), (1688.6, 308.4), (1712.1, 342.9), (1712.4, 331.0), (1712.4, 272.3), (1712.4, 234.4), (1718.9, 219.4), (1733.4, 231.5), (1758.1, 186.5), (1791.6, 144.3), (1831.2, 166.2), (1871.2, 223.6), (1911.2, 186.5), (1951.2, 144.3), (1968.0, 166.2), (1968.0, 223.6), (1968.1, 186.5), (1968.1, 144.3), (1968.1, 166.2), (1968.1, 223.6), (1968.1, 186.5), (1968.1, 144.3), (1968.1, 166.2), (1968.1, 223.6), (1968.1, 186.5), (1968.1, 144.3), (1968.1, 166.2), (1968.1, 223.6), (1968.1, 186.5), (1968.1, 144.3), (1968.1, 166.2), (1968.1, 223.6), (1968.1, 186.5), (1968.1, 144.3), (1968.1, 166.2), (1968.1, 223.6), (1968.1, 186.5), (1968.1, 144.3), (1968.1, 166.2), (1968.1, 223.6), (1968.1, 186.5), (1968.1, 144.3), (1968.1, 166.2), (1968.1, 223.6), (1968.1, 186.5), (1968.1, 144.3), (1968.1, 166.2), (1968.1, 223.6), (1968.1, 186.5), (1968.1, 144.3), (1968.1, 166.2), (1968.1, 223.6)]",0,13.87
novice,mario,Mario1-2,Stuck,5,0,198.12,0.969,"[(112.0, 208.0), (116.5, 226.4), (129.0, 280.4), (149.5, 353.8), (180.2, 314.5), (219.0, 260.9), (259.0, 228.5), (299.0, 219.2), (339.0, 240.0), (379.0, 171.2), (419.0, 122.7), (459.0, 96.1), (499.0, 93.1), (539.0, 122.8), (579.0, 186.8), (619.0, 260.1), (659.0, 275.8), (699.0, 214.6), (739.0, 173.9), (779.0, 156.0), (819.0, 164.1), (859.0, 207.1), (899.0, 203.0), (939.0, 144.3), (979.0, 106.4), (1019.0, 91.4), (1059.0, 103.5), (1099.0, 151.0), (1139.0, 223.4), (1179.0, 296.8), (1219.0, 340.8), (1259.0, 311.6), (1299.0, 305.7), (1339.0, 331.3), (1379.0, 348.9), (1419.0, 285.1), (1424.4, 241.8), (1424.4, 254.2), (1424.4, 303.8), (1430.9, 368.0), (1448.4, 304.0), (1473.9, 320.9), (1507.4, 368.0), (1547.4, 304.0), (1587.4, 320.9), (1627.4, 358.1), (1667.4, 326.0), (1707.4, 317.0), (1712.4, 338.1), (1716.9, 368.0), (1748.6, 368.3), (1788.6, 368.0), (1828.6, 339.8), (1868.6, 306.5), (1908.6, 335.9), (1948.6, 331.4), (1988.6, 310.8), (2028.6, 315.3), (2068.6, 354.2), (2108.6, 314.5), (2128.8, 260.9), (2128.8, 228.5), (2128.8, 219.2), (2128.8, 240.0), (2128.8, 296.4), (2131.5, 368.0), (2146.0, 304.0), (2168.5, 320.9), (2199.0, 368.0), (2238.6, 304.0), (2278.6, 320.9), (2318.6, 368.0), (2358.6, 304.0), (2398.6, 320.9), (2438.6, 368.0), (2478.6, 304.0), (2518.6, 320.9), (2558.6, 368.0), (2598.6, 299.1), (2638.6, 250.6), (2672.1, 224.0), (2672.1, 221.1), (2672.1, 250.8), (2673.9, 314.8), (2684.1, 348.9), (2704.6, 285.1), (2733.1, 278.8), (2769.6, 318.5), (2809.6, 348.9), (2849.6, 285.1), (2889.6, 278.8), (2929.6, 318.5), (2969.6, 348.9), (3009.6, 285.1), (3049.6, 241.8), (3089.6, 221.0), (3129.6, 225.2), (3169.6, 263.8), (3209.6, 333.1), (3249.6, 331.0), (3280.1, 272.3), (3285.6, 234.4), (3299.1, 219.4), (3320.6, 231.5), (3350.5, 261.4), (3389.8, 195.1), (3429.8, 149.2), (3469.8, 125.4), (3509.8, 126.0), (3549.8, 160.1), (3589.8, 227.0), (3629.8, 300.4), (3664.0, 368.0), (3664.4, 299.1), (3670.9, 250.6), (3685.4, 224.0), (3707.9, 221.1), (3738.4, 250.8), (3776.5, 314.8), (3816.5, 348.9), (3856.5, 285.1), (3859.5, 241.8), (3871.0, 221.0), (3890.5, 225.2), (3918.0, 263.8), (3955.8, 209.8), (3995.8, 158.7), (4035.8, 129.2), (4075.8, 123.0), (4115.8, 148.3), (4155.8, 208.7), (4195.8, 282.0), (4235.8, 316.9), (4242.6, 253.1), (4253.1, 209.8), (4271.6, 189.0), (4298.1, 193.2), (4332.6, 231.8), (4372.5, 186.5), (4412.5, 132.9), (4452.5, 100.5), (4492.5, 91.2), (4532.5, 112.0), (4572.5, 168.4), (4612.5, 241.8), (4624.1, 315.1), (4630.4, 348.9), (4646.9, 305.1), (4671.4, 330.4), (4704.6, 348.9), (4744.6, 305.1), (4784.6, 330.4), (4824.6, 348.9), (4864.6, 285.1), (4904.6, 241.8), (4944.6, 221.0), (4984.6, 202.0), (5024.6, 138.2), (5064.6, 94.9), (5104.6, 82.8), (5144.6, 114.5), (5184.6, 179.9), (5224.6, 253.3), (5264.6, 218.1), (5304.6, 164.5), (5344.6, 132.1), (5384.6, 122.8), (5424.6, 143.7), (5464.6, 200.0), (5488.8, 146.6), (5488.8, 95.6), (5488.8, 84.8), (5488.8, 121.0), (5488.8, 189.1), (5488.0, 154.5), (5488.0, 102.0), (5488.0, 82.8), (5488.0, 114.5), (5488.0, 179.9), (5488.0, 162.0), (5488.0, 105.9), (5488.0, 81.3), (5488.0, 108.6), (5488.0, 170.8), (5488.4, 170.5), (5488.4, 111.8), (5488.4, 80.4), (5488.4, 103.2), (5488.4, 161.6), (5488.4, 179.5), (5488.4, 119.3), (5488.4, 80.0), (5488.4, 98.4), (5488.4, 152.4), (5488.0, 188.3), (5488.0, 124.6), (5488.0, 81.3), (5488.0, 94.2), (5488.0, 143.8), (5488.0, 197.7), (5488.0, 131.4), (5488.0, 85.5), (5488.0, 90.5), (5488.0, 135.6), (5488.0, 207.4), (5488.4, 139.5), (5488.4, 92.0)]",0,27.48
novice,mario,Mario1-2,Stall,1,0,6.42,0.048,"[(112.0, 208.0), (112.0, 226.4), (112.1, 280.4), (117.6, 353.8), (130.5, 314.5), (142.1, 260.9), (156.5, 228.5), (166.7, 219.2), (172.4, 240.0), (174.9, 296.4), (183.4, 368.0), (197.4, 299.1), (207.0, 250.6), (212.2, 224.0), (213.2, 221.1), (213.2, 250.8), (215.1, 314.8), (218.6, 348.9), (218.6, 285.4), (218.6, 242.4), (218.6, 221.8), (218.6, 226.2), (218.6, 265.1), (221.9, 334.5), (223.9, 331.2), (223.9, 272.7), (223.9, 235.0), (223.9, 220.2), (223.9, 232.6), (224.1, 280.3), (228.4, 352.8), (229.3, 314.6), (229.3, 261.3), (229.3, 229.2), (229.3, 220.1), (229.3, 241.2), (230.1, 297.8), (234.6, 368.0), (233.4, 299.4), (233.4, 251.1), (233.4, 224.7), (233.4, 222.1), (233.4, 252.0), (235.3, 316.2), (239.3, 332.4), (239.7, 309.0), (239.7, 309.8), (239.7, 344.3), (239.7, 331.2), (239.7, 272.8), (239.7, 235.2), (239.7, 220.4), (239.7, 232.8), (239.8, 280.6), (241.3, 353.1), (241.3, 314.7), (241.3, 261.4), (241.3, 229.3), (241.3, 220.3), (241.3, 241.4), (242.1, 298.1), (242.9, 368.0), (242.9, 299.4), (242.9, 251.2), (242.9, 224.9), (242.9, 222.3), (242.9, 252.3), (244.2, 316.4), (244.5, 349.0), (244.5, 285.5), (244.5, 242.5), (244.5, 221.9), (244.5, 226.4), (244.5, 265.3), (246.0, 334.8), (246.1, 331.2), (246.1, 272.8), (246.1, 235.2), (246.1, 220.4), (246.1, 232.8), (246.2, 280.6), (247.6, 353.1), (247.6, 314.7), (247.6, 261.4), (247.6, 229.3), (247.6, 220.3), (247.6, 241.4), (248.4, 298.1), (249.2, 368.0), (249.2, 299.4), (249.2, 251.2), (249.2, 224.9), (249.2, 222.3), (249.2, 252.3), (250.5, 316.4), (250.8, 349.0), (250.8, 285.5), (250.8, 242.5), (250.8, 221.9), (250.8, 226.4), (250.8, 265.3), (252.4, 334.8), (252.4, 331.2), (252.4, 272.8), (252.4, 235.2), (252.4, 220.4), (252.4, 232.8), (252.5, 280.6), (254.0, 353.1), (254.0, 314.7), (254.0, 261.4), (254.0, 229.3), (254.0, 220.3), (254.0, 241.4), (254.7, 298.1), (255.6, 368.0), (255.6, 299.4), (255.6, 251.2), (255.6, 224.9), (255.6, 222.3), (255.6, 252.3), (256.8, 316.4), (257.1, 349.0), (257.1, 285.5), (257.1, 242.5), (257.1, 221.9), (257.1, 226.4), (257.1, 265.3), (258.7, 334.8), (258.7, 331.2), (258.7, 272.8), (258.7, 235.2), (258.7, 220.4), (258.7, 232.8), (258.8, 280.6), (260.3, 353.1), (260.3, 314.7), (260.3, 261.4), (260.3, 229.3), (260.3, 220.3), (260.3, 241.4), (261.1, 298.1), (261.9, 368.0), (261.9, 299.4), (261.9, 251.2), (261.9, 224.9), (261.9, 222.3), (261.9, 252.3), (263.2, 316.4), (263.5, 349.0), (263.5, 285.5), (263.5, 242.5), (263.5, 221.9), (263.5, 226.4), (263.5, 265.3), (265.0, 334.8), (265.1, 331.2), (265.1, 272.8), (265.1, 235.2), (265.1, 220.4), (265.1, 232.8), (265.2, 280.6), (266.6, 353.1), (266.6, 314.7), (266.6, 261.4), (266.6, 229.3), (266.6, 220.3), (266.6, 241.4), (267.4, 298.1), (268.2, 368.0), (268.2, 299.4), (268.2, 251.2), (268.2, 224.9), (268.2, 222.3), (268.2, 252.3), (269.5, 316.4), (269.8, 349.0), (269.8, 285.5), (269.8, 242.5), (269.8, 221.9), (269.8, 226.4), (269.8, 265.3), (271.4, 334.8), (271.4, 331.2), (271.4, 272.8), (271.4, 235.2), (271.4, 220.4)]",0,24.82
novice,mario,Mario1-2,Stuck,4,0,198.25,0.969,"[(112.0, 208.0), (116.5, 226.4), (129.0, 280.4), (149.5, 353.8), (180.2, 314.5), (219.0, 260.9), (259.0, 228.5), (299.0, 219.2), (339.0, 240.0), (379.0, 171.2), (419.0, 122.7), (459.0, 96.1), (499.0, 93.1), (539.0, 122.8), (579.0, 186.8), (619.0, 260.1), (659.0, 275.8), (699.0, 214.6), (739.0, 173.9), (779.0, 156.0), (819.0, 164.1), (859.0, 207.1), (899.0, 203.0), (939.0, 144.3), (979.0, 106.4), (1019.0, 91.4), (1059.0, 103.5), (1099.0, 151.0), (1139.0, 223.4), (1179.0, 296.8), (1219.0, 340.8), (1259.0, 311.6), (1299.0, 305.7), (1339.0, 331.3), (1379.0, 348.9), (1419.0, 285.1), (1424.4, 241.8), (1424.4, 254.2), (1424.4, 303.8), (1430.9, 368.0), (1448.4, 304.0), (1473.9, 320.9), (1507.4, 368.0), (1547.4, 304.0), (1587.4, 320.9), (1627.4, 358.1), (1667.4, 326.0), (1707.4, 317.0), (1712.4, 338.1), (1716.9, 368.0), (1748.6, 368.3), (1788.6, 368.0), (1828.6, 339.8), (1868.6, 306.5), (1908.6, 335.9), (1948.6, 331.4), (1988.6, 310.8), (2028.6, 315.3), (2068.6, 354.2), (2108.6, 314.5), (2128.8, 260.9), (2128.8, 228.5), (2128.8, 219.2), (2128.8, 240.0), (2128.8, 296.4), (2131.5, 368.0), (2146.0, 304.0), (2168.5, 320.9), (2199.0, 368.0), (2238.6, 304.0), (2278.6, 320.9), (2318.6, 368.0), (2358.6, 304.0), (2398.6, 320.9), (2438.6, 368.0), (2478.6, 304.0), (2518.6, 320.9), (2558.6, 368.0), (2598.6, 299.1), (2638.6, 250.6), (2672.1, 224.0), (2672.1, 221.1), (2672.1, 250.8), (2673.9, 314.8), (2684.1, 348.9), (2704.6, 285.1), (2733.1, 278.8), (2769.6, 318.5), (2809.6, 348.9), (2849.6, 285.1), (2889.6, 278.8), (2929.6, 318.5), (2969.6, 348.9), (3009.6, 285.1), (3049.6, 241.8), (3089.6, 221.0), (3129.6, 225.2), (3169.6, 263.8), (3209.6, 333.1), (3249.6, 331.0), (3280.1, 272.3), (3285.6, 234.4), (3299.1, 219.4), (3320.6, 231.5), (3350.5, 261.4), (3389.8, 195.1), (3429.8, 149.2), (3469.8, 125.4), (3509.8, 126.0), (3549.8, 160.1), (3589.8, 227.0), (3629.8, 300.4), (3664.0, 368.0), (3664.4, 299.1), (3670.9, 250.6), (3685.4, 224.0), (3707.9, 221.1), (3738.4, 250.8), (3776.5, 314.8), (3816.5, 358.6), (3856.5, 292.3), (3859.5, 246.4), (3871.0, 222.7), (3890.5, 223.2), (3918.0, 257.4), (3955.4, 217.9), (3995.4, 164.3), (4035.4, 132.0), (4075.4, 122.7), (4115.4, 143.5), (4155.4, 199.9), (4195.4, 273.2), (4235.4, 326.3), (4242.6, 260.0), (4253.1, 214.0), (4271.6, 190.3), (4298.1, 190.9), (4332.6, 225.0), (4372.5, 194.6), (4412.5, 138.4), (4452.5, 103.3), (4492.5, 91.1), (4532.5, 107.5), (4572.5, 159.4), (4612.5, 232.6), (4624.1, 305.9), (4630.0, 358.3), (4646.5, 304.3), (4671.0, 325.3), (4703.9, 358.3), (4743.9, 304.3), (4783.9, 325.3), (4823.9, 358.3), (4863.9, 292.0), (4903.9, 246.0), (4943.9, 222.3), (4983.9, 210.3), (5023.9, 144.0), (5063.9, 98.0), (5103.9, 81.3), (5143.9, 108.6), (5183.9, 170.8), (5223.9, 244.1), (5263.9, 226.2), (5303.9, 170.1), (5343.9, 134.9), (5383.9, 122.7), (5423.9, 139.1), (5463.9, 191.0), (5488.4, 154.5), (5488.4, 100.9), (5488.4, 82.8), (5488.4, 114.5), (5488.4, 179.9), (5488.8, 162.0), (5488.8, 105.9), (5488.8, 81.3), (5488.8, 108.6), (5488.8, 170.8), (5488.8, 170.5), (5488.8, 111.8), (5488.8, 80.4), (5488.8, 103.2), (5488.8, 161.6), (5488.1, 179.2), (5488.1, 118.0), (5488.1, 80.0), (5488.1, 98.4), (5488.1, 152.4), (5488.1, 188.3), (5488.1, 124.6), (5488.1, 81.3), (5488.1, 94.2), (5488.1, 143.8), (5488.5, 197.7), (5488.8, 131.4), (5488.8, 85.5), (5488.8, 90.5), (5488.8, 135.6), (5488.8, 207.4), (5488.8, 138.6), (5488.8, 90.1), (5488.8, 87.4), (5488.8, 128.0), (5488.8, 198.3), (5488.1, 146.1), (5488.1, 95.0)]",0,27.48
novice,mario,Mario1-2,Stuck,2,0,196.46,0.969,"[(112.0, 208.0), (116.5, 226.4), (129.0, 280.4), (149.5, 353.8), (180.2, 314.5), (219.0, 260.9), (259.0, 228.5), (299.0, 219.2), (339.0, 240.0), (379.0, 171.2), (419.0, 122.7), (459.0, 96.1), (499.0, 93.1), (539.0, 122.8), (579.0, 186.8), (619.0, 260.1), (659.0, 275.8), (699.0, 214.6), (739.0, 173.9), (779.0, 156.0), (819.0, 164.1), (859.0, 207.1), (899.0, 203.0), (939.0, 144.3), (979.0, 106.4), (1019.0, 91.4), (1059.0, 103.5), (1099.0, 151.0), (1139.0, 223.4), (1179.0, 296.8), (1219.0, 340.8), (1259.0, 311.6), (1299.0, 305.7), (1339.0, 331.3), (1379.0, 348.9), (1419.0, 285.1), (1424.4, 241.8), (1424.4, 254.2), (1424.4, 303.8), (1430.9, 368.0), (1448.4, 304.0), (1473.9, 320.9), (1507.4, 368.0), (1547.4, 304.0), (1587.4, 320.9), (1627.4, 358.1), (1667.4, 326.0), (1707.4, 317.0), (1712.4, 338.1), (1716.9, 368.0), (1748.6, 368.3), (1788.6, 368.0), (1828.6, 339.8), (1868.6, 306.5), (1908.6, 335.9), (1948.6, 331.4), (1988.6, 310.8), (2028.6, 315.3), (2068.6, 354.2), (2108.6, 314.5), (2128.8, 261.1), (2128.8, 229.8), (2128.8, 221.6), (2128.8, 243.4), (2128.8, 300.8), (2131.5, 368.0), (2146.0, 304.0), (2168.5, 320.9), (2199.0, 368.0), (2238.6, 304.0), (2278.6, 320.9), (2318.6, 368.0), (2358.6, 304.0), (2398.6, 320.9), (2438.6, 368.0), (2478.6, 304.0), (2518.6, 320.9), (2558.6, 368.0), (2598.6, 299.1), (2638.6, 250.6), (2671.9, 224.0), (2671.6, 221.1), (2670.9, 250.8), (2674.4, 314.8), (2686.6, 348.9), (2709.1, 285.1), (2739.6, 278.8), (2777.8, 318.5), (2817.8, 348.9), (2857.8, 285.1), (2897.8, 278.8), (2937.8, 318.5), (2977.8, 348.9), (3017.8, 285.1), (3057.8, 241.8), (3097.8, 221.0), (3137.8, 225.2), (3177.8, 263.8), (3217.8, 333.1), (3257.8, 331.0), (3280.8, 272.3), (3288.2, 234.4), (3303.8, 219.4), (3327.2, 231.5), (3359.1, 261.4), (3399.0, 195.1), (3439.0, 149.2), (3479.0, 125.4), (3519.0, 126.0), (3559.0, 160.1), (3599.0, 227.0), (3639.0, 300.4), (3664.0, 368.0), (3663.0, 299.4), (3668.5, 251.2), (3682.0, 224.9), (3703.5, 222.3), (3733.0, 252.3), (3770.4, 316.4), (3810.4, 348.9), (3850.4, 285.1), (3858.6, 241.8), (3869.1, 221.0), (3887.6, 225.2), (3914.1, 263.8), (3951.1, 209.8), (3991.1, 158.7), (4031.1, 129.2), (4071.1, 123.0), (4111.1, 148.3), (4151.1, 208.7), (4191.1, 282.0), (4231.1, 316.9), (4242.6, 253.1), (4253.1, 209.8), (4271.6, 189.0), (4298.1, 193.2), (4332.6, 231.8), (4372.5, 186.5), (4412.5, 132.9), (4452.5, 100.5), (4492.5, 91.2), (4532.5, 112.0), (4572.5, 168.4), (4612.5, 241.8), (4624.4, 315.1), (4631.6, 348.9), (4649.1, 305.1), (4674.6, 330.4), (4708.9, 348.9), (4748.9, 305.1), (4788.9, 330.4), (4828.9, 348.9), (4868.9, 285.1), (4908.9, 241.8), (4948.9, 221.0), (4988.9, 202.0), (5028.9, 138.2), (5068.9, 94.9), (5108.9, 82.8), (5148.9, 114.5), (5188.9, 179.9), (5228.9, 253.3), (5268.9, 218.1), (5308.9, 164.5), (5348.9, 132.1), (5388.9, 122.8), (5428.9, 143.7), (5468.9, 200.0), (5488.0, 146.6), (5488.0, 95.6), (5488.0, 84.8), (5488.7, 121.0), (5488.7, 189.1), (5488.4, 153.9), (5488.9, 100.3), (5488.8, 82.8), (5488.0, 114.5), (5488.0, 179.9), (5487.0, 162.2), (5485.8, 106.4), (5488.1, 81.3), (5488.0, 108.6), (5488.0, 170.8), (5487.6, 170.6), (5485.9, 112.2), (5488.4, 80.4), (5488.8, 103.2), (5488.0, 161.6), (5488.1, 179.2), (5487.6, 118.0), (5488.0, 80.0), (5488.0, 98.4), (5488.0, 152.4), (5487.9, 188.4), (5486.1, 124.9), (5487.6, 81.9), (5488.4, 94.2), (5488.0, 143.8), (5488.0, 197.8), (5486.8, 131.7), (5486.5, 86.1), (5488.0, 90.5), (5488.0, 135.6), (5488.0, 207.4), (5487.6, 138.6), (5487.6, 90.1)]",0,27.47
novice,mario,Mario1-2,Stuck,1,0,198.12,0.969,"[(112.0, 208.0), (116.5, 226.4), (129.0, 280.4), (149.5, 353.8), (180.2, 314.5), (219.0, 260.9), (259.0, 228.5), (299.0, 219.2), (339.0, 240.0), (379.0, 171.2), (419.0, 122.7), (459.0, 96.1), (499.0, 93.1), (539.0, 122.8), (579.0, 186.8), (619.0, 260.1), (659.0, 275.8), (699.0, 214.6), (739.0, 173.9), (779.0, 156.0), (819.0, 164.1), (859.0, 207.1), (899.0, 203.0), (939.0, 144.3), (979.0, 106.4), (1019.0, 91.4), (1059.0, 103.5), (1099.0, 151.0), (1139.0, 223.4), (1179.0, 296.8), (1219.0, 340.8), (1259.0, 311.6), (1299.0, 305.7), (1339.0, 331.3), (1379.0, 348.9), (1419.0, 285.1), (1424.4, 241.8), (1424.4, 254.2), (1424.4, 303.8), (1430.9, 368.0), (1448.4, 304.0), (1473.9, 320.9), (1507.4, 368.0), (1547.4, 304.0), (1587.4, 320.9), (1627.4, 358.1), (1667.4, 326.0), (1707.4, 317.0), (1712.4, 338.1), (1716.9, 368.0), (1748.6, 368.3), (1788.6, 368.0), (1828.6, 339.8), (1868.6, 306.5), (1908.6, 335.9), (1948.6, 331.4), (1988.6, 310.8), (2028.6, 315.3), (2068.6, 354.2), (2108.6, 314.5), (2128.8, 260.9), (2128.8, 228.5), (2128.8, 219.2), (2128.8, 240.0), (2128.8, 296.4), (2131.5, 368.0), (2146.0, 304.0), (2168.5, 320.9), (2199.0, 368.0), (2238.6, 304.0), (2278.6, 320.9), (2318.6, 368.0), (2358.6, 304.0), (2398.6, 320.9), (2438.6, 368.0), (2478.6, 304.0), (2518.6, 320.9), (2558.6, 368.0), (2598.6, 299.1), (2638.6, 250.6), (2672.1, 224.0), (2672.1, 221.1), (2672.0, 250.8), (2675.5, 314.8), (2687.8, 348.9), (2710.2, 285.1), (2740.8, 278.8), (2778.9, 318.5), (2818.9, 348.9), (2858.9, 285.1), (2898.9, 278.8), (2938.9, 318.5), (2978.9, 348.9), (3018.9, 285.1), (3058.9, 241.8), (3098.9, 221.0), (3138.9, 225.2), (3178.9, 263.8), (3218.9, 333.1), (3258.9, 331.0), (3280.8, 272.3), (3288.2, 234.4), (3303.8, 219.4), (3327.2, 231.5), (3359.1, 261.4), (3399.0, 195.1), (3439.0, 149.2), (3479.0, 125.4), (3519.0, 126.0), (3559.0, 160.1), (3599.0, 227.0), (3639.0, 300.4), (3664.4, 368.0), (3664.8, 299.1), (3672.2, 250.6), (3687.8, 224.0), (3711.2, 221.1), (3742.8, 250.8), (3781.5, 314.8), (3820.2, 348.9), (3856.0, 285.1), (3860.5, 241.8), (3873.0, 221.0), (3893.5, 225.2), (3922.0, 263.8), (3960.4, 209.8), (4000.4, 158.7), (4040.4, 129.2), (4080.4, 123.0), (4120.4, 148.3), (4160.4, 208.7), (4200.4, 282.0), (4240.4, 316.9), (4243.5, 253.1), (4255.0, 209.8), (4274.5, 189.0), (4302.0, 193.2), (4337.5, 231.8), (4377.5, 186.5), (4417.5, 132.9), (4457.5, 100.5), (4497.5, 91.2), (4537.5, 112.0), (4577.5, 168.4), (4617.5, 241.8), (4624.4, 315.1), (4631.6, 348.9), (4649.1, 305.1), (4674.6, 330.4), (4708.9, 348.9), (4748.9, 305.1), (4788.9, 330.4), (4828.9, 348.9), (4868.9, 285.1), (4908.9, 241.8), (4948.9, 221.0), (4988.9, 202.0), (5028.9, 138.2), (5068.9, 94.9), (5108.9, 82.8), (5148.9, 114.5), (5188.9, 179.9), (5228.9, 253.3), (5268.9, 218.1), (5308.9, 164.5), (5348.9, 132.1), (5388.9, 122.8), (5428.9, 143.7), (5468.9, 200.0), (5488.8, 146.6), (5488.8, 95.6), (5488.8, 84.8), (5488.8, 121.0), (5488.8, 189.1), (5488.0, 153.9), (5488.0, 100.3), (5488.0, 82.8), (5488.0, 114.5), (5488.0, 179.9), (5488.0, 162.0), (5488.0, 105.9), (5488.0, 81.3), (5488.0, 108.6), (5488.0, 170.8), (5488.4, 170.5), (5488.4, 111.8), (5488.4, 80.4), (5488.4, 103.2), (5488.4, 161.6), (5488.4, 179.2), (5488.4, 118.0), (5488.4, 80.0), (5488.4, 98.4), (5488.4, 152.4), (5488.0, 188.3), (5488.0, 124.6), (5488.0, 81.3), (5488.0, 94.2), (5488.0, 143.8), (5488.0, 197.7), (5488.0, 131.4), (5488.0, 85.5), (5488.0, 90.5), (5488.0, 135.6), (5488.0, 207.4), (5488.4, 138.6), (5488.4, 90.1)]",0,27.47
novice,mario,Mario1-2,Stuck,5,0,198.47,0.969,"[(112.0, 208.0), (116.5, 226.4), (129.0, 280.4), (149.5, 353.8), (180.2, 314.5), (219.0, 260.9), (259.0, 228.5), (299.0, 219.2), (339.0, 240.0), (379.0, 171.2), (419.0, 122.7), (459.0, 96.1), (499.0, 93.1), (539.0, 122.8), (579.0, 186.8), (619.0, 260.1), (659.0, 275.8), (699.0, 214.6), (739.0, 173.9), (779.0, 156.0), (819.0, 164.1), (859.0, 207.1), (899.0, 203.0), (939.0, 144.3), (979.0, 106.4), (1019.0, 91.4), (1059.0, 103.5), (1099.0, 151.0), (1139.0, 223.4), (1179.0, 296.8), (1219.0, 340.8), (1259.0, 311.6), (1299.0, 305.7), (1339.0, 331.3), (1379.0, 348.9), (1419.0, 285.1), (1424.4, 241.8), (1424.4, 254.2), (1424.4, 303.8), (1430.9, 368.0), (1448.4, 304.0), (1473.9, 320.9), (1507.4, 368.0), (1547.4, 304.0), (1587.4, 320.9), (1627.4, 358.1), (1667.4, 326.0), (1707.4, 317.0), (1712.4, 338.1), (1716.9, 368.0), (1748.6, 368.3), (1788.6, 368.0), (1828.6, 339.8), (1868.6, 306.5), (1908.6, 335.9), (1948.6, 331.4), (1988.6, 310.8), (2028.6, 315.3), (2068.6, 354.2), (2108.6, 314.5), (2128.8, 260.9), (2128.8, 228.5), (2128.8, 219.2), (2128.8, 240.0), (2128.8, 296.4), (2131.5, 368.0), (2146.0, 304.0), (2168.5, 320.9), (2199.0, 368.0), (2238.6, 304.0), (2278.6, 320.9), (2318.6, 368.0), (2358.6, 304.0), (2398.6, 320.9), (2438.6, 368.0), (2478.6, 304.0), (2518.6, 320.9), (2558.6, 368.0), (2598.6, 299.1), (2638.6, 250.6), (2672.1, 224.0), (2672.1, 221.1), (2672.1, 250.8), (2673.9, 314.8), (2684.1, 348.9), (2704.6, 285.1), (2733.1, 278.8), (2769.6, 318.5), (2809.6, 348.9), (2849.6, 285.1), (2889.6, 278.8), (2929.6, 318.5), (2969.6, 348.9), (3009.6, 285.1), (3049.6, 241.8), (3089.6, 221.0), (3129.6, 225.2), (3169.6, 263.8), (3209.6, 333.1), (3249.6, 331.0), (3280.1, 272.3), (3285.6, 234.4), (3299.1, 219.4), (3320.6, 231.5), (3350.5, 261.4), (3389.8, 196.1), (3429.8, 151.2), (3469.8, 128.5), (3509.8, 130.1), (3549.8, 165.3), (3589.8, 232.9), (3629.8, 306.2), (3664.0, 358.3), (3665.2, 292.0), (3673.8, 246.0), (3690.2, 222.3), (3714.8, 222.9), (3747.2, 257.0), (3786.5, 323.9), (3826.5, 339.8), (3856.1, 278.6), (3861.6, 237.9), (3875.1, 220.0), (3896.6, 228.1), (3926.1, 271.1), (3965.4, 202.3), (4005.4, 153.7), (4045.4, 127.1), (4085.4, 124.2), (4125.4, 153.9), (4165.4, 217.9), (4205.4, 291.2), (4240.0, 307.8), (4244.5, 246.6), (4257.0, 205.9), (4277.5, 188.0), (4306.0, 196.1), (4342.5, 239.1), (4382.5, 178.6), (4422.5, 127.6), (4462.5, 98.1), (4502.5, 91.9), (4542.5, 117.1), (4582.5, 177.6), (4622.5, 250.9), (4624.8, 324.3), (4633.4, 339.8), (4651.9, 306.5), (4678.4, 335.9), (4713.9, 339.8), (4753.9, 306.5), (4793.9, 335.9), (4833.9, 339.8), (4873.9, 278.6), (4913.9, 237.9), (4953.9, 220.0), (4993.9, 192.9), (5033.9, 131.7), (5073.9, 91.0), (5113.9, 84.8), (5153.9, 121.0), (5193.9, 189.1), (5233.9, 262.4), (5273.9, 210.3), (5313.9, 159.2), (5353.9, 129.7), (5393.9, 123.5), (5433.9, 148.8), (5473.9, 208.0), (5488.0, 139.1), (5488.0, 90.6), (5488.0, 87.4), (5488.0, 128.0), (5488.0, 198.3), (5488.1, 146.1), (5488.1, 95.0), (5488.1, 84.8), (5488.1, 121.0), (5488.1, 189.1), (5488.1, 153.9), (5488.1, 100.3), (5488.1, 82.8), (5488.1, 114.5), (5488.1, 179.9), (5488.8, 162.5), (5488.8, 107.4), (5488.8, 81.3), (5488.8, 108.6), (5488.8, 170.8), (5488.8, 170.5), (5488.8, 111.8), (5488.8, 80.4), (5488.8, 103.2), (5488.8, 161.6), (5488.1, 179.2), (5488.1, 118.0), (5488.1, 80.0), (5488.1, 98.4), (5488.1, 152.4), (5488.1, 188.5), (5488.1, 125.7), (5488.1, 83.5), (5488.1, 94.2), (5488.1, 143.8), (5488.5, 197.7), (5488.8, 131.4)]",0,27.45
novice,mario,Mario1-2,Stuck,4,0,198.12,0.969,"[(112.0, 208.0), (116.5, 226.4), (129.0, 280.4), (149.5, 353.8), (180.2, 314.5), (219.0, 260.9), (259.0, 228.5), (299.0, 219.2), (339.0, 240.0), (379.0, 171.2), (419.0, 122.7), (459.0, 96.1), (499.0, 93.1), (539.0, 122.8), (579.0, 186.8), (619.0, 260.1), (659.0, 275.8), (699.0, 214.6), (739.0, 173.9), (779.0, 156.0), (819.0, 164.1), (859.0, 207.1), (899.0, 203.0), (939.0, 144.3), (979.0, 106.4), (1019.0, 91.4), (1059.0, 103.5), (1099.0, 151.0), (1139.0, 223.4), (1179.0, 296.8), (1219.0, 340.8), (1259.0, 311.6), (1299.0, 305.7), (1339.0, 331.3), (1379.0, 348.9), (1419.0, 285.1), (1424.4, 241.8), (1424.4, 254.2), (1424.4, 303.8), (1430.9, 368.0), (1448.4, 304.0), (1473.9, 320.9), (1507.4, 368.0), (1547.4, 304.0), (1587.4, 320.9), (1627.4, 358.1), (1667.4, 326.0), (1707.4, 317.0), (1712.4, 338.1), (1716.9, 368.0), (1748.6, 368.3), (1788.6, 368.0), (1828.6, 339.8), (1868.6, 306.5), (1908.6, 335.9), (1948.6, 331.4), (1988.6, 310.8), (2028.6, 315.3), (2068.6, 354.2), (2108.6, 314.5), (2128.8, 260.9), (2128.8, 228.5), (2128.8, 219.2), (2128.8, 240.0), (2128.8, 296.4), (2131.5, 368.0), (2146.0, 304.0), (2168.5, 320.9), (2199.0, 368.0), (2238.6, 304.0), (2278.6, 320.9), (2318.6, 368.0), (2358.6, 304.0), (2398.6, 320.9), (2438.6, 368.0), (2478.6, 304.0), (2518.6, 320.9), (2558.6, 368.0), (2598.6, 299.1), (2638.6, 250.6), (2672.1, 224.0), (2672.1, 221.1), (2672.1, 250.8), (2673.9, 314.8), (2684.1, 348.9), (2704.6, 285.1), (2733.1, 278.8), (2769.6, 318.5), (2809.6, 348.9), (2849.6, 285.1), (2889.6, 278.8), (2929.6, 318.5), (2969.6, 348.9), (3009.6, 285.1), (3049.6, 241.8), (3089.6, 221.0), (3129.6, 225.2), (3169.6, 263.8), (3209.6, 333.1), (3249.6, 331.0), (3280.1, 272.3), (3285.6, 234.4), (3299.1, 219.4), (3320.6, 231.5), (3350.5, 261.4), (3389.8, 195.1), (3429.8, 149.2), (3469.8, 125.4), (3509.8, 126.0), (3549.8, 160.1), (3589.8, 227.0), (3629.8, 300.4), (3664.0, 368.0), (3664.4, 299.1), (3670.9, 250.6), (3685.4, 224.0), (3707.9, 221.1), (3738.4, 250.8), (3776.5, 314.8), (3816.5, 348.9), (3856.5, 285.1), (3859.5, 241.8), (3871.0, 221.0), (3890.5, 225.2), (3918.0, 263.8), (3955.8, 209.8), (3995.8, 158.7), (4035.8, 129.2), (4075.8, 123.0), (4115.8, 148.3), (4155.8, 208.7), (4195.8, 282.0), (4235.8, 316.9), (4242.6, 253.1), (4253.1, 209.8), (4271.6, 189.0), (4298.1, 193.2), (4332.6, 231.8), (4372.5, 186.5), (4412.5, 132.9), (4452.5, 100.5), (4492.5, 91.2), (4532.5, 112.0), (4572.5, 168.4), (4612.5, 241.8), (4624.1, 315.1), (4630.4, 348.9), (4646.9, 305.1), (4671.4, 330.4), (4704.6, 348.9), (4744.6, 305.1), (4784.6, 330.4), (4824.6, 348.9), (4864.6, 285.1), (4904.6, 241.8), (4944.6, 221.0), (4984.6, 202.0), (5024.6, 138.2), (5064.6, 94.9), (5104.6, 82.8), (5144.6, 114.5), (5184.6, 179.9), (5224.6, 253.3), (5264.6, 218.1), (5304.6, 164.5), (5344.6, 132.1), (5384.6, 122.8), (5424.6, 143.7), (5464.6, 200.0), (5488.8, 146.6), (5488.8, 95.6), (5488.8, 84.8), (5488.8, 121.0), (5488.8, 189.1), (5488.0, 154.5), (5488.0, 102.0), (5488.0, 82.8), (5488.0, 114.5), (5488.0, 179.9), (5488.0, 162.0), (5488.0, 105.9), (5488.0, 81.3), (5488.0, 108.6), (5488.0, 170.8), (5488.4, 170.5), (5488.4, 111.8), (5488.4, 80.4), (5488.4, 103.2), (5488.4, 161.6), (5488.4, 179.5), (5488.4, 119.3), (5488.4, 80.0), (5488.4, 98.4), (5488.4, 152.4), (5488.0, 188.3), (5488.0, 124.6), (5488.0, 81.3), (5488.0, 94.2), (5488.0, 143.8), (5488.0, 197.7), (5488.0, 131.4), (5488.0, 85.5), (5488.0, 90.5), (5488.0, 135.6), (5488.0, 207.4), (5488.4, 139.5), (5488.4, 92.0)]",0,27.48
novice,mario,Mario1-2,Enemy,2,0,250.76,0.286,"[(112.0, 208.0), (116.5, 226.4), (129.0, 280.4), (149.5, 353.8), (180.2, 314.5), (219.0, 260.9), (259.0, 228.5), (299.0, 219.2), (339.0, 240.0), (379.0, 171.2), (419.0, 122.7), (459.0, 96.1), (499.0, 93.1), (539.0, 122.8), (579.0, 186.8), (619.0, 260.1), (659.0, 275.8), (699.0, 214.6), (739.0, 173.9), (779.0, 156.0), (819.0, 164.1), (859.0, 207.1), (899.0, 203.0), (939.0, 144.3), (979.0, 106.4), (1019.0, 91.4), (1059.0, 103.5), (1099.0, 151.0), (1139.0, 223.4), (1179.0, 296.8), (1219.0, 340.8), (1259.0, 311.6), (1299.0, 305.7), (1339.0, 331.3), (1379.0, 349.0), (1419.0, 286.3), (1424.4, 244.0), (1424.4, 250.5), (1424.4, 295.6), (1426.6, 367.4), (1439.8, 306.6), (1461.2, 317.0), (1490.8, 363.8), (1529.6, 306.6), (1569.6, 317.0), (1609.6, 363.8)]",0,6.05
novice,mario,Mario1-2,Stuck,5,0,198.12,0.969,"[(112.0, 208.0), (116.5, 226.4), (129.0, 280.4), (149.5, 353.8), (180.2, 314.5), (219.0, 260.9), (259.0, 228.5), (299.0, 219.2), (339.0, 240.0), (379.0, 171.2), (419.0, 122.7), (459.0, 96.1), (499.0, 93.1), (539.0, 122.8), (579.0, 186.8), (619.0, 260.1), (659.0, 275.8), (699.0, 214.6), (739.0, 173.9), (779.0, 156.0), (819.0, 164.1), (859.0, 207.1), (899.0, 203.0), (939.0, 144.3), (979.0, 106.4), (1019.0, 91.4), (1059.0, 103.5), (1099.0, 151.0), (1139.0, 223.4), (1179.0, 296.8), (1219.0, 340.8), (1259.0, 311.6), (1299.0, 305.7), (1339.0, 331.3), (1379.0, 348.9), (1419.0, 285.1), (1424.4, 241.8), (1424.4, 254.2), (1424.4, 303.8), (1430.9, 368.0), (1448.4, 304.0), (1473.9, 320.9), (1507.4, 368.0), (1547.4, 304.0), (1587.4, 320.9), (1627.4, 358.1), (1667.4, 326.0), (1707.4, 317.0), (1712.4, 338.1), (1716.9, 368.0), (1748.6, 368.3), (1788.6, 368.0), (1828.6, 339.8), (1868.6, 306.5), (1908.6, 335.9), (1948.6, 331.4), (1988.6, 310.8), (2028.6, 315.3), (2068.6, 354.2), (2108.6, 314.5), (2128.8, 260.9), (2128.8, 228.5), (2128.8, 219.2), (2128.8, 240.0), (2128.8, 296.4), (2131.5, 368.0), (2146.0, 304.0), (2168.5, 320.9), (2199.0, 368.0), (2238.6, 304.0), (2278.6, 320.9), (2318.6, 368.0), (2358.6, 304.0), (2398.6, 320.9), (2438.6, 368.0), (2478.6, 304.0), (2518.6, 320.9), (2558.6, 368.0), (2598.6, 299.1), (2638.6, 250.6), (2672.1, 224.0), (2672.1, 221.1), (2672.1, 250.8), (2673.9, 314.8), (2684.1, 348.9), (2704.6, 285.1), (2733.1, 278.8), (2769.6, 318.5), (2809.6, 348.9), (2849.6, 285.1), (2889.6, 278.8), (2929.6, 318.5), (2969.6, 348.9), (3009.6, 285.1), (3049.6, 241.8), (3089.6, 221.0), (3129.6, 225.2), (3169.6, 263.8), (3209.6, 333.1), (3249.6, 331.0), (3280.1, 272.3), (3285.6, 234.4), (3299.1, 219.4), (3320.6, 231.5), (3350.5, 261.4), (3389.8, 195.1), (3429.8, 149.2), (3469.8, 125.4), (3509.8, 126.0), (3549.8, 160.1), (3589.8, 227.0), (3629.8, 300.4), (3664.0, 368.0), (3664.4, 299.1), (3670.9, 250.6), (3685.4, 224.0), (3707.9, 221.1), (3738.4, 250.8), (3776.5, 314.8), (3816.5, 348.9), (3856.5, 285.1), (3859.5, 241.8), (3871.0, 221.0), (3890.5, 225.2), (3918.0, 263.8), (3955.8, 209.8), (3995.8, 158.7), (4035.8, 129.2), (4075.8, 123.0), (4115.8, 148.3), (4155.8, 208.7), (4195.8, 282.0), (4235.8, 316.9), (4242.6, 253.1), (4253.1, 209.8), (4271.6, 189.0), (4298.1, 193.2), (4332.6, 231.8), (4372.5, 186.5), (4412.5, 132.9), (4452.5, 100.5), (4492.5, 91.2), (4532.5, 112.0), (4572.5, 168.4), (4612.5, 241.8), (4624.1, 315.1), (4630.4, 348.9), (4646.9, 305.1), (4671.4, 330.4), (4704.6, 348.9), (4744.6, 305.1), (4784.6, 330.4), (4824.6, 348.9), (4864.6, 285.1), (4904.6, 241.8), (4944.6, 221.0), (4984.6, 202.0), (5024.6, 138.2), (5064.6, 94.9), (5104.6, 82.8), (5144.6, 114.5), (5184.6, 179.9), (5224.6, 253.3), (5264.6, 218.1), (5304.6, 164.5), (5344.6, 132.1), (5384.6, 122.8), (5424.6, 143.7), (5464.6, 200.0), (5488.8, 146.6), (5488.8, 95.6), (5488.8, 84.8), (5488.8, 121.0), (5488.8, 189.1), (5488.0, 154.5), (5488.0, 102.0), (5488.0, 82.8), (5488.0, 114.5), (5488.0, 179.9), (5488.0, 162.0), (5488.0, 105.9), (5488.0, 81.3), (5488.0, 108.6), (5488.0, 170.8), (5488.4, 170.5), (5488.4, 111.8), (5488.4, 80.4), (5488.4, 103.2), (5488.4, 161.6), (5488.4, 179.5), (5488.4, 119.3), (5488.4, 80.0), (5488.4, 98.4), (5488.4, 152.4), (5488.0, 188.3), (5488.0, 124.6), (5488.0, 81.3), (5488.0, 94.2), (5488.0, 143.8), (5488.0, 197.7), (5488.0, 131.4), (5488.0, 85.5), (5488.0, 90.5), (5488.0, 135.6), (5488.0, 207.4), (5488.4, 139.5), (5488.4, 92.0)]",0,27.48
novice,mario,Mario1-2,Pit,24,0,221.42,0.466,"[(112.0, 208.0), (116.5, 226.4), (128.8, 280.4), (140.8, 353.8), (149.4, 314.5), (164.9, 260.9), (188.4, 228.5), (219.9, 219.2), (258.7, 240.0), (298.2, 296.4), (334.1, 368.0), (368.6, 304.0), (408.5, 320.9), (448.0, 345.1), (486.0, 315.8), (519.6, 309.9), (548.8, 335.5), (560.1, 339.9), (565.6, 279.0), (579.1, 238.6), (600.6, 221.0), (626.0, 229.3), (653.6, 272.7), (682.9, 267.0), (716.3, 208.3), (755.1, 170.4), (795.1, 155.4), (833.2, 167.5), (872.1, 215.0), (907.4, 262.3), (946.7, 196.0), (986.6, 150.0), (1026.6, 126.3), (1066.6, 126.9), (1106.6, 161.0), (1146.6, 227.9), (1183.5, 301.3), (1216.0, 345.3), (1246.0, 316.1), (1278.8, 310.2), (1311.3, 335.8), (1339.4, 339.8), (1369.9, 306.8), (1401.4, 338.5), (1427.5, 358.3), (1457.0, 304.3), (1491.6, 326.9), (1522.3, 343.2), (1548.6, 316.8), (1575.1, 314.2), (1601.8, 344.2), (1628.2, 318.6), (1662.4, 304.0), (1699.1, 322.4), (1712.8, 368.0), (1733.8, 368.3), (1773.6, 368.0), (1813.6, 368.0), (1853.6, 304.0), (1891.7, 322.1), (1925.3, 368.0), (1963.8, 304.0), (2001.9, 322.1), (2035.5, 368.0), (2074.0, 299.1), (2114.0, 251.8), (2128.1, 227.7), (2128.1, 227.7), (2128.1, 261.4), (2129.9, 328.1), (2140.5, 339.8), (2161.0, 306.5), (2188.3, 337.6), (2213.6, 349.2), (2244.6, 305.2), (2275.2, 332.2), (2302.7, 348.9), (2337.3, 305.2), (2371.6, 332.2), (2402.8, 348.9), (2440.8, 305.2), (2477.8, 332.2), (2511.6, 348.9), (2551.1, 305.1), (2591.1, 330.4), (2630.9, 390.2)]",0,11.42
novice,mario,Mario1-2,Stuck,7,0,-9.99,0.009,"[(112.0, 208.0), (107.5, 226.4), (95.0, 280.4), (74.5, 353.8), (48.0, 322.9), (51.5, 266.8), (57.8, 231.6), (56.2, 219.5), (48.0, 235.9), (48.0, 287.8), (48.4, 361.0), (57.5, 306.6), (75.0, 255.6), (91.5, 226.1), (100.0, 219.9), (100.5, 245.1), (93.0, 305.6), (77.1, 358.3), (50.6, 292.0), (48.0, 246.0), (48.0, 222.3), (48.0, 222.9), (48.0, 257.0), (48.0, 323.9), (51.8, 339.8), (65.2, 278.6), (84.2, 237.9), (96.8, 220.0), (101.2, 228.1), (97.8, 271.1), (86.2, 342.3), (64.9, 322.6), (48.0, 266.4), (48.0, 231.3), (48.0, 219.1), (48.0, 235.5), (48.0, 287.4), (48.4, 360.6)]",0,5.02
novice,mario,Mario1-2,Enemy,9,0,116.12,0.219,"[(112.0, 208.0), (116.5, 226.4), (129.0, 280.4), (149.5, 353.8), (183.6, 368.0), (223.6, 368.0), (263.6, 368.0), (303.6, 299.1), (303.0, 250.6), (308.5, 224.0), (322.0, 221.1), (344.2, 220.9), (376.8, 157.2), (415.6, 113.9), (449.1, 93.0), (474.6, 97.2), (492.1, 135.8), (502.4, 205.1), (516.2, 278.5), (538.0, 351.8), (560.4, 314.9), (566.9, 262.0), (578.4, 230.4), (594.9, 221.8), (619.4, 243.3), (651.9, 300.4), (688.0, 304.4), (688.0, 327.2), (688.0, 358.3), (688.0, 292.7), (689.2, 247.5), (697.8, 224.4), (714.2, 225.7), (738.8, 260.5), (752.0, 282.5), (752.0, 327.6), (752.1, 339.8), (752.1, 278.6), (752.1, 237.9), (757.6, 220.0), (771.1, 228.1), (794.5, 194.6), (827.0, 138.5), (858.5, 103.3), (882.1, 91.2), (900.0, 107.5), (916.4, 159.5), (940.2, 232.6), (944.2, 244.1), (944.8, 184.0), (952.0, 144.5), (956.5, 127.6), (956.6, 136.8), (960.1, 181.0), (973.1, 171.0), (986.6, 112.3), (992.1, 80.4), (992.6, 103.2), (994.5, 161.6), (1005.1, 179.2), (1020.4, 118.0), (1027.9, 80.0), (1029.1, 98.4), (1029.8, 152.4), (1037.3, 225.8), (1054.0, 243.4), (1080.5, 182.2), (1106.0, 141.6), (1123.5, 123.6), (1133.3, 131.7), (1145.1, 174.7), (1164.7, 245.9), (1186.8, 319.2), (1217.8, 368.0)]",0,9.83
novice,mario,Mario1-2,Stuck,5,0,198.47,0.969,"[(112.0, 208.0), (116.5, 226.4), (129.0, 280.4), (149.5, 353.8), (180.2, 314.5), (219.0, 260.9), (259.0, 228.5), (299.0, 219.2), (339.0, 240.0), (379.0, 171.2), (419.0, 122.7), (459.0, 96.1), (499.0, 93.1), (539.0, 122.8), (579.0, 186.8), (619.0, 260.1), (659.0, 275.8), (699.0, 214.6), (739.0, 173.9), (779.0, 156.0), (819.0, 164.1), (859.0, 207.1), (899.0, 203.0), (939.0, 144.3), (979.0, 106.4), (1019.0, 91.4), (1059.0, 103.5), (1099.0, 151.0), (1139.0, 223.4), (1179.0, 296.8), (1219.0, 340.8), (1259.0, 311.6), (1299.0, 305.7), (1339.0, 331.3), (1379.0, 348.9), (1419.0, 285.1), (1424.4, 241.8), (1424.4, 254.2), (1424.4, 303.8), (1430.9, 368.0), (1448.4, 304.0), (1473.9, 320.9), (1507.4, 368.0), (1547.4, 304.0), (1587.4, 320.9), (1627.4, 358.1), (1667.4, 326.0), (1707.4, 317.0), (1712.4, 338.1), (1716.9, 368.0), (1748.6, 368.3), (1788.6, 368.0), (1828.6, 339.8), (1868.6, 306.5), (1908.6, 335.9), (1948.6, 331.4), (1988.6, 310.8), (2028.6, 315.3), (2068.6, 354.2), (2108.6, 314.5), (2128.8, 260.9), (2128.8, 228.5), (2128.8, 219.2), (2128.8, 240.0), (2128.8, 296.4), (2131.5, 368.0), (2146.0, 304.0), (2168.5, 320.9), (2199.0, 368.0), (2238.6, 304.0), (2278.6, 320.9), (2318.6, 368.0), (2358.6, 304.0), (2398.6, 320.9), (2438.6, 368.0), (2478.6, 304.0), (2518.6, 320.9), (2558.6, 368.0), (2598.6, 299.1), (2638.6, 250.6), (2672.1, 224.0), (2672.1, 221.1), (2672.1, 250.8), (2673.9, 314.8), (2684.1, 348.9), (2704.6, 285.1), (2733.1, 278.8), (2769.6, 318.5), (2809.6, 348.9), (2849.6, 285.1), (2889.6, 278.8), (2929.6, 318.5), (2969.6, 348.9), (3009.6, 285.1), (3049.6, 241.8), (3089.6, 221.0), (3129.6, 225.2), (3169.6, 263.8), (3209.6, 333.1), (3249.6, 331.0), (3280.1, 272.3), (3285.6, 234.4), (3299.1, 219.4), (3320.6, 231.5), (3350.5, 261.4), (3389.8, 196.1), (3429.8, 151.2), (3469.8, 128.5), (3509.8, 130.1), (3549.8, 165.3), (3589.8, 232.9), (3629.8, 306.2), (3664.0, 358.3), (3665.2, 292.0), (3673.8, 246.0), (3690.2, 222.3), (3714.8, 222.9), (3747.2, 257.0), (3786.5, 323.9), (3826.5, 339.8), (3856.1, 278.6), (3861.6, 237.9), (3875.1, 220.0), (3896.6, 228.1), (3926.1, 271.1), (3965.4, 202.3), (4005.4, 153.7), (4045.4, 127.1), (4085.4, 124.2), (4125.4, 153.9), (4165.4, 217.9), (4205.4, 291.2), (4240.0, 307.8), (4244.5, 246.6), (4257.0, 205.9), (4277.5, 188.0), (4306.0, 196.1), (4342.5, 239.1), (4382.5, 178.6), (4422.5, 127.6), (4462.5, 98.1), (4502.5, 91.9), (4542.5, 117.1), (4582.5, 177.6), (4622.5, 250.9), (4624.8, 324.3), (4633.4, 339.8), (4651.9, 306.5), (4678.4, 335.9), (4713.9, 339.8), (4753.9, 306.5), (4793.9, 335.9), (4833.9, 339.8), (4873.9, 278.6), (4913.9, 237.9), (4953.9, 220.0), (4993.9, 192.9), (5033.9, 131.7), (5073.9, 91.0), (5113.9, 84.8), (5153.9, 121.0), (5193.9, 189.1), (5233.9, 262.4), (5273.9, 210.3), (5313.9, 159.2), (5353.9, 129.7), (5393.9, 123.5), (5433.9, 148.8), (5473.9, 208.0), (5488.0, 139.1), (5488.0, 90.6), (5488.0, 87.4), (5488.0, 128.0), (5488.0, 198.3), (5488.1, 146.1), (5488.1, 95.0), (5488.1, 84.8), (5488.1, 121.0), (5488.1, 189.1), (5488.1, 153.9), (5488.1, 100.3), (5488.1, 82.8), (5488.1, 114.5), (5488.1, 179.9), (5488.8, 162.5), (5488.8, 107.4), (5488.8, 81.3), (5488.8, 108.6), (5488.8, 170.8), (5488.8, 170.5), (5488.8, 111.8), (5488.8, 80.4), (5488.8, 103.2), (5488.8, 161.6), (5488.1, 179.2), (5488.1, 118.0), (5488.1, 80.0), (5488.1, 98.4), (5488.1, 152.4), (5488.1, 188.5), (5488.1, 125.7), (5488.1, 83.5), (5488.1, 94.2), (5488.1, 143.8), (5488.5, 197.7), (5488.8, 131.4)]",0,27.45
novice,mario,Mario1-2,Stuck,1,0,198.12,0.969,"[(112.0, 208.0), (116.5, 226.4), (129.0, 280.4), (149.5, 353.8), (180.2, 314.5), (219.0, 260.9), (259.0, 228.5), (299.0, 219.2), (339.0, 240.0), (379.0, 171.2), (419.0, 122.7), (459.0, 96.1), (499.0, 93.1), (539.0, 122.8), (579.0, 186.8), (619.0, 260.1), (659.0, 275.8), (699.0, 214.6), (739.0, 173.9), (779.0, 156.0), (819.0, 164.1), (859.0, 207.1), (899.0, 203.0), (939.0, 144.3), (979.0, 106.4), (1019.0, 91.4), (1059.0, 103.5), (1099.0, 151.0), (1139.0, 223.4), (1179.0, 296.8), (1219.0, 340.8), (1259.0, 311.6), (1299.0, 305.7), (1339.0, 331.3), (1379.0, 348.9), (1419.0, 285.1), (1424.4, 241.8), (1424.4, 254.2), (1424.4, 303.8), (1430.9, 368.0), (1448.4, 304.0), (1473.9, 320.9), (1507.4, 368.0), (1547.4, 304.0), (1587.4, 320.9), (1627.4, 358.1), (1667.4, 326.0), (1707.4, 317.0), (1712.4, 338.1), (1716.9, 368.0), (1748.6, 368.3), (1788.6, 368.0), (1828.6, 339.8), (1868.6, 306.5), (1908.6, 335.9), (1948.6, 331.4), (1988.6, 310.8), (2028.6, 315.3), (2068.6, 354.2), (2108.6, 314.5), (2128.8, 260.9), (2128.8, 228.5), (2128.8, 219.2), (2128.8, 240.0), (2128.8, 296.4), (2131.5, 368.0), (2146.0, 304.0), (2168.5, 320.9), (2199.0, 368.0), (2238.6, 304.0), (2278.6, 320.9), (2318.6, 368.0), (2358.6, 304.0), (2398.6, 320.9), (2438.6, 368.0), (2478.6, 304.0), (2518.6, 320.9), (2558.6, 368.0), (2598.6, 299.1), (2638.6, 250.6), (2672.1, 224.0), (2672.1, 221.1), (2672.0, 250.8), (2675.5, 314.8), (2687.8, 348.9), (2710.2, 285.1), (2740.8, 278.8), (2778.9, 318.5), (2818.9, 348.9), (2858.9, 285.1), (2898.9, 278.8), (2938.9, 318.5), (2978.9, 348.9), (3018.9, 285.1), (3058.9, 241.8), (3098.9, 221.0), (3138.9, 225.2), (3178.9, 263.8), (3218.9, 333.1), (3258.9, 331.0), (3280.8, 272.3), (3288.2, 234.4), (3303.8, 219.4), (3327.2, 231.5), (3359.1, 261.4), (3399.0, 195.1), (3439.0, 149.2), (3479.0, 125.4), (3519.0, 126.0), (3559.0, 160.1), (3599.0, 227.0), (3639.0, 300.4), (3664.4, 368.0), (3664.8, 299.1), (3672.2, 250.6), (3687.8, 224.0), (3711.2, 221.1), (3742.8, 250.8), (3781.5, 314.8), (3820.2, 348.9), (3856.0, 285.1), (3860.5, 241.8), (3873.0, 221.0), (3893.5, 225.2), (3922.0, 263.8), (3960.4, 209.8), (4000.4, 158.7), (4040.4, 129.2), (4080.4, 123.0), (4120.4, 148.3), (4160.4, 208.7), (4200.4, 282.0), (4240.4, 316.9), (4243.5, 253.1), (4255.0, 209.8), (4274.5, 189.0), (4302.0, 193.2), (4337.5, 231.8), (4377.5, 186.5), (4417.5, 132.9), (4457.5, 100.5), (4497.5, 91.2), (4537.5, 112.0), (4577.5, 168.4), (4617.5, 241.8), (4624.4, 315.1), (4631.6, 348.9), (4649.1, 305.1), (4674.6, 330.4), (4708.9, 348.9), (4748.9, 305.1), (4788.9, 330.4), (4828.9, 348.9), (4868.9, 285.1), (4908.9, 241.8), (4948.9, 221.0), (4988.9, 202.0), (5028.9, 138.2), (5068.9, 94.9), (5108.9, 82.8), (5148.9, 114.5), (5188.9, 179.9), (5228.9, 253.3), (5268.9, 218.1), (5308.9, 164.5), (5348.9, 132.1), (5388.9, 122.8), (5428.9, 143.7), (5468.9, 200.0), (5488.8, 146.6), (5488.8, 95.6), (5488.8, 84.8), (5488.8, 121.0), (5488.8, 189.1), (5488.0, 153.9), (5488.0, 100.3), (5488.0, 82.8), (5488.0, 114.5), (5488.0, 179.9), (5488.0, 162.0), (5488.0, 105.9), (5488.0, 81.3), (5488.0, 108.6), (5488.0, 170.8), (5488.4, 170.5), (5488.4, 111.8), (5488.4, 80.4), (5488.4, 103.2), (5488.4, 161.6), (5488.4, 179.2), (5488.4, 118.0), (5488.4, 80.0), (5488.4, 98.4), (5488.4, 152.4), (5488.0, 188.3), (5488.0, 124.6), (5488.0, 81.3), (5488.0, 94.2), (5488.0, 143.8), (5488.0, 197.7), (5488.0, 131.4), (5488.0, 85.5), (5488.0, 90.5), (5488.0, 135.6), (5488.0, 207.4), (5488.4, 138.6), (5488.4, 90.1)]",0,27.47
novice,mario,Mario1-2,Stuck,2,0,196.46,0.969,"[(112.0, 208.0), (116.5, 226.4), (129.0, 280.4), (149.5, 353.8), (180.2, 314.5), (219.0, 260.9), (259.0, 228.5), (299.0, 219.2), (339.0, 240.0), (379.0, 171.2), (419.0, 122.7), (459.0, 96.1), (499.0, 93.1), (539.0, 122.8), (579.0, 186.8), (619.0, 260.1), (659.0, 275.8), (699.0, 214.6), (739.0, 173.9), (779.0, 156.0), (819.0, 164.1), (859.0, 207.1), (899.0, 203.0), (939.0, 144.3), (979.0, 106.4), (1019.0, 91.4), (1059.0, 103.5), (1099.0, 151.0), (1139.0, 223.4), (1179.0, 296.8), (1219.0, 340.8), (1259.0, 311.6), (1299.0, 305.7), (1339.0, 331.3), (1379.0, 348.9), (1419.0, 285.1), (1424.4, 241.8), (1424.4, 254.2), (1424.4, 303.8), (1430.9, 368.0), (1448.4, 304.0), (1473.9, 320.9), (1507.4, 368.0), (1547.4, 304.0), (1587.4, 320.9), (1627.4, 358.1), (1667.4, 326.0), (1707.4, 317.0), (1712.4, 338.1), (1716.9, 368.0), (1748.6, 368.3), (1788.6, 368.0), (1828.6, 339.8), (1868.6, 306.5), (1908.6, 335.9), (1948.6, 331.4), (1988.6, 310.8), (2028.6, 315.3), (2068.6, 354.2), (2108.6, 314.5), (2128.8, 261.1), (2128.8, 229.8), (2128.8, 221.6), (2128.8, 243.4), (2128.8, 300.8), (2131.5, 368.0), (2146.0, 304.0), (2168.5, 320.9), (2199.0, 368.0), (2238.6, 304.0), (2278.6, 320.9), (2318.6, 368.0), (2358.6, 304.0), (2398.6, 320.9), (2438.6, 368.0), (2478.6, 304.0), (2518.6, 320.9), (2558.6, 368.0), (2598.6, 299.1), (2638.6, 250.6), (2671.9, 224.0), (2671.6, 221.1), (2670.9, 250.8), (2674.4, 314.8), (2686.6, 348.9), (2709.1, 285.1), (2739.6, 278.8), (2777.8, 318.5), (2817.8, 348.9), (2857.8, 285.1), (2897.8, 278.8), (2937.8, 318.5), (2977.8, 348.9), (3017.8, 285.1), (3057.8, 241.8), (3097.8, 221.0), (3137.8, 225.2), (3177.8, 263.8), (3217.8, 333.1), (3257.8, 331.0), (3280.8, 272.3), (3288.2, 234.4), (3303.8, 219.4), (3327.2, 231.5), (3359.1, 261.4), (3399.0, 195.1), (3439.0, 149.2), (3479.0, 125.4), (3519.0, 126.0), (3559.0, 160.1), (3599.0, 227.0), (3639.0, 300.4), (3664.0, 368.0), (3663.0, 299.4), (3668.5, 251.2), (3682.0, 224.9), (3703.5, 222.3), (3733.0, 252.3), (3770.4, 316.4), (3810.4, 348.9), (3850.4, 285.1), (3858.6, 241.8), (3869.1, 221.0), (3887.6, 225.2), (3914.1, 263.8), (3951.1, 209.8), (3991.1, 158.7), (4031.1, 129.2), (4071.1, 123.0), (4111.1, 148.3), (4151.1, 208.7), (4191.1, 282.0), (4231.1, 316.9), (4242.6, 253.1), (4253.1, 209.8), (4271.6, 189.0), (4298.1, 193.2), (4332.6, 231.8), (4372.5, 186.5), (4412.5, 132.9), (4452.5, 100.5), (4492.5, 91.2), (4532.5, 112.0), (4572.5, 168.4), (4612.5, 241.8), (4624.4, 315.1), (4631.6, 348.9), (4649.1, 305.1), (4674.6, 330.4), (4708.9, 348.9), (4748.9, 305.1), (4788.9, 330.4), (4828.9, 348.9), (4868.9, 285.1), (4908.9, 241.8), (4948.9, 221.0), (4988.9, 202.0), (5028.9, 138.2), (5068.9, 94.9), (5108.9, 82.8), (5148.9, 114.5), (5188.9, 179.9), (5228.9, 253.3), (5268.9, 218.1), (5308.9, 164.5), (5348.9, 132.1), (5388.9, 122.8), (5428.9, 143.7), (5468.9, 200.0), (5488.0, 146.6), (5488.0, 95.6), (5488.0, 84.8), (5488.7, 121.0), (5488.7, 189.1), (5488.4, 153.9), (5488.9, 100.3), (5488.8, 82.8), (5488.0, 114.5), (5488.0, 179.9), (5487.0, 162.2), (5485.8, 106.4), (5488.1, 81.3), (5488.0, 108.6), (5488.0, 170.8), (5487.6, 170.6), (5485.9, 112.2), (5488.4, 80.4), (5488.8, 103.2), (5488.0, 161.6), (5488.1, 179.2), (5487.6, 118.0), (5488.0, 80.0), (5488.0, 98.4), (5488.0, 152.4), (5487.9, 188.4), (5486.1, 124.9), (5487.6, 81.9), (5488.4, 94.2), (5488.0, 143.8), (5488.0, 197.8), (5486.8, 131.7), (5486.5, 86.1), (5488.0, 90.5), (5488.0, 135.6), (5488.0, 207.4), (5487.6, 138.6), (5487.6, 90.1)]",0,27.47
novice,mario,Mario1-2,Stuck,4,0,198.25,0.969,"[(112.0, 208.0), (116.5, 226.4), (129.0, 280.4), (149.5, 353.8), (180.2, 314.5), (219.0, 260.9), (259.0, 228.5), (299.0, 219.2), (339.0, 240.0), (379.0, 171.2), (419.0, 122.7), (459.0, 96.1), (499.0, 93.1), (539.0, 122.8), (579.0, 186.8), (619.0, 260.1), (659.0, 275.8), (699.0, 214.6), (739.0, 173.9), (779.0, 156.0), (819.0, 164.1), (859.0, 207.1), (899.0, 203.0), (939.0, 144.3), (979.0, 106.4), (1019.0, 91.4), (1059.0, 103.5), (1099.0, 151.0), (1139.0, 223.4), (1179.0, 296.8), (1219.0, 340.8), (1259.0, 311.6), (1299.0, 305.7), (1339.0, 331.3), (1379.0, 348.9), (1419.0, 285.1), (1424.4, 241.8), (1424.4, 254.2), (1424.4, 303.8), (1430.9, 368.0), (1448.4, 304.0), (1473.9, 320.9), (1507.4, 368.0), (1547.4, 304.0), (1587.4, 320.9), (1627.4, 358.1), (1667.4, 326.0), (1707.4, 317.0), (1712.4, 338.1), (1716.9, 368.0), (1748.6, 368.3), (1788.6, 368.0), (1828.6, 339.8), (1868.6, 306.5), (1908.6, 335.9), (1948.6, 331.4), (1988.6, 310.8), (2028.6, 315.3), (2068.6, 354.2), (2108.6, 314.5), (2128.8, 260.9), (2128.8, 228.5), (2128.8, 219.2), (2128.8, 240.0), (2128.8, 296.4), (2131.5, 368.0), (2146.0, 304.0), (2168.5, 320.9), (2199.0, 368.0), (2238.6, 304.0), (2278.6, 320.9), (2318.6, 368.0), (2358.6, 304.0), (2398.6, 320.9), (2438.6, 368.0), (2478.6, 304.0), (2518.6, 320.9), (2558.6, 368.0), (2598.6, 299.1), (2638.6, 250.6), (2672.1, 224.0), (2672.1, 221.1), (2672.1, 250.8), (2673.9, 314.8), (2684.1, 348.9), (2704.6, 285.1), (2733.1, 278.8), (2769.6, 318.5), (2809.6, 348.9), (2849.6, 285.1), (2889.6, 278.8), (2929.6, 318.5), (2969.6, 348.9), (3009.6, 285.1), (3049.6, 241.8), (3089.6, 221.0), (3129.6, 225.2), (3169.6, 263.8), (3209.6, 333.1), (3249.6, 331.0), (3280.1, 272.3), (3285.6, 234.4), (3299.1, 219.4), (3320.6, 231.5), (3350.5, 261.4), (3389.8, 195.1), (3429.8, 149.2), (3469.8, 125.4), (3509.8, 126.0), (3549.8, 160.1), (3589.8, 227.0), (3629.8, 300.4), (3664.0, 368.0), (3664.4, 299.1), (3670.9, 250.6), (3685.4, 224.0), (3707.9, 221.1), (3738.4, 250.8), (3776.5, 314.8), (3816.5, 358.6), (3856.5, 292.3), (3859.5, 246.4), (3871.0, 222.7), (3890.5, 223.2), (3918.0, 257.4), (3955.4, 217.9), (3995.4, 164.3), (4035.4, 132.0), (4075.4, 122.7), (4115.4, 143.5), (4155.4, 199.9), (4195.4, 273.2), (4235.4, 326.3), (4242.6, 260.0), (4253.1, 214.0), (4271.6, 190.3), (4298.1, 190.9), (4332.6, 225.0), (4372.5, 194.6), (4412.5, 138.4), (4452.5, 103.3), (4492.5, 91.1), (4532.5, 107.5), (4572.5, 159.4), (4612.5, 232.6), (4624.1, 305.9), (4630.0, 358.3), (4646.5, 304.3), (4671.0, 325.3), (4703.9, 358.3), (4743.9, 304.3), (4783.9, 325.3), (4823.9, 358.3), (4863.9, 292.0), (4903.9, 246.0), (4943.9, 222.3), (4983.9, 210.3), (5023.9, 144.0), (5063.9, 98.0), (5103.9, 81.3), (5143.9, 108.6), (5183.9, 170.8), (5223.9, 244.1), (5263.9, 226.2), (5303.9, 170.1), (5343.9, 134.9), (5383.9, 122.7), (5423.9, 139.1), (5463.9, 191.0), (5488.4, 154.5), (5488.4, 100.9), (5488.4, 82.8), (5488.4, 114.5), (5488.4, 179.9), (5488.8, 162.0), (5488.8, 105.9), (5488.8, 81.3), (5488.8, 108.6), (5488.8, 170.8), (5488.8, 170.5), (5488.8, 111.8), (5488.8, 80.4), (5488.8, 103.2), (5488.8, 161.6), (5488.1, 179.2), (5488.1, 118.0), (5488.1, 80.0), (5488.1, 98.4), (5488.1, 152.4), (5488.1, 188.3), (5488.1, 124.6), (5488.1, 81.3), (5488.1, 94.2), (5488.1, 143.8), (5488.5, 197.7), (5488.8, 131.4), (5488.8, 85.5), (5488.8, 90.5), (5488.8, 135.6), (5488.8, 207.4), (5488.8, 138.6), (5488.8, 90.1), (5488.8, 87.4), (5488.8, 128.0), (5488.8, 198.3), (5488.1, 146.1), (5488.1, 95.0)]",0,27.48
novice,mario,Mario1-2,Stuck,5,0,198.12,0.969,"[(112.0, 208.0), (116.5, 226.4), (129.0, 280.4), (149.5, 353.8), (180.2, 314.5), (219.0, 260.9), (259.0, 228.5), (299.0, 219.2), (339.0, 240.0), (379.0, 171.2), (419.0, 122.7), (459.0, 96.1), (499.0, 93.1), (539.0, 122.8), (579.0, 186.8), (619.0, 260.1), (659.0, 275.8), (699.0, 214.6), (739.0, 173.9), (779.0, 156.0), (819.0, 164.1), (859.0, 207.1), (899.0, 203.0), (939.0, 144.3), (979.0, 106.4), (1019.0, 91.4), (1059.0, 103.5), (1099.0, 151.0), (1139.0, 223.4), (1179.0, 296.8), (1219.0, 340.8), (1259.0, 311.6), (1299.0, 305.7), (1339.0, 331.3), (1379.0, 348.9), (1419.0, 285.1), (1424.4, 241.8), (1424.4, 254.2), (1424.4, 303.8), (1430.9, 368.0), (1448.4, 304.0), (1473.9, 320.9), (1507.4, 368.0), (1547.4, 304.0), (1587.4, 320.9), (1627.4, 358.1), (1667.4, 326.0), (1707.4, 317.0), (1712.4, 338.1), (1716.9, 368.0), (1748.6, 368.3), (1788.6, 368.0), (1828.6, 339.8), (1868.6, 306.5), (1908.6, 335.9), (1948.6, 331.4), (1988.6, 310.8), (2028.6, 315.3), (2068.6, 354.2), (2108.6, 314.5), (2128.8, 260.9), (2128.8, 228.5), (2128.8, 219.2), (2128.8, 240.0), (2128.8, 296.4), (2131.5, 368.0), (2146.0, 304.0), (2168.5, 320.9), (2199.0, 368.0), (2238.6, 304.0), (2278.6, 320.9), (2318.6, 368.0), (2358.6, 304.0), (2398.6, 320.9), (2438.6, 368.0), (2478.6, 304.0), (2518.6, 320.9), (2558.6, 368.0), (2598.6, 299.1), (2638.6, 250.6), (2672.1, 224.0), (2672.1, 221.1), (2672.1, 250.8), (2673.9, 314.8), (2684.1, 348.9), (2704.6, 285.1), (2733.1, 278.8), (2769.6, 318.5), (2809.6, 348.9), (2849.6, 285.1), (2889.6, 278.8), (2929.6, 318.5), (2969.6, 348.9), (3009.6, 285.1), (3049.6, 241.8), (3089.6, 221.0), (3129.6, 225.2), (3169.6, 263.8), (3209.6, 333.1), (3249.6, 331.0), (3280.1, 272.3), (3285.6, 234.4), (3299.1, 219.4), (3320.6, 231.5), (3350.5, 261.4), (3389.8, 195.1), (3429.8, 149.2), (3469.8, 125.4), (3509.8, 126.0), (3549.8, 160.1), (3589.8, 227.0), (3629.8, 300.4), (3664.0, 368.0), (3664.4, 299.1), (3670.9, 250.6), (3685.4, 224.0), (3707.9, 221.1), (3738.4, 250.8), (3776.5, 314.8), (3816.5, 348.9), (3856.5, 285.1), (3859.5, 241.8), (3871.0, 221.0), (3890.5, 225.2), (3918.0, 263.8), (3955.8, 209.8), (3995.8, 158.7), (4035.8, 129.2), (4075.8, 123.0), (4115.8, 148.3), (4155.8, 208.7), (4195.8, 282.0), (4235.8, 316.9), (4242.6, 253.1), (4253.1, 209.8), (4271.6, 189.0), (4298.1, 193.2), (4332.6, 231.8), (4372.5, 186.5), (4412.5, 132.9), (4452.5, 100.5), (4492.5, 91.2), (4532.5, 112.0), (4572.5, 168.4), (4612.5, 241.8), (4624.1, 315.1), (4630.4, 348.9), (4646.9, 305.1), (4671.4, 330.4), (4704.6, 348.9), (4744.6, 305.1), (4784.6, 330.4), (4824.6, 348.9), (4864.6, 285.1), (4904.6, 241.8), (4944.6, 221.0), (4984.6, 202.0), (5024.6, 138.2), (5064.6, 94.9), (5104.6, 82.8), (5144.6, 114.5), (5184.6, 179.9), (5224.6, 253.3), (5264.6, 218.1), (5304.6, 164.5), (5344.6, 132.1), (5384.6, 122.8), (5424.6, 143.7), (5464.6, 200.0), (5488.8, 146.6), (5488.8, 95.6), (5488.8, 84.8), (5488.8, 121.0), (5488.8, 189.1), (5488.0, 154.5), (5488.0, 102.0), (5488.0, 82.8), (5488.0, 114.5), (5488.0, 179.9), (5488.0, 162.0), (5488.0, 105.9), (5488.0, 81.3), (5488.0, 108.6), (5488.0, 170.8), (5488.4, 170.5), (5488.4, 111.8), (5488.4, 80.4), (5488.4, 103.2), (5488.4, 161.6), (5488.4, 179.5), (5488.4, 119.3), (5488.4, 80.0), (5488.4, 98.4), (5488.4, 152.4), (5488.0, 188.3), (5488.0, 124.6), (5488.0, 81.3), (5488.0, 94.2), (5488.0, 143.8), (5488.0, 197.7), (5488.0, 131.4), (5488.0, 85.5), (5488.0, 90.5), (5488.0, 135.6), (5488.0, 207.4), (5488.4, 139.5), (5488.4, 92.0)]",0,27.48
novice,mario,Mario1-2,Stuck,4,0,198.12,0.969,"[(112.0, 208.0), (116.5, 226.4), (129.0, 280.4), (149.5, 353.8), (180.2, 314.5), (219.0, 260.9), (259.0, 228.5), (299.0, 219.2), (339.0, 240.0), (379.0, 171.2), (419.0, 122.7), (459.0, 96.1), (499.0, 93.1), (539.0, 122.8), (579.0, 186.8), (619.0, 260.1), (659.0, 275.8), (699.0, 214.6), (739.0, 173.9), (779.0, 156.0), (819.0, 164.1), (859.0, 207.1), (899.0, 203.0), (939.0, 144.3), (979.0, 106.4), (1019.0, 91.4), (1059.0, 103.5), (1099.0, 151.0), (1139.0, 223.4), (1179.0, 296.8), (1219.0, 340.8), (1259.0, 311.6), (1299.0, 305.7), (1339.0, 331.3), (1379.0, 348.9), (1419.0, 285.1), (1424.4, 241.8), (1424.4, 254.2), (1424.4, 303.8), (1430.9, 368.0), (1448.4, 304.0), (1473.9, 320.9), (1507.4, 368.0), (1547.4, 304.0), (1587.4, 320.9), (1627.4, 358.1), (1667.4, 326.0), (1707.4, 317.0), (1712.4, 338.1), (1716.9, 368.0), (1748.6, 368.3), (1788.6, 368.0), (1828.6, 339.8), (1868.6, 306.5), (1908.6, 335.9), (1948.6, 331.4), (1988.6, 310.8), (2028.6, 315.3), (2068.6, 354.2), (2108.6, 314.5), (2128.8, 260.9), (2128.8, 228.5), (2128.8, 219.2), (2128.8, 240.0), (2128.8, 296.4), (2131.5, 368.0), (2146.0, 304.0), (2168.5, 320.9), (2199.0, 368.0), (2238.6, 304.0), (2278.6, 320.9), (2318.6, 368.0), (2358.6, 304.0), (2398.6, 320.9), (2438.6, 368.0), (2478.6, 304.0), (2518.6, 320.9), (2558.6, 368.0), (2598.6, 299.1), (2638.6, 250.6), (2672.1, 224.0), (2672.1, 221.1), (2672.1, 250.8), (2673.9, 314.8), (2684.1, 348.9), (2704.6, 285.1), (2733.1, 278.8), (2769.6, 318.5), (2809.6, 348.9), (2849.6, 285.1), (2889.6, 278.8), (2929.6, 318.5), (2969.6, 348.9), (3009.6, 285.1), (3049.6, 241.8), (3089.6, 221.0), (3129.6, 225.2), (3169.6, 263.8), (3209.6, 333.1), (3249.6, 331.0), (3280.1, 272.3), (3285.6, 234.4), (3299.1, 219.4), (3320.6, 231.5), (3350.5, 261.4), (3389.8, 195.1), (3429.8, 149.2), (3469.8, 125.4), (3509.8, 126.0), (3549.8, 160.1), (3589.8, 227.0), (3629.8, 300.4), (3664.0, 368.0), (3664.4, 299.1), (3670.9, 250.6), (3685.4, 224.0), (3707.9, 221.1), (3738.4, 250.8), (3776.5, 314.8), (3816.5, 348.9), (3856.5, 285.1), (3859.5, 241.8), (3871.0, 221.0), (3890.5, 225.2), (3918.0, 263.8), (3955.8, 209.8), (3995.8, 158.7), (4035.8, 129.2), (4075.8, 123.0), (4115.8, 148.3), (4155.8, 208.7), (4195.8, 282.0), (4235.8, 316.9), (4242.6, 253.1), (4253.1, 209.8), (4271.6, 189.0), (4298.1, 193.2), (4332.6, 231.8), (4372.5, 186.5), (4412.5, 132.9), (4452.5, 100.5), (4492.5, 91.2), (4532.5, 112.0), (4572.5, 168.4), (4612.5, 241.8), (4624.1, 315.1), (4630.4, 348.9), (4646.9, 305.1), (4671.4, 330.4), (4704.6, 348.9), (4744.6, 305.1), (4784.6, 330.4), (4824.6, 348.9), (4864.6, 285.1), (4904.6, 241.8), (4944.6, 221.0), (4984.6, 202.0), (5024.6, 138.2), (5064.6, 94.9), (5104.6, 82.8), (5144.6, 114.5), (5184.6, 179.9), (5224.6, 253.3), (5264.6, 218.1), (5304.6, 164.5), (5344.6, 132.1), (5384.6, 122.8), (5424.6, 143.7), (5464.6, 200.0), (5488.8, 146.6), (5488.8, 95.6), (5488.8, 84.8), (5488.8, 121.0), (5488.8, 189.1), (5488.0, 154.5), (5488.0, 102.0), (5488.0, 82.8), (5488.0, 114.5), (5488.0, 179.9), (5488.0, 162.0), (5488.0, 105.9), (5488.0, 81.3), (5488.0, 108.6), (5488.0, 170.8), (5488.4, 170.5), (5488.4, 111.8), (5488.4, 80.4), (5488.4, 103.2), (5488.4, 161.6), (5488.4, 179.5), (5488.4, 119.3), (5488.4, 80.0), (5488.4, 98.4), (5488.4, 152.4), (5488.0, 188.3), (5488.0, 124.6), (5488.0, 81.3), (5488.0, 94.2), (5488.0, 143.8), (5488.0, 197.7), (5488.0, 131.4), (5488.0, 85.5), (5488.0, 90.5), (5488.0, 135.6), (5488.0, 207.4), (5488.4, 139.5), (5488.4, 92.0)]",0,27.48
novice,mario,Mario1-2,Enemy,15,0,238.83,0.292,"[(112.0, 208.0), (116.5, 226.4), (129.0, 280.4), (149.5, 353.8), (182.1, 322.9), (222.0, 266.8), (262.0, 232.9), (302.0, 222.2), (342.0, 239.9), (382.0, 187.1), (422.0, 136.1), (462.0, 108.2), (502.0, 103.6), (542.0, 130.5), (582.0, 192.3), (622.0, 265.7), (662.0, 285.2), (702.0, 221.5), (742.0, 178.2), (782.0, 157.3), (822.0, 161.5), (862.0, 200.2), (902.0, 269.5), (942.0, 210.6), (944.2, 159.6), (944.2, 130.1), (947.7, 123.9), (959.2, 149.1), (978.7, 208.0), (1009.2, 139.1), (1047.3, 90.6), (1087.3, 87.4), (1127.3, 128.0), (1167.3, 198.3), (1207.3, 271.6), (1247.3, 344.9), (1287.3, 339.8), (1327.3, 306.6), (1367.3, 338.1), (1407.3, 339.8), (1447.3, 306.6), (1487.3, 338.1), (1527.3, 339.8), (1567.3, 278.7), (1607.3, 239.1), (1647.3, 222.2), (1648.8, 231.3), (1648.8, 275.4), (1651.5, 346.9)]",0,6.47
novice,mario,Mario1-2,Stuck,8,0,-6.82,0.01,"[(112.0, 208.0), (107.5, 226.4), (95.0, 280.4), (74.5, 353.8), (48.0, 314.5), (48.0, 262.1), (48.0, 232.8), (48.0, 226.8), (48.0, 252.3), (50.6, 313.0), (61.5, 368.4), (94.6, 368.4), (134.6, 368.4), (174.6, 322.6), (211.1, 266.4), (239.6, 231.5), (260.1, 219.7), (272.6, 236.4), (277.1, 288.7), (273.6, 361.9), (269.6, 307.1), (259.6, 259.0), (241.5, 234.0), (215.5, 232.7), (181.4, 264.0), (141.7, 329.1), (101.7, 339.8), (61.7, 278.6), (48.0, 238.3), (48.0, 221.1), (48.0, 229.8), (48.4, 273.6), (54.9, 345.0), (75.0, 368.4), (114.6, 368.4), (154.6, 358.3), (193.9, 292.0), (226.4, 246.1), (250.9, 222.7), (267.4, 223.6), (275.9, 258.1), (276.4, 325.3), (268.9, 328.2), (253.4, 307.6), (229.9, 312.1), (198.4, 351.0), (159.6, 316.0), (119.6, 304.1), (79.6, 320.8), (48.0, 368.0), (48.0, 299.2), (48.0, 252.6), (48.0, 229.1), (48.0, 229.9), (48.0, 264.3), (52.5, 331.3)]",0,7.38
novice,mario,Mario1-2,Stuck,2,0,198.12,0.969,"[(112.0, 208.0), (116.5, 226.4), (129.0, 280.4), (149.5, 353.8), (180.2, 314.5), (219.0, 260.9), (259.0, 228.5), (299.0, 219.2), (339.0, 240.0), (379.0, 171.2), (419.0, 122.7), (459.0, 96.1), (499.0, 93.1), (539.0, 122.8), (579.0, 186.8), (619.0, 260.1), (659.0, 275.8), (699.0, 214.6), (739.0, 173.9), (779.0, 156.0), (819.0, 164.1), (859.0, 207.1), (899.0, 203.0), (939.0, 144.3), (979.0, 106.4), (1019.0, 91.4), (1059.0, 103.5), (1099.0, 151.0), (1139.0, 223.4), (1179.0, 296.8), (1219.0, 340.8), (1259.0, 311.6), (1299.0, 305.7), (1339.0, 331.3), (1379.0, 348.9), (1419.0, 285.1), (1424.4, 241.8), (1424.4, 254.2), (1424.4, 303.8), (1430.9, 368.0), (1448.4, 304.0), (1473.9, 320.9), (1507.4, 368.0), (1547.4, 304.0), (1587.4, 320.9), (1627.4, 358.1), (1667.4, 326.0), (1707.4, 317.0), (1712.4, 338.1), (1716.9, 368.0), (1748.6, 368.3), (1788.6, 368.0), (1828.6, 339.8), (1868.6, 306.5), (1908.6, 335.9), (1948.6, 331.4), (1988.6, 310.8), (2028.6, 315.3), (2068.6, 354.2), (2108.6, 314.5), (2128.8, 260.9), (2128.8, 228.5), (2128.8, 219.2), (2128.8, 240.0), (2128.8, 296.4), (2131.5, 368.0), (2146.0, 304.0), (2168.5, 320.9), (2199.0, 368.0), (2238.6, 304.0), (2278.6, 320.9), (2318.6, 368.0), (2358.6, 304.0), (2398.6, 320.9), (2438.6, 368.0), (2478.6, 304.0), (2518.6, 320.9), (2558.6, 368.0), (2598.6, 299.1), (2638.6, 250.6), (2672.1, 224.0), (2672.1, 221.1), (2672.1, 250.8), (2673.9, 314.8), (2684.1, 348.9), (2704.6, 285.1), (2733.1, 278.8), (2769.6, 318.5), (2809.6, 348.9), (2849.6, 285.1), (2889.6, 278.8), (2929.6, 318.5), (2969.6, 348.9), (3009.6, 285.1), (3049.6, 241.8), (3089.6, 221.0), (3129.6, 225.2), (3169.6, 263.8), (3209.6, 333.1), (3249.6, 331.0), (3280.1, 272.3), (3285.6, 234.4), (3299.1, 219.4), (3320.6, 231.5), (3350.5, 261.4), (3389.8, 195.1), (3429.8, 149.2), (3469.8, 125.4), (3509.8, 126.0), (3549.8, 160.1), (3589.8, 227.0), (3629.8, 300.4), (3664.0, 368.0), (3664.4, 299.1), (3670.9, 250.6), (3685.4, 224.0), (3707.9, 221.1), (3738.4, 250.8), (3776.5, 314.8), (3816.5, 348.9), (3856.5, 285.1), (3859.5, 241.8), (3871.0, 221.0), (3890.5, 225.2), (3918.0, 263.8), (3955.8, 209.8), (3995.8, 158.7), (4035.8, 129.2), (4075.8, 123.0), (4115.8, 148.3), (4155.8, 208.7), (4195.8, 282.0), (4235.8, 316.9), (4242.6, 253.1), (4253.1, 209.8), (4271.6, 189.0), (4298.1, 193.2), (4332.6, 231.8), (4372.5, 186.5), (4412.5, 132.9), (4452.5, 100.5), (4492.5, 91.2), (4532.5, 112.0), (4572.5, 168.4), (4612.5, 241.8), (4624.1, 315.1), (4630.4, 348.9), (4646.9, 305.1), (4671.4, 330.4), (4704.6, 348.9), (4744.6, 305.1), (4784.6, 330.4), (4824.6, 348.9), (4864.6, 285.1), (4904.6, 241.8), (4944.6, 221.0), (4984.6, 202.0), (5024.6, 138.2), (5064.6, 94.9), (5104.6, 82.8), (5144.6, 114.5), (5184.6, 179.9), (5224.6, 253.3), (5264.6, 218.1), (5304.6, 164.5), (5344.6, 132.1), (5384.6, 122.8), (5424.6, 143.7), (5464.6, 200.0), (5488.8, 146.6), (5488.8, 95.6), (5488.8, 84.8), (5488.8, 121.0), (5488.8, 189.1), (5488.0, 153.9), (5488.0, 100.3), (5488.0, 82.8), (5488.0, 114.5), (5488.0, 179.9), (5488.0, 162.0), (5488.0, 105.9), (5488.0, 81.3), (5488.0, 108.6), (5488.0, 170.8), (5488.4, 170.5), (5488.4, 111.8), (5488.4, 80.4), (5488.4, 103.2), (5488.4, 161.6), (5488.4, 179.2), (5488.4, 118.0), (5488.4, 80.0), (5488.4, 98.4), (5488.4, 152.4), (5488.0, 188.3), (5488.0, 124.6), (5488.0, 81.3), (5488.0, 94.2), (5488.0, 143.8), (5488.0, 197.7), (5488.0, 131.4), (5488.0, 85.5), (5488.0, 90.5), (5488.0, 135.6), (5488.0, 207.4), (5488.4, 139.5), (5488.4, 92.0)]",0,27.48
novice,mario,Mario1-2,Stuck,4,0,197.88,0.969,"[(112.0, 208.0), (116.5, 226.4), (129.0, 280.4), (149.5, 353.8), (180.2, 314.5), (219.0, 260.9), (259.0, 228.5), (299.0, 219.2), (339.0, 240.0), (379.0, 171.2), (419.0, 122.7), (459.0, 96.1), (499.0, 93.1), (539.0, 122.8), (579.0, 186.8), (619.0, 260.1), (659.0, 275.8), (699.0, 214.6), (739.0, 173.9), (779.0, 156.0), (819.0, 164.1), (859.0, 207.1), (899.0, 203.0), (939.0, 144.3), (979.0, 106.4), (1019.0, 91.4), (1059.0, 103.5), (1099.0, 151.0), (1139.0, 223.4), (1179.0, 296.8), (1219.0, 340.8), (1259.0, 311.6), (1299.0, 305.7), (1339.0, 331.3), (1379.0, 348.9), (1419.0, 285.1), (1424.4, 241.8), (1424.4, 254.2), (1424.4, 303.8), (1430.9, 368.0), (1448.4, 304.0), (1473.9, 320.9), (1507.4, 368.0), (1547.4, 304.0), (1587.4, 320.9), (1627.4, 358.1), (1667.4, 326.0), (1707.4, 317.0), (1712.4, 338.1), (1716.9, 368.0), (1748.6, 368.3), (1788.6, 368.0), (1828.6, 339.8), (1868.6, 306.5), (1908.6, 335.9), (1948.6, 331.4), (1988.6, 310.8), (2028.6, 315.3), (2068.6, 354.2), (2108.6, 314.5), (2128.8, 260.9), (2128.8, 228.5), (2128.8, 219.2), (2128.8, 240.0), (2128.8, 296.4), (2131.5, 368.0), (2146.0, 304.0), (2168.5, 320.9), (2199.0, 368.0), (2238.6, 304.0), (2278.6, 320.9), (2318.6, 368.0), (2358.6, 304.0), (2398.6, 320.9), (2438.6, 368.0), (2478.6, 304.0), (2518.6, 320.9), (2558.6, 368.0), (2598.6, 299.1), (2638.6, 250.6), (2672.0, 224.0), (2672.4, 221.1), (2672.4, 250.8), (2674.6, 314.8), (2685.9, 348.9), (2707.4, 285.1), (2736.9, 278.8), (2774.2, 318.5), (2814.2, 348.9), (2854.2, 285.1), (2894.2, 278.8), (2934.2, 318.5), (2974.2, 348.9), (3014.2, 285.1), (3054.2, 241.8), (3094.2, 221.0), (3134.2, 225.2), (3174.2, 263.8), (3214.2, 333.1), (3254.2, 331.0), (3280.4, 272.3), (3286.9, 234.4), (3301.4, 219.4), (3323.9, 231.5), (3354.8, 261.4), (3394.4, 195.1), (3434.4, 149.2), (3474.4, 125.4), (3514.4, 126.0), (3554.4, 160.1), (3594.4, 227.0), (3634.4, 300.4), (3664.1, 368.0), (3664.4, 299.1), (3670.9, 250.6), (3685.4, 224.0), (3707.9, 221.1), (3738.4, 250.8), (3776.5, 314.8), (3816.5, 348.9), (3856.5, 285.1), (3859.5, 241.8), (3871.0, 221.0), (3890.5, 225.2), (3918.0, 263.8), (3955.8, 209.8), (3995.8, 158.7), (4035.8, 129.2), (4075.8, 123.0), (4115.8, 148.3), (4155.8, 208.7), (4195.8, 282.0), (4235.8, 316.9), (4242.6, 253.1), (4253.1, 209.8), (4271.6, 189.0), (4298.1, 193.2), (4332.6, 231.8), (4372.5, 186.5), (4412.5, 132.9), (4452.5, 100.5), (4492.5, 91.2), (4532.5, 112.0), (4572.5, 168.4), (4612.5, 241.8), (4624.1, 315.1), (4630.4, 348.9), (4646.9, 305.1), (4671.4, 330.4), (4704.6, 348.9), (4744.6, 305.1), (4784.6, 330.4), (4824.6, 348.9), (4864.6, 285.1), (4904.6, 241.8), (4944.6, 221.0), (4984.6, 202.0), (5024.6, 138.2), (5064.6, 94.9), (5104.6, 82.8), (5144.6, 114.5), (5184.6, 179.9), (5224.6, 253.3), (5264.6, 218.1), (5304.6, 164.5), (5344.6, 132.1), (5384.6, 122.8), (5424.6, 143.7), (5464.6, 200.0), (5488.8, 146.6), (5488.8, 95.6), (5488.8, 84.8), (5488.8, 121.0), (5488.8, 189.1), (5488.2, 154.5), (5488.0, 102.0), (5488.0, 82.8), (5488.0, 114.5), (5488.0, 179.9), (5488.0, 162.0), (5488.4, 105.9), (5488.4, 81.3), (5488.4, 108.6), (5488.4, 170.8), (5488.2, 170.5), (5488.8, 111.8), (5488.8, 80.4), (5488.8, 103.2), (5488.8, 161.6), (5488.1, 179.5), (5488.1, 119.3), (5488.1, 80.0), (5488.1, 98.4), (5488.1, 152.4), (5488.0, 188.3), (5488.8, 124.6), (5488.8, 81.3), (5488.8, 94.2), (5488.8, 143.8), (5488.0, 197.7), (5488.0, 131.4), (5488.0, 85.5), (5488.0, 90.5), (5488.0, 135.6), (5488.0, 207.4), (5488.6, 139.5), (5488.4, 92.0)]",0,27.48
novice,mario,Mario1-2,Stuck,4,0,197.88,0.969,"[(112.0, 208.0), (116.5, 226.4), (129.0, 280.4), (149.5, 353.8), (180.2, 314.5), (219.0, 260.9), (259.0, 228.5), (299.0, 219.2), (339.0, 240.0), (379.0, 171.2), (419.0, 122.7), (459.0, 96.1), (499.0, 93.1), (539.0, 122.8), (579.0, 186.8), (619.0, 260.1), (659.0, 275.8), (699.0, 214.6), (739.0, 173.9), (779.0, 156.0), (819.0, 164.1), (859.0, 207.1), (899.0, 203.0), (939.0, 144.3), (979.0, 106.4), (1019.0, 91.4), (1059.0, 103.5), (1099.0, 151.0), (1139.0, 223.4), (1179.0, 296.8), (1219.0, 340.8), (1259.0, 311.6), (1299.0, 305.7), (1339.0, 331.3), (1379.0, 348.9), (1419.0, 285.1), (1424.4, 241.8), (1424.4, 254.2), (1424.4, 303.8), (1430.9, 368.0), (1448.4, 304.0), (1473.9, 320.9), (1507.4, 368.0), (1547.4, 304.0), (1587.4, 320.9), (1627.4, 358.1), (1667.4, 326.0), (1707.4, 317.0), (1712.4, 338.1), (1716.9, 368.0), (1748.6, 368.3), (1788.6, 368.0), (1828.6, 339.8), (1868.6, 306.5), (1908.6, 335.9), (1948.6, 331.4), (1988.6, 310.8), (2028.6, 315.3), (2068.6, 354.2), (2108.6, 314.5), (2128.8, 260.9), (2128.8, 228.5), (2128.8, 219.2), (2128.8, 240.0), (2128.8, 296.4), (2131.5, 368.0), (2146.0, 304.0), (2168.5, 320.9), (2199.0, 368.0), (2238.6, 304.0), (2278.6, 320.9), (2318.6, 368.0), (2358.6, 304.0), (2398.6, 320.9), (2438.6, 368.0), (2478.6, 304.0), (2518.6, 320.9), (2558.6, 368.0), (2598.6, 299.1), (2638.6, 250.6), (2672.0, 224.0), (2672.4, 221.1), (2672.4, 250.8), (2674.6, 314.8), (2685.9, 348.9), (2707.4, 285.1), (2736.9, 278.8), (2774.2, 318.5), (2814.2, 348.9), (2854.2, 285.1), (2894.2, 278.8), (2934.2, 318.5), (2974.2, 348.9), (3014.2, 285.1), (3054.2, 241.8), (3094.2, 221.0), (3134.2, 225.2), (3174.2, 263.8), (3214.2, 333.1), (3254.2, 331.0), (3280.4, 272.3), (3286.9, 234.4), (3301.4, 219.4), (3323.9, 231.5), (3354.8, 261.4), (3394.4, 195.1), (3434.4, 149.2), (3474.4, 125.4), (3514.4, 126.0), (3554.4, 160.1), (3594.4, 227.0), (3634.4, 300.4), (3664.1, 368.0), (3664.4, 299.1), (3670.9, 250.6), (3685.4, 224.0), (3707.9, 221.1), (3738.4, 250.8), (3776.5, 314.8), (3816.5, 348.9), (3856.5, 285.1), (3859.5, 241.8), (3871.0, 221.0), (3890.5, 225.2), (3918.0, 263.8), (3955.8, 209.8), (3995.8, 158.7), (4035.8, 129.2), (4075.8, 123.0), (4115.8, 148.3), (4155.8, 208.7), (4195.8, 282.0), (4235.8, 316.9), (4242.6, 253.1), (4253.1, 209.8), (4271.6, 189.0), (4298.1, 193.2), (4332.6, 231.8), (4372.5, 186.5), (4412.5, 132.9), (4452.5, 100.5), (4492.5, 91.2), (4532.5, 112.0), (4572.5, 168.4), (4612.5, 241.8), (4624.1, 315.1), (4630.4, 348.9), (4646.9, 305.1), (4671.4, 330.4), (4704.6, 348.9), (4744.6, 305.1), (4784.6, 330.4), (4824.6, 348.9), (4864.6, 285.1), (4904.6, 241.8), (4944.6, 221.0), (4984.6, 202.0), (5024.6, 138.2), (5064.6, 94.9), (5104.6, 82.8), (5144.6, 114.5), (5184.6, 179.9), (5224.6, 253.3), (5264.6, 218.1), (5304.6, 164.5), (5344.6, 132.1), (5384.6, 122.8), (5424.6, 143.7), (5464.6, 200.0), (5488.8, 146.6), (5488.8, 95.6), (5488.8, 84.8), (5488.8, 121.0), (5488.8, 189.1), (5488.2, 154.5), (5488.0, 102.0), (5488.0, 82.8), (5488.0, 114.5), (5488.0, 179.9), (5488.0, 162.0), (5488.4, 105.9), (5488.4, 81.3), (5488.4, 108.6), (5488.4, 170.8), (5488.2, 170.5), (5488.8, 111.8), (5488.8, 80.4), (5488.8, 103.2), (5488.8, 161.6), (5488.1, 179.5), (5488.1, 119.3), (5488.1, 80.0), (5488.1, 98.4), (5488.1, 152.4), (5488.0, 188.3), (5488.8, 124.6), (5488.8, 81.3), (5488.8, 94.2), (5488.8, 143.8), (5488.0, 197.7), (5488.0, 131.4), (5488.0, 85.5), (5488.0, 90.5), (5488.0, 135.6), (5488.0, 207.4), (5488.6, 139.5), (5488.4, 92.0)]",0,27.48
novice,mario,Mario1-2,Stuck,4,0,198.25,0.969,"[(112.0, 208.0), (116.5, 226.4), (129.0, 280.4), (149.5, 353.8), (180.2, 314.5), (219.0, 260.9), (259.0, 228.5), (299.0, 219.2), (339.0, 240.0), (379.0, 171.2), (419.0, 122.7), (459.0, 96.1), (499.0, 93.1), (539.0, 122.8), (579.0, 186.8), (619.0, 260.1), (659.0, 275.8), (699.0, 214.6), (739.0, 173.9), (779.0, 156.0), (819.0, 164.1), (859.0, 207.1), (899.0, 203.0), (939.0, 144.3), (979.0, 106.4), (1019.0, 91.4), (1059.0, 103.5), (1099.0, 151.0), (1139.0, 223.4), (1179.0, 296.8), (1219.0, 340.8), (1259.0, 311.6), (1299.0, 305.7), (1339.0, 331.3), (1379.0, 348.9), (1419.0, 285.1), (1424.4, 241.8), (1424.4, 254.2), (1424.4, 303.8), (1430.9, 368.0), (1448.4, 304.0), (1473.9, 320.9), (1507.4, 368.0), (1547.4, 304.0), (1587.4, 320.9), (1627.4, 358.1), (1667.4, 326.0), (1707.4, 317.0), (1712.4, 338.1), (1716.9, 368.0), (1748.6, 368.3), (1788.6, 368.0), (1828.6, 339.8), (1868.6, 306.5), (1908.6, 335.9), (1948.6, 331.4), (1988.6, 310.8), (2028.6, 315.3), (2068.6, 354.2), (2108.6, 314.5), (2128.8, 260.9), (2128.8, 228.5), (2128.8, 219.2), (2128.8, 240.0), (2128.8, 296.4), (2131.5, 368.0), (2146.0, 304.0), (2168.5, 320.9), (2199.0, 368.0), (2238.6, 304.0), (2278.6, 320.9), (2318.6, 368.0), (2358.6, 304.0), (2398.6, 320.9), (2438.6, 368.0), (2478.6, 304.0), (2518.6, 320.9), (2558.6, 368.0), (2598.6, 299.1), (2638.6, 250.6), (2672.1, 224.0), (2672.1, 221.1), (2672.1, 250.8), (2673.9, 314.8), (2684.1, 348.9), (2704.6, 285.1), (2733.1, 278.8), (2769.6, 318.5), (2809.6, 348.9), (2849.6, 285.1), (2889.6, 278.8), (2929.6, 318.5), (2969.6, 348.9), (3009.6, 285.1), (3049.6, 241.8), (3089.6, 221.0), (3129.6, 225.2), (3169.6, 263.8), (3209.6, 333.1), (3249.6, 331.0), (3280.1, 272.3), (3285.6, 234.4), (3299.1, 219.4), (3320.6, 231.5), (3350.5, 261.4), (3389.8, 195.1), (3429.8, 149.2), (3469.8, 125.4), (3509.8, 126.0), (3549.8, 160.1), (3589.8, 227.0), (3629.8, 300.4), (3664.0, 368.0), (3664.4, 299.1), (3670.9, 250.6), (3685.4, 224.0), (3707.9, 221.1), (3738.4, 250.8), (3776.5, 314.8), (3816.5, 358.6), (3856.5, 292.3), (3859.5, 246.4), (3871.0, 222.7), (3890.5, 223.2), (3918.0, 257.4), (3955.4, 217.9), (3995.4, 164.3), (4035.4, 132.0), (4075.4, 122.7), (4115.4, 143.5), (4155.4, 199.9), (4195.4, 273.2), (4235.4, 326.3), (4242.6, 260.0), (4253.1, 214.0), (4271.6, 190.3), (4298.1, 190.9), (4332.6, 225.0), (4372.5, 194.6), (4412.5, 138.4), (4452.5, 103.3), (4492.5, 91.1), (4532.5, 107.5), (4572.5, 159.4), (4612.5, 232.6), (4624.1, 305.9), (4630.0, 358.3), (4646.5, 304.3), (4671.0, 325.3), (4703.9, 358.3), (4743.9, 304.3), (4783.9, 325.3), (4823.9, 358.3), (4863.9, 292.0), (4903.9, 246.0), (4943.9, 222.3), (4983.9, 210.3), (5023.9, 144.0), (5063.9, 98.0), (5103.9, 81.3), (5143.9, 108.6), (5183.9, 170.8), (5223.9, 244.1), (5263.9, 226.2), (5303.9, 170.1), (5343.9, 134.9), (5383.9, 122.7), (5423.9, 139.1), (5463.9, 191.0), (5488.4, 154.5), (5488.4, 100.9), (5488.4, 82.8), (5488.4, 114.5), (5488.4, 179.9), (5488.8, 162.0), (5488.8, 105.9), (5488.8, 81.3), (5488.8, 108.6), (5488.8, 170.8), (5488.8, 170.5), (5488.8, 111.8), (5488.8, 80.4), (5488.8, 103.2), (5488.8, 161.6), (5488.1, 179.2), (5488.1, 118.0), (5488.1, 80.0), (5488.1, 98.4), (5488.1, 152.4), (5488.1, 188.3), (5488.1, 124.6), (5488.1, 81.3), (5488.1, 94.2), (5488.1, 143.8), (5488.5, 197.7), (5488.8, 131.4), (5488.8, 85.5), (5488.8, 90.5), (5488.8, 135.6), (5488.8, 207.4), (5488.8, 138.6), (5488.8, 90.1), (5488.8, 87.4), (5488.8, 128.0), (5488.8, 198.3), (5488.1, 146.1), (5488.1, 95.0)]",0,27.48
novice,mario,Mario1-2,Stuck,2,0,196.46,0.969,"[(112.0, 208.0), (116.5, 226.4), (129.0, 280.4), (149.5, 353.8), (180.2, 314.5), (219.0, 260.9), (259.0, 228.5), (299.0, 219.2), (339.0, 240.0), (379.0, 171.2), (419.0, 122.7), (459.0, 96.1), (499.0, 93.1), (539.0, 122.8), (579.0, 186.8), (619.0, 260.1), (659.0, 275.8), (699.0, 214.6), (739.0, 173.9), (779.0, 156.0), (819.0, 164.1), (859.0, 207.1), (899.0, 203.0), (939.0, 144.3), (979.0, 106.4), (1019.0, 91.4), (1059.0, 103.5), (1099.0, 151.0), (1139.0, 223.4), (1179.0, 296.8), (1219.0, 340.8), (1259.0, 311.6), (1299.0, 305.7), (1339.0, 331.3), (1379.0, 348.9), (1419.0, 285.1), (1424.4, 241.8), (1424.4, 254.2), (1424.4, 303.8), (1430.9, 368.0), (1448.4, 304.0), (1473.9, 320.9), (1507.4, 368.0), (1547.4, 304.0), (1587.4, 320.9), (1627.4, 358.1), (1667.4, 326.0), (1707.4, 317.0), (1712.4, 338.1), (1716.9, 368.0), (1748.6, 368.3), (1788.6, 368.0), (1828.6, 339.8), (1868.6, 306.5), (1908.6, 335.9), (1948.6, 331.4), (1988.6, 310.8), (2028.6, 315.3), (2068.6, 354.2), (2108.6, 314.5), (2128.8, 261.1), (2128.8, 229.8), (2128.8, 221.6), (2128.8, 243.4), (2128.8, 300.8), (2131.5, 368.0), (2146.0, 304.0), (2168.5, 320.9), (2199.0, 368.0), (2238.6, 304.0), (2278.6, 320.9), (2318.6, 368.0), (2358.6, 304.0), (2398.6, 320.9), (2438.6, 368.0), (2478.6, 304.0), (2518.6, 320.9), (2558.6, 368.0), (2598.6, 299.1), (2638.6, 250.6), (2671.9, 224.0), (2671.6, 221.1), (2670.9, 250.8), (2674.4, 314.8), (2686.6, 348.9), (2709.1, 285.1), (2739.6, 278.8), (2777.8, 318.5), (2817.8, 348.9), (2857.8, 285.1), (2897.8, 278.8), (2937.8, 318.5), (2977.8, 348.9), (3017.8, 285.1), (3057.8, 241.8), (3097.8, 221.0), (3137.8, 225.2), (3177.8, 263.8), (3217.8, 333.1), (3257.8, 331.0), (3280.8, 272.3), (3288.2, 234.4), (3303.8, 219.4), (3327.2, 231.5), (3359.1, 261.4), (3399.0, 195.1), (3439.0, 149.2), (3479.0, 125.4), (3519.0, 126.0), (3559.0, 160.1), (3599.0, 227.0), (3639.0, 300.4), (3664.0, 368.0), (3663.0, 299.4), (3668.5, 251.2), (3682.0, 224.9), (3703.5, 222.3), (3733.0, 252.3), (3770.4, 316.4), (3810.4, 348.9), (3850.4, 285.1), (3858.6, 241.8), (3869.1, 221.0), (3887.6, 225.2), (3914.1, 263.8), (3951.1, 209.8), (3991.1, 158.7), (4031.1, 129.2), (4071.1, 123.0), (4111.1, 148.3), (4151.1, 208.7), (4191.1, 282.0), (4231.1, 316.9), (4242.6, 253.1), (4253.1, 209.8), (4271.6, 189.0), (4298.1, 193.2), (4332.6, 231.8), (4372.5, 186.5), (4412.5, 132.9), (4452.5, 100.5), (4492.5, 91.2), (4532.5, 112.0), (4572.5, 168.4), (4612.5, 241.8), (4624.4, 315.1), (4631.6, 348.9), (4649.1, 305.1), (4674.6, 330.4), (4708.9, 348.9), (4748.9, 305.1), (4788.9, 330.4), (4828.9, 348.9), (4868.9, 285.1), (4908.9, 241.8), (4948.9, 221.0), (4988.9, 202.0), (5028.9, 138.2), (5068.9, 94.9), (5108.9, 82.8), (5148.9, 114.5), (5188.9, 179.9), (5228.9, 253.3), (5268.9, 218.1), (5308.9, 164.5), (5348.9, 132.1), (5388.9, 122.8), (5428.9, 143.7), (5468.9, 200.0), (5488.0, 146.6), (5488.0, 95.6), (5488.0, 84.8), (5488.7, 121.0), (5488.7, 189.1), (5488.4, 153.9), (5488.9, 100.3), (5488.8, 82.8), (5488.0, 114.5), (5488.0, 179.9), (5487.0, 162.2), (5485.8, 106.4), (5488.1, 81.3), (5488.0, 108.6), (5488.0, 170.8), (5487.6, 170.6), (5485.9, 112.2), (5488.4, 80.4), (5488.8, 103.2), (5488.0, 161.6), (5488.1, 179.2), (5487.6, 118.0), (5488.0, 80.0), (5488.0, 98.4), (5488.0, 152.4), (5487.9, 188.4), (5486.1, 124.9), (5487.6, 81.9), (5488.4, 94.2), (5488.0, 143.8), (5488.0, 197.8), (5486.8, 131.7), (5486.5, 86.1), (5488.0, 90.5), (5488.0, 135.6), (5488.0, 207.4), (5487.6, 138.6), (5487.6, 90.1)]",0,27.47
novice,mario,Mario1-2,Stuck,1,0,198.12,0.969,"[(112.0, 208.0), (116.5, 226.4), (129.0, 280.4), (149.5, 353.8), (180.2, 314.5), (219.0, 260.9), (259.0, 228.5), (299.0, 219.2), (339.0, 240.0), (379.0, 171.2), (419.0, 122.7), (459.0, 96.1), (499.0, 93.1), (539.0, 122.8), (579.0, 186.8), (619.0, 260.1), (659.0, 275.8), (699.0, 214.6), (739.0, 173.9), (779.0, 156.0), (819.0, 164.1), (859.0, 207.1), (899.0, 203.0), (939.0, 144.3), (979.0, 106.4), (1019.0, 91.4), (1059.0, 103.5), (1099.0, 151.0), (1139.0, 223.4), (1179.0, 296.8), (1219.0, 340.8), (1259.0, 311.6), (1299.0, 305.7), (1339.0, 331.3), (1379.0, 348.9), (1419.0, 285.1), (1424.4, 241.8), (1424.4, 254.2), (1424.4, 303.8), (1430.9, 368.0), (1448.4, 304.0), (1473.9, 320.9), (1507.4, 368.0), (1547.4, 304.0), (1587.4, 320.9), (1627.4, 358.1), (1667.4, 326.0), (1707.4, 317.0), (1712.4, 338.1), (1716.9, 368.0), (1748.6, 368.3), (1788.6, 368.0), (1828.6, 339.8), (1868.6, 306.5), (1908.6, 335.9), (1948.6, 331.4), (1988.6, 310.8), (2028.6, 315.3), (2068.6, 354.2), (2108.6, 314.5), (2128.8, 260.9), (2128.8, 228.5), (2128.8, 219.2), (2128.8, 240.0), (2128.8, 296.4), (2131.5, 368.0), (2146.0, 304.0), (2168.5, 320.9), (2199.0, 368.0), (2238.6, 304.0), (2278.6, 320.9), (2318.6, 368.0), (2358.6, 304.0), (2398.6, 320.9), (2438.6, 368.0), (2478.6, 304.0), (2518.6, 320.9), (2558.6, 368.0), (2598.6, 299.1), (2638.6, 250.6), (2672.1, 224.0), (2672.1, 221.1), (2672.0, 250.8), (2675.5, 314.8), (2687.8, 348.9), (2710.2, 285.1), (2740.8, 278.8), (2778.9, 318.5), (2818.9, 348.9), (2858.9, 285.1), (2898.9, 278.8), (2938.9, 318.5), (2978.9, 348.9), (3018.9, 285.1), (3058.9, 241.8), (3098.9, 221.0), (3138.9, 225.2), (3178.9, 263.8), (3218.9, 333.1), (3258.9, 331.0), (3280.8, 272.3), (3288.2, 234.4), (3303.8, 219.4), (3327.2, 231.5), (3359.1, 261.4), (3399.0, 195.1), (3439.0, 149.2), (3479.0, 125.4), (3519.0, 126.0), (3559.0, 160.1), (3599.0, 227.0), (3639.0, 300.4), (3664.4, 368.0), (3664.8, 299.1), (3672.2, 250.6), (3687.8, 224.0), (3711.2, 221.1), (3742.8, 250.8), (3781.5, 314.8), (3820.2, 348.9), (3856.0, 285.1), (3860.5, 241.8), (3873.0, 221.0), (3893.5, 225.2), (3922.0, 263.8), (3960.4, 209.8), (4000.4, 158.7), (4040.4, 129.2), (4080.4, 123.0), (4120.4, 148.3), (4160.4, 208.7), (4200.4, 282.0), (4240.4, 316.9), (4243.5, 253.1), (4255.0, 209.8), (4274.5, 189.0), (4302.0, 193.2), (4337.5, 231.8), (4377.5, 186.5), (4417.5, 132.9), (4457.5, 100.5), (4497.5, 91.2), (4537.5, 112.0), (4577.5, 168.4), (4617.5, 241.8), (4624.4, 315.1), (4631.6, 348.9), (4649.1, 305.1), (4674.6, 330.4), (4708.9, 348.9), (4748.9, 305.1), (4788.9, 330.4), (4828.9, 348.9), (4868.9, 285.1), (4908.9, 241.8), (4948.9, 221.0), (4988.9, 202.0), (5028.9, 138.2), (5068.9, 94.9), (5108.9, 82.8), (5148.9, 114.5), (5188.9, 179.9), (5228.9, 253.3), (5268.9, 218.1), (5308.9, 164.5), (5348.9, 132.1), (5388.9, 122.8), (5428.9, 143.7), (5468.9, 200.0), (5488.8, 146.6), (5488.8, 95.6), (5488.8, 84.8), (5488.8, 121.0), (5488.8, 189.1), (5488.0, 153.9), (5488.0, 100.3), (5488.0, 82.8), (5488.0, 114.5), (5488.0, 179.9), (5488.0, 162.0), (5488.0, 105.9), (5488.0, 81.3), (5488.0, 108.6), (5488.0, 170.8), (5488.4, 170.5), (5488.4, 111.8), (5488.4, 80.4), (5488.4, 103.2), (5488.4, 161.6), (5488.4, 179.2), (5488.4, 118.0), (5488.4, 80.0), (5488.4, 98.4), (5488.4, 152.4), (5488.0, 188.3), (5488.0, 124.6), (5488.0, 81.3), (5488.0, 94.2), (5488.0, 143.8), (5488.0, 197.7), (5488.0, 131.4), (5488.0, 85.5), (5488.0, 90.5), (5488.0, 135.6), (5488.0, 207.4), (5488.4, 138.6), (5488.4, 90.1)]",0,27.47
novice,mario,Mario1-2,Enemy,3,0,282.12,0.278,"[(112.0, 208.0), (116.5, 226.4), (129.0, 280.4), (149.5, 353.8), (180.2, 314.5), (219.0, 260.9), (259.0, 228.5), (299.0, 219.2), (339.0, 240.0), (379.0, 171.2), (419.0, 122.7), (459.0, 96.1), (499.0, 93.1), (539.0, 122.8), (579.0, 186.8), (619.0, 260.1), (659.0, 275.8), (699.0, 214.6), (739.0, 173.9), (779.0, 156.0), (819.0, 164.1), (859.0, 207.1), (899.0, 203.0), (939.0, 144.3), (979.0, 106.4), (1019.0, 91.4), (1059.0, 103.5), (1099.0, 151.0), (1139.0, 223.4), (1179.0, 296.8), (1219.0, 340.8), (1259.0, 311.6), (1299.0, 305.7), (1339.0, 331.3), (1379.0, 368.0), (1419.0, 368.0), (1459.0, 368.0), (1499.0, 368.0), (1539.0, 368.0), (1574.0, 368.4)]",0,5.2
novice,mario,Mario1-2,Stuck,4,0,198.12,0.969,"[(112.0, 208.0), (116.5, 226.4), (129.0, 280.4), (149.5, 353.8), (180.2, 314.5), (219.0, 260.9), (259.0, 228.5), (299.0, 219.2), (339.0, 240.0), (379.0, 171.2), (419.0, 122.7), (459.0, 96.1), (499.0, 93.1), (539.0, 122.8), (579.0, 186.8), (619.0, 260.1), (659.0, 275.8), (699.0, 214.6), (739.0, 173.9), (779.0, 156.0), (819.0, 164.1), (859.0, 207.1), (899.0, 203.0), (939.0, 144.3), (979.0, 106.4), (1019.0, 91.4), (1059.0, 103.5), (1099.0, 151.0), (1139.0, 223.4), (1179.0, 296.8), (1219.0, 340.8), (1259.0, 311.6), (1299.0, 305.7), (1339.0, 331.3), (1379.0, 348.9), (1419.0, 285.1), (1424.4, 241.8), (1424.4, 254.2), (1424.4, 303.8), (1430.9, 368.0), (1448.4, 304.0), (1473.9, 320.9), (1507.4, 368.0), (1547.4, 304.0), (1587.4, 320.9), (1627.4, 358.1), (1667.4, 326.0), (1707.4, 317.0), (1712.4, 338.1), (1716.9, 368.0), (1748.6, 368.3), (1788.6, 368.0), (1828.6, 339.8), (1868.6, 306.5), (1908.6, 335.9), (1948.6, 331.4), (1988.6, 310.8), (2028.6, 315.3), (2068.6, 354.2), (2108.6, 314.5), (2128.8, 260.9), (2128.8, 228.5), (2128.8, 219.2), (2128.8, 240.0), (2128.8, 296.4), (2131.5, 368.0), (2146.0, 304.0), (2168.5, 320.9), (2199.0, 368.0), (2238.6, 304.0), (2278.6, 320.9), (2318.6, 368.0), (2358.6, 304.0), (2398.6, 320.9), (2438.6, 368.0), (2478.6, 304.0), (2518.6, 320.9), (2558.6, 368.0), (2598.6, 299.1), (2638.6, 250.6), (2672.1, 224.0), (2672.1, 221.1), (2672.1, 250.8), (2673.9, 314.8), (2684.1, 348.9), (2704.6, 285.1), (2733.1, 278.8), (2769.6, 318.5), (2809.6, 348.9), (2849.6, 285.1), (2889.6, 278.8), (2929.6, 318.5), (2969.6, 348.9), (3009.6, 285.1), (3049.6, 241.8), (3089.6, 221.0), (3129.6, 225.2), (3169.6, 263.8), (3209.6, 333.1), (3249.6, 331.0), (3280.1, 272.3), (3285.6, 234.4), (3299.1, 219.4), (3320.6, 231.5), (3350.5, 261.4), (3389.8, 195.1), (3429.8, 149.2), (3469.8, 125.4), (3509.8, 126.0), (3549.8, 160.1), (3589.8, 227.0), (3629.8, 300.4), (3664.0, 368.0), (3664.4, 299.1), (3670.9, 250.6), (3685.4, 224.0), (3707.9, 221.1), (3738.4, 250.8), (3776.5, 314.8), (3816.5, 348.9), (3856.5, 285.1), (3859.5, 241.8), (3871.0, 221.0), (3890.5, 225.2), (3918.0, 263.8), (3955.8, 209.8), (3995.8, 158.7), (4035.8, 129.2), (4075.8, 123.0), (4115.8, 148.3), (4155.8, 208.7), (4195.8, 282.0), (4235.8, 316.9), (4242.6, 253.1), (4253.1, 209.8), (4271.6, 189.0), (4298.1, 193.2), (4332.6, 231.8), (4372.5, 186.5), (4412.5, 132.9), (4452.5, 100.5), (4492.5, 91.2), (4532.5, 112.0), (4572.5, 168.4), (4612.5, 241.8), (4624.1, 315.1), (4630.4, 348.9), (4646.9, 305.1), (4671.4, 330.4), (4704.6, 348.9), (4744.6, 305.1), (4784.6, 330.4), (4824.6, 348.9), (4864.6, 285.1), (4904.6, 241.8), (4944.6, 221.0), (4984.6, 202.0), (5024.6, 138.2), (5064.6, 94.9), (5104.6, 82.8), (5144.6, 114.5), (5184.6, 179.9), (5224.6, 253.3), (5264.6, 218.1), (5304.6, 164.5), (5344.6, 132.1), (5384.6, 122.8), (5424.6, 143.7), (5464.6, 200.0), (5488.8, 146.6), (5488.8, 95.6), (5488.8, 84.8), (5488.8, 121.0), (5488.8, 189.1), (5488.0, 154.5), (5488.0, 102.0), (5488.0, 82.8), (5488.0, 114.5), (5488.0, 179.9), (5488.0, 162.0), (5488.0, 105.9), (5488.0, 81.3), (5488.0, 108.6), (5488.0, 170.8), (5488.4, 170.5), (5488.4, 111.8), (5488.4, 80.4), (5488.4, 103.2), (5488.4, 161.6), (5488.4, 179.5), (5488.4, 119.3), (5488.4, 80.0), (5488.4, 98.4), (5488.4, 152.4), (5488.0, 188.3), (5488.0, 124.6), (5488.0, 81.3), (5488.0, 94.2), (5488.0, 143.8), (5488.0, 197.7), (5488.0, 131.4), (5488.0, 85.5), (5488.0, 90.5), (5488.0, 135.6), (5488.0, 207.4), (5488.4, 139.5), (5488.4, 92.0)]",0,27.48
novice,mario,Mario1-2,Stuck,6,0,198.47,0.969,"[(112.0, 208.0), (116.5, 226.4), (129.0, 280.4), (149.5, 353.8), (180.2, 314.5), (219.0, 260.9), (259.0, 228.5), (299.0, 219.2), (339.0, 240.0), (379.0, 171.2), (419.0, 122.7), (459.0, 96.1), (499.0, 93.1), (539.0, 122.8), (579.0, 186.8), (619.0, 260.1), (659.0, 275.8), (699.0, 214.6), (739.0, 173.9), (779.0, 156.0), (819.0, 164.1), (859.0, 207.1), (899.0, 203.0), (939.0, 144.3), (979.0, 106.4), (1019.0, 91.4), (1059.0, 103.5), (1099.0, 151.0), (1139.0, 223.4), (1179.0, 296.8), (1219.0, 340.8), (1259.0, 311.6), (1299.0, 305.7), (1339.0, 331.3), (1379.0, 348.9), (1419.0, 285.1), (1424.4, 241.8), (1424.4, 254.2), (1424.4, 303.8), (1430.9, 368.0), (1448.4, 304.0), (1473.9, 320.9), (1507.4, 368.0), (1547.4, 304.0), (1587.4, 320.9), (1627.4, 358.1), (1667.4, 326.0), (1707.4, 317.0), (1712.4, 338.1), (1716.9, 368.0), (1748.6, 368.3), (1788.6, 368.0), (1828.6, 339.8), (1868.6, 306.5), (1908.6, 335.9), (1948.6, 331.4), (1988.6, 310.8), (2028.6, 315.3), (2068.6, 354.2), (2108.6, 314.5), (2128.8, 260.9), (2128.8, 228.5), (2128.8, 219.2), (2128.8, 240.0), (2128.8, 296.4), (2131.5, 368.0), (2146.0, 304.0), (2168.5, 320.9), (2199.0, 368.0), (2238.6, 304.0), (2278.6, 320.9), (2318.6, 368.0), (2358.6, 304.0), (2398.6, 320.9), (2438.6, 368.0), (2478.6, 304.0), (2518.6, 320.9), (2558.6, 368.0), (2598.6, 299.1), (2638.6, 250.6), (2672.1, 224.0), (2672.1, 221.1), (2672.1, 250.8), (2673.9, 314.8), (2684.1, 348.9), (2704.6, 285.1), (2733.1, 278.8), (2769.6, 318.5), (2809.6, 348.9), (2849.6, 285.1), (2889.6, 278.8), (2929.6, 318.5), (2969.6, 348.9), (3009.6, 285.1), (3049.6, 241.8), (3089.6, 221.0), (3129.6, 225.2), (3169.6, 263.8), (3209.6, 333.1), (3249.6, 331.0), (3280.1, 272.3), (3285.6, 234.4), (3299.1, 219.4), (3320.6, 231.5), (3350.5, 261.4), (3389.8, 196.1), (3429.8, 151.2), (3469.8, 128.5), (3509.8, 130.1), (3549.8, 165.3), (3589.8, 232.9), (3629.8, 306.2), (3664.0, 358.3), (3665.2, 292.0), (3673.8, 246.0), (3690.2, 222.3), (3714.8, 222.9), (3747.2, 257.0), (3786.5, 323.9), (3826.5, 339.8), (3856.1, 278.6), (3861.6, 237.9), (3875.1, 220.0), (3896.6, 228.1), (3926.1, 271.1), (3965.4, 202.3), (4005.4, 153.7), (4045.4, 127.1), (4085.4, 124.2), (4125.4, 153.9), (4165.4, 217.9), (4205.4, 291.2), (4240.0, 307.8), (4244.5, 246.6), (4257.0, 205.9), (4277.5, 188.0), (4306.0, 196.1), (4342.5, 239.1), (4382.5, 178.6), (4422.5, 127.6), (4462.5, 98.1), (4502.5, 91.9), (4542.5, 117.1), (4582.5, 177.6), (4622.5, 250.9), (4624.8, 324.3), (4633.4, 339.8), (4651.9, 306.5), (4678.4, 335.9), (4713.9, 339.8), (4753.9, 306.5), (4793.9, 335.9), (4833.9, 339.8), (4873.9, 278.6), (4913.9, 237.9), (4953.9, 220.0), (4993.9, 192.9), (5033.9, 131.7), (5073.9, 91.0), (5113.9, 84.8), (5153.9, 121.0), (5193.9, 189.1), (5233.9, 262.4), (5273.9, 210.3), (5313.9, 159.2), (5353.9, 129.7), (5393.9, 123.5), (5433.9, 148.8), (5473.9, 208.0), (5488.0, 139.1), (5488.0, 90.6), (5488.0, 87.4), (5488.0, 128.0), (5488.0, 198.3), (5488.1, 146.1), (5488.1, 95.0), (5488.1, 84.8), (5488.1, 121.0), (5488.1, 189.1), (5488.1, 153.9), (5488.1, 100.3), (5488.1, 82.8), (5488.1, 114.5), (5488.1, 179.9), (5488.8, 162.5), (5488.8, 107.4), (5488.8, 81.3), (5488.8, 108.6), (5488.8, 170.8), (5488.8, 170.5), (5488.8, 111.8), (5488.8, 80.4), (5488.8, 103.2), (5488.8, 161.6), (5488.1, 179.2), (5488.1, 118.0), (5488.1, 80.0), (5488.1, 98.4), (5488.1, 152.4), (5488.1, 188.5), (5488.1, 125.7), (5488.1, 83.5), (5488.1, 94.2), (5488.1, 143.8), (5488.5, 197.7), (5488.8, 131.4)]",0,27.45
novice,mario,Mario1-2,Enemy,2,0,43.58,0.051,"[(112.0, 208.0), (112.0, 226.4), (112.1, 280.4), (117.6, 353.8), (130.5, 314.7), (140.2, 261.5), (145.5, 229.5), (146.5, 220.5), (146.5, 241.7), (147.2, 298.4), (154.8, 368.0), (182.9, 368.0), (217.7, 368.0), (254.2, 368.0), (284.1, 368.0), (291.4, 368.0), (291.4, 368.0), (291.4, 368.0), (291.4, 368.0), (291.4, 368.0), (291.4, 368.0), (291.4, 368.0), (291.4, 368.0), (291.4, 368.0), (291.4, 368.0), (291.4, 368.0), (291.4, 368.0), (291.4, 368.0), (291.4, 368.0), (291.4, 368.0), (291.4, 368.0)]",0,4.12
novice,mario,Mario1-2,Stuck,1,0,197.37,0.969,"[(112.0, 208.0), (116.5, 226.4), (129.0, 280.4), (149.5, 353.8), (180.2, 314.5), (219.0, 260.9), (259.0, 228.5), (299.0, 219.2), (339.0, 240.0), (379.0, 171.2), (419.0, 122.7), (459.0, 96.1), (499.0, 93.1), (539.0, 122.8), (579.0, 186.8), (619.0, 260.1), (659.0, 275.8), (699.0, 214.6), (739.0, 173.9), (779.0, 156.0), (819.0, 164.1), (859.0, 207.1), (899.0, 203.0), (939.0, 144.3), (979.0, 106.4), (1019.0, 91.4), (1059.0, 103.5), (1099.0, 151.0), (1139.0, 223.4), (1179.0, 296.8), (1219.0, 340.8), (1259.0, 311.6), (1299.0, 305.7), (1339.0, 331.3), (1379.0, 348.9), (1419.0, 285.1), (1424.4, 241.8), (1424.4, 254.2), (1424.4, 303.8), (1430.9, 368.0), (1448.4, 304.0), (1473.9, 320.9), (1507.4, 368.0), (1547.4, 304.0), (1587.4, 320.9), (1627.4, 358.1), (1667.4, 326.0), (1707.4, 317.0), (1712.4, 338.1), (1716.9, 368.0), (1748.6, 368.3), (1788.6, 368.0), (1828.6, 339.8), (1868.6, 306.5), (1908.6, 335.9), (1948.6, 331.4), (1988.6, 310.8), (2028.6, 315.3), (2068.6, 354.2), (2108.6, 314.5), (2128.8, 260.9), (2128.8, 228.5), (2128.8, 219.2), (2128.8, 240.0), (2128.8, 296.4), (2131.5, 368.0), (2146.0, 304.0), (2168.5, 320.9), (2199.0, 368.0), (2238.6, 304.0), (2278.6, 320.9), (2318.6, 368.0), (2358.6, 304.0), (2398.6, 320.9), (2438.6, 368.0), (2478.6, 304.0), (2518.6, 320.9), (2558.6, 368.0), (2598.6, 299.1), (2638.6, 250.6), (2671.9, 224.0), (2671.6, 221.1), (2670.9, 250.8), (2674.4, 314.8), (2686.6, 348.9), (2709.1, 285.1), (2739.6, 278.8), (2777.8, 318.5), (2817.8, 348.9), (2857.8, 285.1), (2897.8, 278.8), (2937.8, 318.5), (2977.8, 348.9), (3017.8, 285.1), (3057.8, 241.8), (3097.8, 221.0), (3137.8, 225.2), (3177.8, 263.8), (3217.8, 333.1), (3257.8, 331.0), (3280.8, 272.3), (3288.2, 234.4), (3303.8, 219.4), (3327.2, 231.5), (3359.1, 261.4), (3399.0, 195.1), (3439.0, 149.2), (3479.0, 125.4), (3519.0, 126.0), (3559.0, 160.1), (3599.0, 227.0), (3639.0, 300.4), (3664.0, 368.0), (3664.8, 299.4), (3672.2, 251.2), (3687.8, 224.9), (3711.2, 222.3), (3742.8, 252.3), (3781.5, 316.4), (3821.5, 348.9), (3856.0, 285.1), (3860.5, 241.8), (3873.0, 221.0), (3893.5, 225.2), (3922.0, 263.8), (3960.4, 209.8), (4000.4, 158.7), (4040.4, 129.2), (4080.4, 123.0), (4120.4, 148.3), (4160.4, 208.7), (4200.4, 282.0), (4240.4, 316.9), (4243.5, 253.1), (4255.0, 209.8), (4274.5, 189.0), (4302.0, 193.2), (4337.5, 231.8), (4377.5, 186.5), (4417.5, 132.9), (4457.5, 100.5), (4497.5, 91.2), (4537.5, 112.0), (4577.5, 168.4), (4617.5, 241.8), (4624.4, 315.1), (4631.6, 348.9), (4649.1, 305.1), (4674.6, 330.4), (4708.9, 348.9), (4748.9, 305.1), (4788.9, 330.4), (4828.9, 348.9), (4868.9, 285.1), (4908.9, 241.8), (4948.9, 221.0), (4988.9, 202.0), (5028.9, 138.2), (5068.9, 94.9), (5108.9, 82.8), (5148.9, 114.5), (5188.9, 179.9), (5228.9, 253.3), (5268.9, 218.1), (5308.9, 164.5), (5348.9, 132.1), (5388.9, 122.8), (5428.9, 143.7), (5468.9, 200.0), (5488.0, 146.6), (5488.0, 95.6), (5488.0, 84.8), (5488.0, 121.0), (5488.2, 189.1), (5487.8, 153.9), (5488.1, 100.3), (5488.1, 82.8), (5488.1, 114.5), (5488.0, 179.9), (5487.0, 162.2), (5488.0, 106.4), (5488.0, 81.3), (5488.0, 108.6), (5488.2, 170.8), (5487.8, 170.6), (5488.3, 112.2), (5488.4, 80.4), (5488.4, 103.2), (5488.2, 161.6), (5488.1, 179.2), (5488.4, 118.0), (5488.4, 80.0), (5488.4, 98.4), (5488.0, 152.4), (5487.9, 188.4), (5487.6, 124.9), (5488.1, 81.9), (5488.1, 94.2), (5488.1, 143.8), (5488.2, 197.8), (5487.2, 131.7), (5488.8, 86.1), (5488.8, 90.5), (5488.8, 135.6), (5488.2, 207.4), (5487.6, 138.6), (5488.8, 90.1)]",0,27.47
novice,mario,Mario1-2,Stuck,4,3,149.26,0.347,"[(112.0, 208.0), (116.5, 226.4), (129.0, 280.4), (149.5, 353.8), (180.2, 314.5), (219.0, 260.9), (259.0, 228.5), (299.0, 219.2), (339.0, 240.0), (379.0, 171.2), (419.0, 122.7), (459.0, 96.1), (499.0, 93.1), (539.0, 122.8), (579.0, 186.8), (619.0, 260.1), (659.0, 275.8), (699.0, 214.6), (739.0, 173.9), (779.0, 156.0), (819.0, 164.1), (859.0, 207.1), (899.0, 203.0), (939.0, 144.3), (979.0, 106.4), (1019.0, 91.4), (1059.0, 103.5), (1099.0, 151.0), (1139.0, 223.4), (1179.0, 296.8), (1219.0, 340.8), (1259.0, 311.6), (1299.0, 305.7), (1339.0, 331.3), (1379.0, 348.9), (1419.0, 285.1), (1424.4, 241.8), (1424.4, 254.2), (1424.7, 303.8), (1424.7, 368.0), (1432.2, 304.0), (1447.7, 320.9), (1471.2, 368.0), (1505.7, 304.0), (1545.6, 320.9), (1585.6, 345.1), (1625.6, 315.8), (1665.6, 309.9), (1705.6, 335.5), (1712.6, 339.9), (1712.4, 279.0), (1712.4, 238.6), (1718.9, 221.0), (1733.4, 229.3), (1757.8, 194.6), (1791.2, 144.0), (1830.9, 161.5), (1870.9, 214.5), (1910.9, 195.1), (1950.9, 144.0), (1968.0, 161.5), (1968.0, 214.5), (1968.0, 240.4), (1968.0, 240.4), (1968.0, 240.4), (1968.0, 240.4), (1968.0, 240.4), (1968.0, 240.4), (1968.0, 240.4), (1968.0, 240.4), (1968.0, 240.4), (1968.0, 240.4), (1968.0, 240.4), (1968.0, 240.4), (1968.0, 240.4), (1968.0, 240.4), (1968.0, 240.4), (1968.0, 240.4), (1968.0, 240.4), (1968.0, 240.4), (1968.0, 240.4), (1968.0, 240.4), (1968.0, 240.4), (1968.0, 240.4), (1968.0, 240.4), (1968.0, 240.4), (1968.0, 240.4), (1968.0, 240.4), (1968.0, 240.4), (1968.0, 240.4), (1968.0, 240.4), (1968.0, 240.4), (1968.0, 240.4), (1968.0, 240.4), (1968.0, 240.4), (1968.0, 240.4), (1968.0, 240.4), (1968.0, 240.4)]",0,12.93
novice,mario,Mario1-2,Stuck,1,0,197.37,0.969,"[(112.0, 208.0), (116.5, 226.4), (129.0, 280.4), (149.5, 353.8), (180.2, 314.5), (219.0, 260.9), (259.0, 228.5), (299.0, 219.2), (339.0, 240.0), (379.0, 171.2), (419.0, 122.7), (459.0, 96.1), (499.0, 93.1), (539.0, 122.8), (579.0, 186.8), (619.0, 260.1), (659.0, 275.8), (699.0, 214.6), (739.0, 173.9), (779.0, 156.0), (819.0, 164.1), (859.0, 207.1), (899.0, 203.0), (939.0, 144.3), (979.0, 106.4), (1019.0, 91.4), (1059.0, 103.5), (1099.0, 151.0), (1139.0, 223.4), (1179.0, 296.8), (1219.0, 340.8), (1259.0, 311.6), (1299.0, 305.7), (1339.0, 331.3), (1379.0, 348.9), (1419.0, 285.1), (1424.4, 241.8), (1424.4, 254.2), (1424.4, 303.8), (1430.9, 368.0), (1448.4, 304.0), (1473.9, 320.9), (1507.4, 368.0), (1547.4, 304.0), (1587.4, 320.9), (1627.4, 358.1), (1667.4, 326.0), (1707.4, 317.0), (1712.4, 338.1), (1716.9, 368.0), (1748.6, 368.3), (1788.6, 368.0), (1828.6, 339.8), (1868.6, 306.5), (1908.6, 335.9), (1948.6, 331.4), (1988.6, 310.8), (2028.6, 315.3), (2068.6, 354.2), (2108.6, 314.5), (2128.8, 260.9), (2128.8, 228.5), (2128.8, 219.2), (2128.8, 240.0), (2128.8, 296.4), (2131.5, 368.0), (2146.0, 304.0), (2168.5, 320.9), (2199.0, 368.0), (2238.6, 304.0), (2278.6, 320.9), (2318.6, 368.0), (2358.6, 304.0), (2398.6, 320.9), (2438.6, 368.0), (2478.6, 304.0), (2518.6, 320.9), (2558.6, 368.0), (2598.6, 299.1), (2638.6, 250.6), (2671.9, 224.0), (2671.6, 221.1), (2670.9, 250.8), (2674.4, 314.8), (2686.6, 348.9), (2709.1, 285.1), (2739.6, 278.8), (2777.8, 318.5), (2817.8, 348.9), (2857.8, 285.1), (2897.8, 278.8), (2937.8, 318.5), (2977.8, 348.9), (3017.8, 285.1), (3057.8, 241.8), (3097.8, 221.0), (3137.8, 225.2), (3177.8, 263.8), (3217.8, 333.1), (3257.8, 331.0), (3280.8, 272.3), (3288.2, 234.4), (3303.8, 219.4), (3327.2, 231.5), (3359.1, 261.4), (3399.0, 195.1), (3439.0, 149.2), (3479.0, 125.4), (3519.0, 126.0), (3559.0, 160.1), (3599.0, 227.0), (3639.0, 300.4), (3664.0, 368.0), (3664.8, 299.4), (3672.2, 251.2), (3687.8, 224.9), (3711.2, 222.3), (3742.8, 252.3), (3781.5, 316.4), (3821.5, 348.9), (3856.0, 285.1), (3860.5, 241.8), (3873.0, 221.0), (3893.5, 225.2), (3922.0, 263.8), (3960.4, 209.8), (4000.4, 158.7), (4040.4, 129.2), (4080.4, 123.0), (4120.4, 148.3), (4160.4, 208.7), (4200.4, 282.0), (4240.4, 316.9), (4243.5, 253.1), (4255.0, 209.8), (4274.5, 189.0), (4302.0, 193.2), (4337.5, 231.8), (4377.5, 186.5), (4417.5, 132.9), (4457.5, 100.5), (4497.5, 91.2), (4537.5, 112.0), (4577.5, 168.4), (4617.5, 241.8), (4624.4, 315.1), (4631.6, 348.9), (4649.1, 305.1), (4674.6, 330.4), (4708.9, 348.9), (4748.9, 305.1), (4788.9, 330.4), (4828.9, 348.9), (4868.9, 285.1), (4908.9, 241.8), (4948.9, 221.0), (4988.9, 202.0), (5028.9, 138.2), (5068.9, 94.9), (5108.9, 82.8), (5148.9, 114.5), (5188.9, 179.9), (5228.9, 253.3), (5268.9, 218.1), (5308.9, 164.5), (5348.9, 132.1), (5388.9, 122.8), (5428.9, 143.7), (5468.9, 200.0), (5488.0, 146.6), (5488.0, 95.6), (5488.0, 84.8), (5488.0, 121.0), (5488.2, 189.1), (5487.8, 153.9), (5488.1, 100.3), (5488.1, 82.8), (5488.1, 114.5), (5488.0, 179.9), (5487.0, 162.2), (5488.0, 106.4), (5488.0, 81.3), (5488.0, 108.6), (5488.2, 170.8), (5487.8, 170.6), (5488.3, 112.2), (5488.4, 80.4), (5488.4, 103.2), (5488.2, 161.6), (5488.1, 179.2), (5488.4, 118.0), (5488.4, 80.0), (5488.4, 98.4), (5488.0, 152.4), (5487.9, 188.4), (5487.6, 124.9), (5488.1, 81.9), (5488.1, 94.2), (5488.1, 143.8), (5488.2, 197.8), (5487.2, 131.7), (5488.8, 86.1), (5488.8, 90.5), (5488.8, 135.6), (5488.2, 207.4), (5487.6, 138.6), (5488.8, 90.1)]",0,27.47
novice,mario,Mario1-2,Stuck,4,0,197.88,0.969,"[(112.0, 208.0), (116.5, 226.4), (129.0, 280.4), (149.5, 353.8), (180.2, 314.5), (219.0, 260.9), (259.0, 228.5), (299.0, 219.2), (339.0, 240.0), (379.0, 171.2), (419.0, 122.7), (459.0, 96.1), (499.0, 93.1), (539.0, 122.8), (579.0, 186.8), (619.0, 260.1), (659.0, 275.8), (699.0, 214.6), (739.0, 173.9), (779.0, 156.0), (819.0, 164.1), (859.0, 207.1), (899.0, 203.0), (939.0, 144.3), (979.0, 106.4), (1019.0, 91.4), (1059.0, 103.5), (1099.0, 151.0), (1139.0, 223.4), (1179.0, 296.8), (1219.0, 340.8), (1259.0, 311.6), (1299.0, 305.7), (1339.0, 331.3), (1379.0, 348.9), (1419.0, 285.1), (1424.4, 241.8), (1424.4, 254.2), (1424.4, 303.8), (1430.9, 368.0), (1448.4, 304.0), (1473.9, 320.9), (1507.4, 368.0), (1547.4, 304.0), (1587.4, 320.9), (1627.4, 358.1), (1667.4, 326.0), (1707.4, 317.0), (1712.4, 338.1), (1716.9, 368.0), (1748.6, 368.3), (1788.6, 368.0), (1828.6, 339.8), (1868.6, 306.5), (1908.6, 335.9), (1948.6, 331.4), (1988.6, 310.8), (2028.6, 315.3), (2068.6, 354.2), (2108.6, 314.5), (2128.8, 260.9), (2128.8, 228.5), (2128.8, 219.2), (2128.8, 240.0), (2128.8, 296.4), (2131.5, 368.0), (2146.0, 304.0), (2168.5, 320.9), (2199.0, 368.0), (2238.6, 304.0), (2278.6, 320.9), (2318.6, 368.0), (2358.6, 304.0), (2398.6, 320.9), (2438.6, 368.0), (2478.6, 304.0), (2518.6, 320.9), (2558.6, 368.0), (2598.6, 299.1), (2638.6, 250.6), (2672.0, 224.0), (2672.4, 221.1), (2672.4, 250.8), (2674.6, 314.8), (2685.9, 348.9), (2707.4, 285.1), (2736.9, 278.8), (2774.2, 318.5), (2814.2, 348.9), (2854.2, 285.1), (2894.2, 278.8), (2934.2, 318.5), (2974.2, 348.9), (3014.2, 285.1), (3054.2, 241.8), (3094.2, 221.0), (3134.2, 225.2), (3174.2, 263.8), (3214.2, 333.1), (3254.2, 331.0), (3280.4, 272.3), (3286.9, 234.4), (3301.4, 219.4), (3323.9, 231.5), (3354.8, 261.4), (3394.4, 195.1), (3434.4, 149.2), (3474.4, 125.4), (3514.4, 126.0), (3554.4, 160.1), (3594.4, 227.0), (3634.4, 300.4), (3664.1, 368.0), (3664.4, 299.1), (3670.9, 250.6), (3685.4, 224.0), (3707.9, 221.1), (3738.4, 250.8), (3776.5, 314.8), (3816.5, 348.9), (3856.5, 285.1), (3859.5, 241.8), (3871.0, 221.0), (3890.5, 225.2), (3918.0, 263.8), (3955.8, 209.8), (3995.8, 158.7), (4035.8, 129.2), (4075.8, 123.0), (4115.8, 148.3), (4155.8, 208.7), (4195.8, 282.0), (4235.8, 316.9), (4242.6, 253.1), (4253.1, 209.8), (4271.6, 189.0), (4298.1, 193.2), (4332.6, 231.8), (4372.5, 186.5), (4412.5, 132.9), (4452.5, 100.5), (4492.5, 91.2), (4532.5, 112.0), (4572.5, 168.4), (4612.5, 241.8), (4624.1, 315.1), (4630.4, 348.9), (4646.9, 305.1), (4671.4, 330.4), (4704.6, 348.9), (4744.6, 305.1), (4784.6, 330.4), (4824.6, 348.9), (4864.6, 285.1), (4904.6, 241.8), (4944.6, 221.0), (4984.6, 202.0), (5024.6, 138.2), (5064.6, 94.9), (5104.6, 82.8), (5144.6, 114.5), (5184.6, 179.9), (5224.6, 253.3), (5264.6, 218.1), (5304.6, 164.5), (5344.6, 132.1), (5384.6, 122.8), (5424.6, 143.7), (5464.6, 200.0), (5488.8, 146.6), (5488.8, 95.6), (5488.8, 84.8), (5488.8, 121.0), (5488.8, 189.1), (5488.2, 154.5), (5488.0, 102.0), (5488.0, 82.8), (5488.0, 114.5), (5488.0, 179.9), (5488.0, 162.0), (5488.4, 105.9), (5488.4, 81.3), (5488.4, 108.6), (5488.4, 170.8), (5488.2, 170.5), (5488.8, 111.8), (5488.8, 80.4), (5488.8, 103.2), (5488.8, 161.6), (5488.1, 179.5), (5488.1, 119.3), (5488.1, 80.0), (5488.1, 98.4), (5488.1, 152.4), (5488.0, 188.3), (5488.8, 124.6), (5488.8, 81.3), (5488.8, 94.2), (5488.8, 143.8), (5488.0, 197.7), (5488.0, 131.4), (5488.0, 85.5), (5488.0, 90.5), (5488.0, 135.6), (5488.0, 207.4), (5488.6, 139.5), (5488.4, 92.0)]",0,27.48
novice,mario,Mario1-2,Stuck,6,0,198.47,0.969,"[(112.0, 208.0), (116.5, 226.4), (129.0, 280.4), (149.5, 353.8), (180.2, 314.5), (219.0, 260.9), (259.0, 228.5), (299.0, 219.2), (339.0, 240.0), (379.0, 171.2), (419.0, 122.7), (459.0, 96.1), (499.0, 93.1), (539.0, 122.8), (579.0, 186.8), (619.0, 260.1), (659.0, 275.8), (699.0, 214.6), (739.0, 173.9), (779.0, 156.0), (819.0, 164.1), (859.0, 207.1), (899.0, 203.0), (939.0, 144.3), (979.0, 106.4), (1019.0, 91.4), (1059.0, 103.5), (1099.0, 151.0), (1139.0, 223.4), (1179.0, 296.8), (1219.0, 340.8), (1259.0, 311.6), (1299.0, 305.7), (1339.0, 331.3), (1379.0, 348.9), (1419.0, 285.1), (1424.4, 241.8), (1424.4, 254.2), (1424.4, 303.8), (1430.9, 368.0), (1448.4, 304.0), (1473.9, 320.9), (1507.4, 368.0), (1547.4, 304.0), (1587.4, 320.9), (1627.4, 358.1), (1667.4, 326.0), (1707.4, 317.0), (1712.4, 338.1), (1716.9, 368.0), (1748.6, 368.3), (1788.6, 368.0), (1828.6, 339.8), (1868.6, 306.5), (1908.6, 335.9), (1948.6, 331.4), (1988.6, 310.8), (2028.6, 315.3), (2068.6, 354.2), (2108.6, 314.5), (2128.8, 260.9), (2128.8, 228.5), (2128.8, 219.2), (2128.8, 240.0), (2128.8, 296.4), (2131.5, 368.0), (2146.0, 304.0), (2168.5, 320.9), (2199.0, 368.0), (2238.6, 304.0), (2278.6, 320.9), (2318.6, 368.0), (2358.6, 304.0), (2398.6, 320.9), (2438.6, 368.0), (2478.6, 304.0), (2518.6, 320.9), (2558.6, 368.0), (2598.6, 299.1), (2638.6, 250.6), (2672.1, 224.0), (2672.1, 221.1), (2672.1, 250.8), (2673.9, 314.8), (2684.1, 348.9), (2704.6, 285.1), (2733.1, 278.8), (2769.6, 318.5), (2809.6, 348.9), (2849.6, 285.1), (2889.6, 278.8), (2929.6, 318.5), (2969.6, 348.9), (3009.6, 285.1), (3049.6, 241.8), (3089.6, 221.0), (3129.6, 225.2), (3169.6, 263.8), (3209.6, 333.1), (3249.6, 331.0), (3280.1, 272.3), (3285.6, 234.4), (3299.1, 219.4), (3320.6, 231.5), (3350.5, 261.4), (3389.8, 196.1), (3429.8, 151.2), (3469.8, 128.5), (3509.8, 130.1), (3549.8, 165.3), (3589.8, 232.9), (3629.8, 306.2), (3664.0, 358.3), (3665.2, 292.0), (3673.8, 246.0), (3690.2, 222.3), (3714.8, 222.9), (3747.2, 257.0), (3786.5, 323.9), (3826.5, 339.8), (3856.1, 278.6), (3861.6, 237.9), (3875.1, 220.0), (3896.6, 228.1), (3926.1, 271.1), (3965.4, 202.3), (4005.4, 153.7), (4045.4, 127.1), (4085.4, 124.2), (4125.4, 153.9), (4165.4, 217.9), (4205.4, 291.2), (4240.0, 307.8), (4244.5, 246.6), (4257.0, 205.9), (4277.5, 188.0), (4306.0, 196.1), (4342.5, 239.1), (4382.5, 178.6), (4422.5, 127.6), (4462.5, 98.1), (4502.5, 91.9), (4542.5, 117.1), (4582.5, 177.6), (4622.5, 250.9), (4624.8, 324.3), (4633.4, 339.8), (4651.9, 306.5), (4678.4, 335.9), (4713.9, 339.8), (4753.9, 306.5), (4793.9, 335.9), (4833.9, 339.8), (4873.9, 278.6), (4913.9, 237.9), (4953.9, 220.0), (4993.9, 192.9), (5033.9, 131.7), (5073.9, 91.0), (5113.9, 84.8), (5153.9, 121.0), (5193.9, 189.1), (5233.9, 262.4), (5273.9, 210.3), (5313.9, 159.2), (5353.9, 129.7), (5393.9, 123.5), (5433.9, 148.8), (5473.9, 208.0), (5488.0, 139.1), (5488.0, 90.6), (5488.0, 87.4), (5488.0, 128.0), (5488.0, 198.3), (5488.1, 146.1), (5488.1, 95.0), (5488.1, 84.8), (5488.1, 121.0), (5488.1, 189.1), (5488.1, 153.9), (5488.1, 100.3), (5488.1, 82.8), (5488.1, 114.5), (5488.1, 179.9), (5488.8, 162.5), (5488.8, 107.4), (5488.8, 81.3), (5488.8, 108.6), (5488.8, 170.8), (5488.8, 170.5), (5488.8, 111.8), (5488.8, 80.4), (5488.8, 103.2), (5488.8, 161.6), (5488.1, 179.2), (5488.1, 118.0), (5488.1, 80.0), (5488.1, 98.4), (5488.1, 152.4), (5488.1, 188.5), (5488.1, 125.7), (5488.1, 83.5), (5488.1, 94.2), (5488.1, 143.8), (5488.5, 197.7), (5488.8, 131.4)]",0,27.45
novice,mario,Mario1-2,Stuck,1,0,198.12,0.969,"[(112.0, 208.0), (116.5, 226.4), (129.0, 280.4), (149.5, 353.8), (180.2, 314.5), (219.0, 260.9), (259.0, 228.5), (299.0, 219.2), (339.0, 240.0), (379.0, 171.2), (419.0, 122.7), (459.0, 96.1), (499.0, 93.1), (539.0, 122.8), (579.0, 186.8), (619.0, 260.1), (659.0, 275.8), (699.0, 214.6), (739.0, 173.9), (779.0, 156.0), (819.0, 164.1), (859.0, 207.1), (899.0, 203.0), (939.0, 144.3), (979.0, 106.4), (1019.0, 91.4), (1059.0, 103.5), (1099.0, 151.0), (1139.0, 223.4), (1179.0, 296.8), (1219.0, 340.8), (1259.0, 311.6), (1299.0, 305.7), (1339.0, 331.3), (1379.0, 348.9), (1419.0, 285.1), (1424.4, 241.8), (1424.4, 254.2), (1424.4, 303.8), (1430.9, 368.0), (1448.4, 304.0), (1473.9, 320.9), (1507.4, 368.0), (1547.4, 304.0), (1587.4, 320.9), (1627.4, 358.1), (1667.4, 326.0), (1707.4, 317.0), (1712.4, 338.1), (1716.9, 368.0), (1748.6, 368.3), (1788.6, 368.0), (1828.6, 339.8), (1868.6, 306.5), (1908.6, 335.9), (1948.6, 331.4), (1988.6, 310.8), (2028.6, 315.3), (2068.6, 354.2), (2108.6, 314.5), (2128.8, 260.9), (2128.8, 228.5), (2128.8, 219.2), (2128.8, 240.0), (2128.8, 296.4), (2131.5, 368.0), (2146.0, 304.0), (2168.5, 320.9), (2199.0, 368.0), (2238.6, 304.0), (2278.6, 320.9), (2318.6, 368.0), (2358.6, 304.0), (2398.6, 320.9), (2438.6, 368.0), (2478.6, 304.0), (2518.6, 320.9), (2558.6, 368.0), (2598.6, 299.1), (2638.6, 250.6), (2672.1, 224.0), (2672.1, 221.1), (2672.0, 250.8), (2675.5, 314.8), (2687.8, 348.9), (2710.2, 285.1), (2740.8, 278.8), (2778.9, 318.5), (2818.9, 348.9), (2858.9, 285.1), (2898.9, 278.8), (2938.9, 318.5), (2978.9, 348.9), (3018.9, 285.1), (3058.9, 241.8), (3098.9, 221.0), (3138.9, 225.2), (3178.9, 263.8), (3218.9, 333.1), (3258.9, 331.0), (3280.8, 272.3), (3288.2, 234.4), (3303.8, 219.4), (3327.2, 231.5), (3359.1, 261.4), (3399.0, 195.1), (3439.0, 149.2), (3479.0, 125.4), (3519.0, 126.0), (3559.0, 160.1), (3599.0, 227.0), (3639.0, 300.4), (3664.4, 368.0), (3664.8, 299.1), (3672.2, 250.6), (3687.8, 224.0), (3711.2, 221.1), (3742.8, 250.8), (3781.5, 314.8), (3820.2, 348.9), (3856.0, 285.1), (3860.5, 241.8), (3873.0, 221.0), (3893.5, 225.2), (3922.0, 263.8), (3960.4, 209.8), (4000.4, 158.7), (4040.4, 129.2), (4080.4, 123.0), (4120.4, 148.3), (4160.4, 208.7), (4200.4, 282.0), (4240.4, 316.9), (4243.5, 253.1), (4255.0, 209.8), (4274.5, 189.0), (4302.0, 193.2), (4337.5, 231.8), (4377.5, 186.5), (4417.5, 132.9), (4457.5, 100.5), (4497.5, 91.2), (4537.5, 112.0), (4577.5, 168.4), (4617.5, 241.8), (4624.4, 315.1), (4631.6, 348.9), (4649.1, 305.1), (4674.6, 330.4), (4708.9, 348.9), (4748.9, 305.1), (4788.9, 330.4), (4828.9, 348.9), (4868.9, 285.1), (4908.9, 241.8), (4948.9, 221.0), (4988.9, 202.0), (5028.9, 138.2), (5068.9, 94.9), (5108.9, 82.8), (5148.9, 114.5), (5188.9, 179.9), (5228.9, 253.3), (5268.9, 218.1), (5308.9, 164.5), (5348.9, 132.1), (5388.9, 122.8), (5428.9, 143.7), (5468.9, 200.0), (5488.8, 146.6), (5488.8, 95.6), (5488.8, 84.8), (5488.8, 121.0), (5488.8, 189.1), (5488.0, 153.9), (5488.0, 100.3), (5488.0, 82.8), (5488.0, 114.5), (5488.0, 179.9), (5488.0, 162.0), (5488.0, 105.9), (5488.0, 81.3), (5488.0, 108.6), (5488.0, 170.8), (5488.4, 170.5), (5488.4, 111.8), (5488.4, 80.4), (5488.4, 103.2), (5488.4, 161.6), (5488.4, 179.2), (5488.4, 118.0), (5488.4, 80.0), (5488.4, 98.4), (5488.4, 152.4), (5488.0, 188.3), (5488.0, 124.6), (5488.0, 81.3), (5488.0, 94.2), (5488.0, 143.8), (5488.0, 197.7), (5488.0, 131.4), (5488.0, 85.5), (5488.0, 90.5), (5488.0, 135.6), (5488.0, 207.4), (5488.4, 138.6), (5488.4, 90.1)]",0,27.47
novice,mario,Mario1-2,Enemy,1,0,177.69,0.313,"[(112.0, 208.0), (116.5, 226.4), (129.0, 280.4), (149.5, 353.8), (180.2, 314.5), (219.0, 260.9), (259.0, 228.5), (299.0, 219.2), (339.0, 240.0), (379.0, 171.2), (419.0, 122.7), (459.0, 96.1), (499.0, 93.1), (539.0, 122.8), (579.0, 186.8), (619.0, 260.1), (659.0, 275.8), (699.0, 214.6), (739.0, 173.9), (779.0, 156.0), (819.0, 164.1), (859.0, 207.1), (899.0, 203.0), (939.0, 144.3), (979.0, 106.4), (1019.0, 91.4), (1059.0, 103.5), (1099.0, 151.0), (1139.0, 223.4), (1179.0, 296.8), (1219.0, 340.8), (1259.0, 311.6), (1299.0, 305.7), (1339.0, 331.3), (1379.0, 348.9), (1419.0, 285.1), (1424.4, 241.8), (1424.4, 254.2), (1424.9, 303.8), (1426.3, 368.0), (1436.2, 304.0), (1454.0, 320.9), (1479.8, 368.0), (1516.6, 304.0), (1556.6, 320.9), (1596.6, 368.0), (1636.6, 299.1), (1647.9, 250.6), (1642.4, 224.0), (1628.9, 221.1), (1607.4, 250.8), (1582.8, 314.8), (1563.1, 331.0), (1550.6, 307.6), (1546.1, 308.4), (1549.6, 342.9), (1562.6, 331.0), (1585.1, 272.3), (1615.6, 234.4), (1648.0, 219.4), (1648.8, 231.5), (1648.0, 279.0), (1651.5, 351.4), (1665.2, 314.5), (1687.8, 313.6), (1712.0, 356.0), (1711.8, 314.5), (1712.1, 313.6), (1712.7, 356.0), (1723.2, 368.0), (1760.2, 368.3)]",0,9.38
novice,mario,Mario1-2,Stuck,1,0,198.09,0.969,"[(112.0, 208.0), (116.5, 226.4), (129.0, 280.4), (149.5, 353.8), (180.2, 314.5), (219.0, 260.9), (259.0, 228.5), (299.0, 219.2), (339.0, 240.0), (379.0, 171.2), (419.0, 122.7), (459.0, 96.1), (499.0, 93.1), (539.0, 122.8), (579.0, 186.8), (619.0, 260.1), (659.0, 275.8), (699.0, 214.6), (739.0, 173.9), (779.0, 156.0), (819.0, 164.1), (859.0, 207.1), (899.0, 203.0), (939.0, 144.3), (979.0, 106.4), (1019.0, 91.4), (1059.0, 103.5), (1099.0, 151.0), (1139.0, 223.4), (1179.0, 296.8), (1219.0, 340.8), (1259.0, 311.6), (1299.0, 305.7), (1339.0, 331.3), (1379.0, 348.9), (1419.0, 285.1), (1424.4, 241.8), (1424.4, 254.2), (1424.4, 303.8), (1430.9, 368.0), (1448.4, 304.0), (1473.9, 320.9), (1507.4, 368.0), (1547.4, 304.0), (1587.4, 320.9), (1627.4, 358.1), (1667.4, 326.0), (1707.4, 317.0), (1712.4, 338.1), (1716.9, 368.0), (1748.6, 368.3), (1788.6, 368.0), (1828.6, 339.8), (1868.6, 306.5), (1908.6, 335.9), (1948.6, 331.4), (1988.6, 310.8), (2028.6, 315.3), (2068.6, 354.2), (2108.6, 314.5), (2128.8, 260.9), (2128.8, 228.5), (2128.8, 219.2), (2128.8, 240.0), (2128.8, 296.4), (2131.5, 368.0), (2146.0, 304.0), (2168.5, 320.9), (2199.0, 368.0), (2238.6, 304.0), (2278.6, 320.9), (2318.6, 368.0), (2358.6, 304.0), (2398.6, 320.9), (2438.6, 368.0), (2478.6, 304.0), (2518.6, 320.9), (2558.6, 368.0), (2598.6, 299.1), (2638.6, 250.6), (2672.1, 224.0), (2672.1, 221.1), (2672.0, 250.8), (2675.5, 314.8), (2687.8, 348.9), (2710.2, 285.1), (2740.8, 278.8), (2778.9, 318.5), (2818.9, 348.9), (2858.9, 285.1), (2898.9, 278.8), (2938.9, 318.5), (2978.9, 348.9), (3018.9, 285.1), (3058.9, 241.8), (3098.9, 221.0), (3138.9, 225.2), (3178.9, 263.8), (3218.9, 333.1), (3258.9, 331.0), (3280.8, 272.3), (3288.2, 234.4), (3303.8, 219.4), (3327.2, 231.5), (3359.1, 261.4), (3399.0, 195.1), (3439.0, 149.2), (3479.0, 125.4), (3519.0, 126.0), (3559.0, 160.1), (3599.0, 227.0), (3639.0, 300.4), (3664.4, 368.0), (3664.8, 299.1), (3672.2, 250.6), (3687.8, 224.0), (3711.2, 221.1), (3742.8, 250.8), (3781.5, 314.8), (3820.2, 348.9), (3856.0, 285.1), (3860.5, 241.8), (3873.0, 221.0), (3893.5, 225.2), (3922.0, 263.8), (3960.4, 209.8), (4000.4, 158.7), (4040.4, 129.2), (4080.4, 123.0), (4120.4, 148.3), (4160.4, 208.7), (4200.4, 282.0), (4240.4, 316.9), (4243.5, 253.1), (4255.0, 209.8), (4274.5, 189.0), (4302.0, 193.2), (4337.5, 231.8), (4377.5, 186.5), (4417.5, 132.9), (4457.5, 100.5), (4497.5, 91.2), (4537.5, 112.0), (4577.5, 168.4), (4617.5, 241.8), (4624.4, 315.1), (4631.6, 348.9), (4649.1, 305.1), (4674.6, 330.4), (4708.9, 348.9), (4748.9, 305.1), (4788.9, 330.4), (4828.9, 348.9), (4868.9, 285.1), (4908.9, 241.8), (4948.9, 221.0), (4988.9, 202.0), (5028.9, 138.2), (5068.9, 94.9), (5108.9, 82.8), (5148.9, 114.5), (5188.9, 179.9), (5228.9, 253.3), (5268.9, 218.1), (5308.9, 164.5), (5348.9, 132.1), (5388.9, 122.8), (5428.9, 143.7), (5468.9, 200.0), (5488.8, 146.6), (5488.8, 95.6), (5488.8, 84.8), (5488.8, 121.0), (5488.8, 189.1), (5488.0, 153.9), (5488.0, 100.3), (5488.0, 82.8), (5488.0, 114.5), (5488.0, 179.9), (5488.0, 162.0), (5488.0, 105.9), (5488.0, 81.3), (5488.0, 108.6), (5488.0, 170.8), (5488.4, 170.5), (5488.4, 111.8), (5488.4, 80.4), (5488.4, 103.2), (5488.4, 161.6), (5488.4, 179.2), (5488.4, 118.0), (5488.4, 80.0), (5488.4, 98.4), (5488.4, 152.4), (5488.0, 188.3), (5488.0, 124.6), (5488.0, 81.3), (5488.0, 94.2), (5488.0, 143.8), (5488.0, 197.7), (5488.0, 131.4), (5488.0, 85.5), (5488.0, 90.5), (5488.0, 135.6), (5488.0, 207.4), (5488.4, 138.6), (5488.4, 90.1)]",0,27.47
novice,mario,Mario1-2,Stuck,4,0,198.12,0.969,"[(112.0, 208.0), (116.5, 226.4), (129.0, 280.4), (149.5, 353.8), (180.2, 314.5), (219.0, 260.9), (259.0, 228.5), (299.0, 219.2), (339.0, 240.0), (379.0, 171.2), (419.0, 122.7), (459.0, 96.1), (499.0, 93.1), (539.0, 122.8), (579.0, 186.8), (619.0, 260.1), (659.0, 275.8), (699.0, 214.6), (739.0, 173.9), (779.0, 156.0), (819.0, 164.1), (859.0, 207.1), (899.0, 203.0), (939.0, 144.3), (979.0, 106.4), (1019.0, 91.4), (1059.0, 103.5), (1099.0, 151.0), (1139.0, 223.4), (1179.0, 296.8), (1219.0, 340.8), (1259.0, 311.6), (1299.0, 305.7), (1339.0, 331.3), (1379.0, 348.9), (1419.0, 285.1), (1424.4, 241.8), (1424.4, 254.2), (1424.4, 303.8), (1430.9, 368.0), (1448.4, 304.0), (1473.9, 320.9), (1507.4, 368.0), (1547.4, 304.0), (1587.4, 320.9), (1627.4, 358.1), (1667.4, 326.0), (1707.4, 317.0), (1712.4, 338.1), (1716.9, 368.0), (1748.6, 368.3), (1788.6, 368.0), (1828.6, 339.8), (1868.6, 306.5), (1908.6, 335.9), (1948.6, 331.4), (1988.6, 310.8), (2028.6, 315.3), (2068.6, 354.2), (2108.6, 314.5), (2128.8, 260.9), (2128.8, 228.5), (2128.8, 219.2), (2128.8, 240.0), (2128.8, 296.4), (2131.5, 368.0), (2146.0, 304.0), (2168.5, 320.9), (2199.0, 368.0), (2238.6, 304.0), (2278.6, 320.9), (2318.6, 368.0), (2358.6, 304.0), (2398.6, 320.9), (2438.6, 368.0), (2478.6, 304.0), (2518.6, 320.9), (2558.6, 368.0), (2598.6, 299.1), (2638.6, 250.6), (2672.1, 224.0), (2672.1, 221.1), (2672.1, 250.8), (2673.9, 314.8), (2684.1, 348.9), (2704.6, 285.1), (2733.1, 278.8), (2769.6, 318.5), (2809.6, 348.9), (2849.6, 285.1), (2889.6, 278.8), (2929.6, 318.5), (2969.6, 348.9), (3009.6, 285.1), (3049.6, 241.8), (3089.6, 221.0), (3129.6, 225.2), (3169.6, 263.8), (3209.6, 333.1), (3249.6, 331.0), (3280.1, 272.3), (3285.6, 234.4), (3299.1, 219.4), (3320.6, 231.5), (3350.5, 261.4), (3389.8, 195.1), (3429.8, 149.2), (3469.8, 125.4), (3509.8, 126.0), (3549.8, 160.1), (3589.8, 227.0), (3629.8, 300.4), (3664.0, 368.0), (3664.4, 299.1), (3670.9, 250.6), (3685.4, 224.0), (3707.9, 221.1), (3738.4, 250.8), (3776.5, 314.8), (3816.5, 348.9), (3856.5, 285.1), (3859.5, 241.8), (3871.0, 221.0), (3890.5, 225.2), (3918.0, 263.8), (3955.8, 209.8), (3995.8, 158.7), (4035.8, 129.2), (4075.8, 123.0), (4115.8, 148.3), (4155.8, 208.7), (4195.8, 282.0), (4235.8, 316.9), (4242.6, 253.1), (4253.1, 209.8), (4271.6, 189.0), (4298.1, 193.2), (4332.6, 231.8), (4372.5, 186.5), (4412.5, 132.9), (4452.5, 100.5), (4492.5, 91.2), (4532.5, 112.0), (4572.5, 168.4), (4612.5, 241.8), (4624.1, 315.1), (4630.4, 348.9), (4646.9, 305.1), (4671.4, 330.4), (4704.6, 348.9), (4744.6, 305.1), (4784.6, 330.4), (4824.6, 348.9), (4864.6, 285.1), (4904.6, 241.8), (4944.6, 221.0), (4984.6, 202.0), (5024.6, 138.2), (5064.6, 94.9), (5104.6, 82.8), (5144.6, 114.5), (5184.6, 179.9), (5224.6, 253.3), (5264.6, 218.1), (5304.6, 164.5), (5344.6, 132.1), (5384.6, 122.8), (5424.6, 143.7), (5464.6, 200.0), (5488.8, 146.6), (5488.8, 95.6), (5488.8, 84.8), (5488.8, 121.0), (5488.8, 189.1), (5488.0, 154.5), (5488.0, 102.0), (5488.0, 82.8), (5488.0, 114.5), (5488.0, 179.9), (5488.0, 162.0), (5488.0, 105.9), (5488.0, 81.3), (5488.0, 108.6), (5488.0, 170.8), (5488.4, 170.5), (5488.4, 111.8), (5488.4, 80.4), (5488.4, 103.2), (5488.4, 161.6), (5488.4, 179.5), (5488.4, 119.3), (5488.4, 80.0), (5488.4, 98.4), (5488.4, 152.4), (5488.0, 188.3), (5488.0, 124.6), (5488.0, 81.3), (5488.0, 94.2), (5488.0, 143.8), (5488.0, 197.7), (5488.0, 131.4), (5488.0, 85.5), (5488.0, 90.5), (5488.0, 135.6), (5488.0, 207.4), (5488.4, 139.5), (5488.4, 92.0)]",0,27.48
novice,mario,Mario1-2,Enemy,1,0,222.75,0.341,"[(112.0, 208.0), (116.5, 226.4), (129.0, 280.4), (149.5, 353.8), (180.2, 314.5), (219.0, 260.9), (259.0, 228.5), (299.0, 219.2), (339.0, 240.0), (379.0, 171.2), (419.0, 122.7), (459.0, 96.1), (499.0, 93.1), (539.0, 122.8), (579.0, 186.8), (619.0, 260.1), (659.0, 275.8), (699.0, 214.6), (739.0, 173.9), (779.0, 156.0), (819.0, 164.1), (859.0, 207.1), (899.0, 203.0), (939.0, 144.3), (979.0, 106.4), (1019.0, 91.4), (1059.0, 103.5), (1099.0, 151.0), (1139.0, 223.4), (1179.0, 296.8), (1219.0, 340.8), (1259.0, 311.6), (1299.0, 305.7), (1339.0, 331.3), (1379.0, 348.9), (1419.0, 285.1), (1424.4, 241.8), (1424.4, 254.2), (1424.4, 303.8), (1430.9, 368.0), (1445.5, 304.0), (1461.6, 320.9), (1485.8, 368.0), (1521.0, 304.0), (1560.9, 320.9), (1600.9, 368.0), (1640.9, 299.1), (1648.2, 250.6), (1648.2, 224.0), (1648.2, 221.1), (1648.8, 250.8), (1648.8, 314.8), (1656.2, 331.0), (1671.8, 307.6), (1695.2, 308.4), (1712.8, 342.9), (1719.2, 368.0), (1753.6, 368.0), (1793.6, 368.3), (1833.6, 331.0), (1873.6, 308.3), (1913.6, 342.1)]",0,8.22
novice,mario,Mario1-2,Stuck,1,0,139.82,0.302,"[(112.0, 208.0), (116.5, 226.4), (129.0, 280.4), (149.5, 353.8), (180.2, 314.5), (219.0, 260.9), (259.0, 228.5), (299.0, 219.2), (339.0, 240.0), (379.0, 171.2), (419.0, 122.7), (457.9, 96.1), (497.9, 93.1), (537.9, 122.8), (577.9, 186.8), (617.9, 260.1), (657.9, 275.8), (697.9, 214.6), (737.9, 173.9), (777.9, 156.0), (817.9, 164.1), (857.9, 207.1), (897.9, 203.0), (937.9, 144.3), (977.9, 106.4), (1017.9, 91.4), (1057.9, 103.5), (1097.9, 151.0), (1137.9, 223.4), (1177.9, 296.8), (1217.9, 340.8), (1257.9, 311.6), (1297.9, 305.7), (1337.9, 331.3), (1377.9, 348.9), (1417.9, 285.1), (1424.4, 241.8), (1424.4, 254.2), (1424.2, 303.8), (1424.2, 368.0), (1431.7, 304.0), (1447.2, 320.9), (1470.7, 368.0), (1505.2, 304.0), (1545.1, 320.9), (1585.1, 345.1), (1625.1, 315.8), (1665.1, 309.9), (1705.1, 335.5), (1711.8, 339.9), (1710.1, 306.5), (1708.5, 335.9), (1708.0, 339.9), (1706.2, 306.5), (1704.6, 335.9), (1704.1, 339.9), (1702.4, 306.5), (1700.8, 335.9), (1700.3, 339.9), (1698.6, 306.5), (1697.0, 335.9), (1696.5, 339.9), (1694.7, 306.5), (1693.1, 335.9), (1692.6, 339.9), (1690.9, 306.5), (1689.3, 335.9), (1689.4, 339.9), (1687.6, 306.5), (1686.1, 335.9), (1686.1, 339.9), (1684.4, 306.5), (1683.1, 335.9), (1681.5, 339.9), (1679.7, 306.5), (1680.7, 335.9), (1679.1, 339.9), (1677.3, 306.5), (1679.8, 335.9), (1686.3, 339.8), (1691.8, 306.5), (1705.3, 335.9), (1711.5, 331.4), (1711.2, 310.8), (1710.5, 315.3), (1709.8, 354.2)]",0,11.43
novice,mario,Mario1-2,Stuck,5,0,198.34,0.969,"[(112.0, 208.0), (116.5, 226.4), (129.0, 280.4), (149.5, 353.8), (180.2, 314.5), (219.0, 260.9), (259.0, 228.5), (299.0, 219.2), (339.0, 240.0), (379.0, 171.2), (419.0, 122.7), (459.0, 96.1), (499.0, 93.1), (539.0, 122.8), (579.0, 186.8), (619.0, 260.1), (659.0, 275.8), (699.0, 214.6), (739.0, 173.9), (779.0, 156.0), (819.0, 164.1), (859.0, 207.1), (899.0, 203.0), (939.0, 144.3), (979.0, 106.4), (1019.0, 91.4), (1059.0, 103.5), (1099.0, 151.0), (1139.0, 223.4), (1179.0, 296.8), (1219.0, 340.8), (1259.0, 311.6), (1299.0, 305.7), (1339.0, 331.3), (1379.0, 348.9), (1419.0, 285.1), (1424.4, 241.8), (1424.4, 254.2), (1424.4, 303.8), (1430.9, 368.0), (1448.4, 304.0), (1473.9, 320.9), (1507.4, 368.0), (1547.4, 304.0), (1587.4, 320.9), (1627.4, 358.1), (1667.4, 326.0), (1707.4, 317.0), (1712.4, 338.1), (1716.9, 368.0), (1748.6, 368.3), (1788.6, 368.0), (1828.6, 339.8), (1868.6, 306.5), (1908.6, 335.9), (1948.6, 331.4), (1988.6, 310.8), (2028.6, 315.3), (2068.6, 354.2), (2108.6, 314.5), (2128.8, 260.9), (2128.8, 228.5), (2128.8, 219.2), (2128.8, 240.0), (2128.8, 296.4), (2131.5, 368.0), (2146.0, 304.0), (2168.5, 320.9), (2199.0, 368.0), (2238.6, 304.0), (2278.6, 320.9), (2318.6, 368.0), (2358.6, 304.0), (2398.6, 320.9), (2438.6, 368.0), (2478.6, 304.0), (2518.6, 320.9), (2558.6, 368.0), (2598.6, 299.1), (2638.6, 250.6), (2672.1, 224.0), (2672.1, 221.1), (2672.1, 250.8), (2673.9, 314.8), (2684.1, 348.9), (2704.6, 285.1), (2733.1, 278.8), (2769.6, 318.5), (2809.6, 348.9), (2849.6, 285.1), (2889.6, 278.8), (2929.6, 318.5), (2969.6, 348.9), (3009.6, 285.1), (3049.6, 241.8), (3089.6, 221.0), (3129.6, 225.2), (3169.6, 263.8), (3209.6, 333.1), (3249.6, 331.0), (3280.1, 272.3), (3285.6, 234.4), (3299.1, 219.4), (3320.6, 231.5), (3350.5, 261.4), (3389.8, 196.1), (3429.8, 151.2), (3469.8, 128.5), (3509.8, 130.1), (3549.8, 165.3), (3589.8, 232.9), (3629.8, 306.2), (3664.0, 358.3), (3665.2, 292.0), (3673.8, 246.0), (3690.2, 222.3), (3714.8, 222.9), (3747.2, 257.0), (3786.5, 323.9), (3826.5, 339.8), (3856.1, 278.6), (3861.6, 237.9), (3875.1, 220.0), (3896.6, 228.1), (3926.1, 271.1), (3965.4, 202.3), (4005.4, 153.7), (4045.4, 127.1), (4085.4, 124.2), (4125.4, 153.9), (4165.4, 217.9), (4205.4, 291.2), (4240.0, 307.8), (4244.5, 246.6), (4257.0, 205.9), (4277.5, 188.0), (4306.0, 196.1), (4342.5, 239.1), (4382.5, 178.6), (4422.5, 127.6), (4462.5, 98.1), (4502.5, 91.9), (4542.5, 117.1), (4582.5, 177.6), (4622.5, 250.9), (4624.8, 324.3), (4633.4, 339.8), (4651.9, 306.5), (4678.4, 335.9), (4713.9, 339.8), (4753.9, 306.5), (4793.9, 335.9), (4833.9, 339.8), (4873.9, 278.6), (4913.9, 237.9), (4953.9, 220.0), (4993.9, 192.9), (5033.9, 131.7), (5073.9, 91.0), (5113.9, 84.8), (5153.9, 121.0), (5193.9, 189.1), (5233.9, 262.4), (5273.9, 210.3), (5313.9, 159.2), (5353.9, 129.7), (5393.9, 123.5), (5433.9, 148.8), (5473.9, 208.0), (5488.0, 139.1), (5488.0, 90.6), (5488.0, 87.4), (5488.0, 128.0), (5488.0, 198.3), (5488.1, 146.1), (5488.1, 95.0), (5488.1, 84.8), (5488.1, 121.0), (5488.1, 189.1), (5488.3, 153.9), (5488.1, 100.3), (5488.1, 82.8), (5488.1, 114.5), (5488.1, 179.9), (5488.8, 162.5), (5488.8, 107.4), (5488.8, 81.3), (5488.8, 108.6), (5488.8, 170.8), (5488.0, 170.5), (5488.1, 111.8), (5488.1, 80.4), (5488.1, 103.2), (5488.1, 161.6), (5488.2, 179.2), (5488.4, 118.0), (5488.4, 80.0), (5488.4, 98.4), (5488.4, 152.4), (5488.0, 188.5), (5488.0, 125.7), (5488.0, 83.5), (5488.0, 94.2), (5488.0, 143.8), (5488.0, 197.7), (5488.4, 131.4)]",0,27.45
novice,mario,Mario1-2,Stuck,5,0,198.34,0.969,"[(112.0, 208.0), (116.5, 226.4), (129.0, 280.4), (149.5, 353.8), (180.2, 314.5), (219.0, 260.9), (259.0, 228.5), (299.0, 219.2), (339.0, 240.0), (379.0, 171.2), (419.0, 122.7), (459.0, 96.1), (499.0, 93.1), (539.0, 122.8), (579.0, 186.8), (619.0, 260.1), (659.0, 275.8), (699.0, 214.6), (739.0, 173.9), (779.0, 156.0), (819.0, 164.1), (859.0, 207.1), (899.0, 203.0), (939.0, 144.3), (979.0, 106.4), (1019.0, 91.4), (1059.0, 103.5), (1099.0, 151.0), (1139.0, 223.4), (1179.0, 296.8), (1219.0, 340.8), (1259.0, 311.6), (1299.0, 305.7), (1339.0, 331.3), (1379.0, 348.9), (1419.0, 285.1), (1424.4, 241.8), (1424.4, 254.2), (1424.4, 303.8), (1430.9, 368.0), (1448.4, 304.0), (1473.9, 320.9), (1507.4, 368.0), (1547.4, 304.0), (1587.4, 320.9), (1627.4, 358.1), (1667.4, 326.0), (1707.4, 317.0), (1712.4, 338.1), (1716.9, 368.0), (1748.6, 368.3), (1788.6, 368.0), (1828.6, 339.8), (1868.6, 306.5), (1908.6, 335.9), (1948.6, 331.4), (1988.6, 310.8), (2028.6, 315.3), (2068.6, 354.2), (2108.6, 314.5), (2128.8, 260.9), (2128.8, 228.5), (2128.8, 219.2), (2128.8, 240.0), (2128.8, 296.4), (2131.5, 368.0), (2146.0, 304.0), (2168.5, 320.9), (2199.0, 368.0), (2238.6, 304.0), (2278.6, 320.9), (2318.6, 368.0), (2358.6, 304.0), (2398.6, 320.9), (2438.6, 368.0), (2478.6, 304.0), (2518.6, 320.9), (2558.6, 368.0), (2598.6, 299.1), (2638.6, 250.6), (2672.1, 224.0), (2672.1, 221.1), (2672.1, 250.8), (2673.9, 314.8), (2684.1, 348.9), (2704.6, 285.1), (2733.1, 278.8), (2769.6, 318.5), (2809.6, 348.9), (2849.6, 285.1), (2889.6, 278.8), (2929.6, 318.5), (2969.6, 348.9), (3009.6, 285.1), (3049.6, 241.8), (3089.6, 221.0), (3129.6, 225.2), (3169.6, 263.8), (3209.6, 333.1), (3249.6, 331.0), (3280.1, 272.3), (3285.6, 234.4), (3299.1, 219.4), (3320.6, 231.5), (3350.5, 261.4), (3389.8, 196.1), (3429.8, 151.2), (3469.8, 128.5), (3509.8, 130.1), (3549.8, 165.3), (3589.8, 232.9), (3629.8, 306.2), (3664.0, 358.3), (3665.2, 292.0), (3673.8, 246.0), (3690.2, 222.3), (3714.8, 222.9), (3747.2, 257.0), (3786.5, 323.9), (3826.5, 339.8), (3856.1, 278.6), (3861.6, 237.9), (3875.1, 220.0), (3896.6, 228.1), (3926.1, 271.1), (3965.4, 202.3), (4005.4, 153.7), (4045.4, 127.1), (4085.4, 124.2), (4125.4, 153.9), (4165.4, 217.9), (4205.4, 291.2), (4240.0, 307.8), (4244.5, 246.6), (4257.0, 205.9), (4277.5, 188.0), (4306.0, 196.1), (4342.5, 239.1), (4382.5, 178.6), (4422.5, 127.6), (4462.5, 98.1), (4502.5, 91.9), (4542.5, 117.1), (4582.5, 177.6), (4622.5, 250.9), (4624.8, 324.3), (4633.4, 339.8), (4651.9, 306.5), (4678.4, 335.9), (4713.9, 339.8), (4753.9, 306.5), (4793.9, 335.9), (4833.9, 339.8), (4873.9, 278.6), (4913.9, 237.9), (4953.9, 220.0), (4993.9, 192.9), (5033.9, 131.7), (5073.9, 91.0), (5113.9, 84.8), (5153.9, 121.0), (5193.9, 189.1), (5233.9, 262.4), (5273.9, 210.3), (5313.9, 159.2), (5353.9, 129.7), (5393.9, 123.5), (5433.9, 148.8), (5473.9, 208.0), (5488.0, 139.1), (5488.0, 90.6), (5488.0, 87.4), (5488.0, 128.0), (5488.0, 198.3), (5488.1, 146.1), (5488.1, 95.0), (5488.1, 84.8), (5488.1, 121.0), (5488.1, 189.1), (5488.3, 153.9), (5488.1, 100.3), (5488.1, 82.8), (5488.1, 114.5), (5488.1, 179.9), (5488.8, 162.5), (5488.8, 107.4), (5488.8, 81.3), (5488.8, 108.6), (5488.8, 170.8), (5488.0, 170.5), (5488.1, 111.8), (5488.1, 80.4), (5488.1, 103.2), (5488.1, 161.6), (5488.2, 179.2), (5488.4, 118.0), (5488.4, 80.0), (5488.4, 98.4), (5488.4, 152.4), (5488.0, 188.5), (5488.0, 125.7), (5488.0, 83.5), (5488.0, 94.2), (5488.0, 143.8), (5488.0, 197.7), (5488.4, 131.4)]",0,27.45
novice,mario,Mario1-2,Stuck,4,0,197.88,0.969,"[(112.0, 208.0), (116.5, 226.4), (129.0, 280.4), (149.5, 353.8), (180.2, 314.5), (219.0, 260.9), (259.0, 228.5), (299.0, 219.2), (339.0, 240.0), (379.0, 171.2), (419.0, 122.7), (459.0, 96.1), (499.0, 93.1), (539.0, 122.8), (579.0, 186.8), (619.0, 260.1), (659.0, 275.8), (699.0, 214.6), (739.0, 173.9), (779.0, 156.0), (819.0, 164.1), (859.0, 207.1), (899.0, 203.0), (939.0, 144.3), (979.0, 106.4), (1019.0, 91.4), (1059.0, 103.5), (1099.0, 151.0), (1139.0, 223.4), (1179.0, 296.8), (1219.0, 340.8), (1259.0, 311.6), (1299.0, 305.7), (1339.0, 331.3), (1379.0, 348.9), (1419.0, 285.1), (1424.4, 241.8), (1424.4, 254.2), (1424.4, 303.8), (1430.9, 368.0), (1448.4, 304.0), (1473.9, 320.9), (1507.4, 368.0), (1547.4, 304.0), (1587.4, 320.9), (1627.4, 358.1), (1667.4, 326.0), (1707.4, 317.0), (1712.4, 338.1), (1716.9, 368.0), (1748.6, 368.3), (1788.6, 368.0), (1828.6, 339.8), (1868.6, 306.5), (1908.6, 335.9), (1948.6, 331.4), (1988.6, 310.8), (2028.6, 315.3), (2068.6, 354.2), (2108.6, 314.5), (2128.8, 260.9), (2128.8, 228.5), (2128.8, 219.2), (2128.8, 240.0), (2128.8, 296.4), (2131.5, 368.0), (2146.0, 304.0), (2168.5, 320.9), (2199.0, 368.0), (2238.6, 304.0), (2278.6, 320.9), (2318.6, 368.0), (2358.6, 304.0), (2398.6, 320.9), (2438.6, 368.0), (2478.6, 304.0), (2518.6, 320.9), (2558.6, 368.0), (2598.6, 299.1), (2638.6, 250.6), (2672.0, 224.0), (2672.4, 221.1), (2672.4, 250.8), (2674.6, 314.8), (2685.9, 348.9), (2707.4, 285.1), (2736.9, 278.8), (2774.2, 318.5), (2814.2, 348.9), (2854.2, 285.1), (2894.2, 278.8), (2934.2, 318.5), (2974.2, 348.9), (3014.2, 285.1), (3054.2, 241.8), (3094.2, 221.0), (3134.2, 225.2), (3174.2, 263.8), (3214.2, 333.1), (3254.2, 331.0), (3280.4, 272.3), (3286.9, 234.4), (3301.4, 219.4), (3323.9, 231.5), (3354.8, 261.4), (3394.4, 195.1), (3434.4, 149.2), (3474.4, 125.4), (3514.4, 126.0), (3554.4, 160.1), (3594.4, 227.0), (3634.4, 300.4), (3664.1, 368.0), (3664.4, 299.1), (3670.9, 250.6), (3685.4, 224.0), (3707.9, 221.1), (3738.4, 250.8), (3776.5, 314.8), (3816.5, 348.9), (3856.5, 285.1), (3859.5, 241.8), (3871.0, 221.0), (3890.5, 225.2), (3918.0, 263.8), (3955.8, 209.8), (3995.8, 158.7), (4035.8, 129.2), (4075.8, 123.0), (4115.8, 148.3), (4155.8, 208.7), (4195.8, 282.0), (4235.8, 316.9), (4242.6, 253.1), (4253.1, 209.8), (4271.6, 189.0), (4298.1, 193.2), (4332.6, 231.8), (4372.5, 186.5), (4412.5, 132.9), (4452.5, 100.5), (4492.5, 91.2), (4532.5, 112.0), (4572.5, 168.4), (4612.5, 241.8), (4624.1, 315.1), (4630.4, 348.9), (4646.9, 305.1), (4671.4, 330.4), (4704.6, 348.9), (4744.6, 305.1), (4784.6, 330.4), (4824.6, 348.9), (4864.6, 285.1), (4904.6, 241.8), (4944.6, 221.0), (4984.6, 202.0), (5024.6, 138.2), (5064.6, 94.9), (5104.6, 82.8), (5144.6, 114.5), (5184.6, 179.9), (5224.6, 253.3), (5264.6, 218.1), (5304.6, 164.5), (5344.6, 132.1), (5384.6, 122.8), (5424.6, 143.7), (5464.6, 200.0), (5488.8, 146.6), (5488.8, 95.6), (5488.8, 84.8), (5488.8, 121.0), (5488.8, 189.1), (5488.2, 154.5), (5488.0, 102.0), (5488.0, 82.8), (5488.0, 114.5), (5488.0, 179.9), (5488.0, 162.0), (5488.4, 105.9), (5488.4, 81.3), (5488.4, 108.6), (5488.4, 170.8), (5488.2, 170.5), (5488.8, 111.8), (5488.8, 80.4), (5488.8, 103.2), (5488.8, 161.6), (5488.1, 179.5), (5488.1, 119.3), (5488.1, 80.0), (5488.1, 98.4), (5488.1, 152.4), (5488.0, 188.3), (5488.8, 124.6), (5488.8, 81.3), (5488.8, 94.2), (5488.8, 143.8), (5488.0, 197.7), (5488.0, 131.4), (5488.0, 85.5), (5488.0, 90.5), (5488.0, 135.6), (5488.0, 207.4), (5488.6, 139.5), (5488.4, 92.0)]",0,27.48
novice,mario,Mario1-2,Stuck,1,0,197.37,0.969,"[(112.0, 208.0), (116.5, 226.4), (129.0, 280.4), (149.5, 353.8), (180.2, 314.5), (219.0, 260.9), (259.0, 228.5), (299.0, 219.2), (339.0, 240.0), (379.0, 171.2), (419.0, 122.7), (459.0, 96.1), (499.0, 93.1), (539.0, 122.8), (579.0, 186.8), (619.0, 260.1), (659.0, 275.8), (699.0, 214.6), (739.0, 173.9), (779.0, 156.0), (819.0, 164.1), (859.0, 207.1), (899.0, 203.0), (939.0, 144.3), (979.0, 106.4), (1019.0, 91.4), (1059.0, 103.5), (1099.0, 151.0), (1139.0, 223.4), (1179.0, 296.8), (1219.0, 340.8), (1259.0, 311.6), (1299.0, 305.7), (1339.0, 331.3), (1379.0, 348.9), (1419.0, 285.1), (1424.4, 241.8), (1424.4, 254.2), (1424.4, 303.8), (1430.9, 368.0), (1448.4, 304.0), (1473.9, 320.9), (1507.4, 368.0), (1547.4, 304.0), (1587.4, 320.9), (1627.4, 358.1), (1667.4, 326.0), (1707.4, 317.0), (1712.4, 338.1), (1716.9, 368.0), (1748.6, 368.3), (1788.6, 368.0), (1828.6, 339.8), (1868.6, 306.5), (1908.6, 335.9), (1948.6, 331.4), (1988.6, 310.8), (2028.6, 315.3), (2068.6, 354.2), (2108.6, 314.5), (2128.8, 260.9), (2128.8, 228.5), (2128.8, 219.2), (2128.8, 240.0), (2128.8, 296.4), (2131.5, 368.0), (2146.0, 304.0), (2168.5, 320.9), (2199.0, 368.0), (2238.6, 304.0), (2278.6, 320.9), (2318.6, 368.0), (2358.6, 304.0), (2398.6, 320.9), (2438.6, 368.0), (2478.6, 304.0), (2518.6, 320.9), (2558.6, 368.0), (2598.6, 299.1), (2638.6, 250.6), (2671.9, 224.0), (2671.6, 221.1), (2670.9, 250.8), (2674.4, 314.8), (2686.6, 348.9), (2709.1, 285.1), (2739.6, 278.8), (2777.8, 318.5), (2817.8, 348.9), (2857.8, 285.1), (2897.8, 278.8), (2937.8, 318.5), (2977.8, 348.9), (3017.8, 285.1), (3057.8, 241.8), (3097.8, 221.0), (3137.8, 225.2), (3177.8, 263.8), (3217.8, 333.1), (3257.8, 331.0), (3280.8, 272.3), (3288.2, 234.4), (3303.8, 219.4), (3327.2, 231.5), (3359.1, 261.4), (3399.0, 195.1), (3439.0, 149.2), (3479.0, 125.4), (3519.0, 126.0), (3559.0, 160.1), (3599.0, 227.0), (3639.0, 300.4), (3664.0, 368.0), (3664.8, 299.4), (3672.2, 251.2), (3687.8, 224.9), (3711.2, 222.3), (3742.8, 252.3), (3781.5, 316.4), (3821.5, 348.9), (3856.0, 285.1), (3860.5, 241.8), (3873.0, 221.0), (3893.5, 225.2), (3922.0, 263.8), (3960.4, 209.8), (4000.4, 158.7), (4040.4, 129.2), (4080.4, 123.0), (4120.4, 148.3), (4160.4, 208.7), (4200.4, 282.0), (4240.4, 316.9), (4243.5, 253.1), (4255.0, 209.8), (4274.5, 189.0), (4302.0, 193.2), (4337.5, 231.8), (4377.5, 186.5), (4417.5, 132.9), (4457.5, 100.5), (4497.5, 91.2), (4537.5, 112.0), (4577.5, 168.4), (4617.5, 241.8), (4624.4, 315.1), (4631.6, 348.9), (4649.1, 305.1), (4674.6, 330.4), (4708.9, 348.9), (4748.9, 305.1), (4788.9, 330.4), (4828.9, 348.9), (4868.9, 285.1), (4908.9, 241.8), (4948.9, 221.0), (4988.9, 202.0), (5028.9, 138.2), (5068.9, 94.9), (5108.9, 82.8), (5148.9, 114.5), (5188.9, 179.9), (5228.9, 253.3), (5268.9, 218.1), (5308.9, 164.5), (5348.9, 132.1), (5388.9, 122.8), (5428.9, 143.7), (5468.9, 200.0), (5488.0, 146.6), (5488.0, 95.6), (5488.0, 84.8), (5488.0, 121.0), (5488.2, 189.1), (5487.8, 153.9), (5488.1, 100.3), (5488.1, 82.8), (5488.1, 114.5), (5488.0, 179.9), (5487.0, 162.2), (5488.0, 106.4), (5488.0, 81.3), (5488.0, 108.6), (5488.2, 170.8), (5487.8, 170.6), (5488.3, 112.2), (5488.4, 80.4), (5488.4, 103.2), (5488.2, 161.6), (5488.1, 179.2), (5488.4, 118.0), (5488.4, 80.0), (5488.4, 98.4), (5488.0, 152.4), (5487.9, 188.4), (5487.6, 124.9), (5488.1, 81.9), (5488.1, 94.2), (5488.1, 143.8), (5488.2, 197.8), (5487.2, 131.7), (5488.8, 86.1), (5488.8, 90.5), (5488.8, 135.6), (5488.2, 207.4), (5487.6, 138.6), (5488.8, 90.1)]",0,27.47
novice,mario,Mario1-2,Stuck,1,0,198.09,0.969,"[(112.0, 208.0), (116.5, 226.4), (129.0, 280.4), (149.5, 353.8), (180.2, 314.5), (219.0, 260.9), (259.0, 228.5), (299.0, 219.2), (339.0, 240.0), (379.0, 171.2), (419.0, 122.7), (459.0, 96.1), (499.0, 93.1), (539.0, 122.8), (579.0, 186.8), (619.0, 260.1), (659.0, 275.8), (699.0, 214.6), (739.0, 173.9), (779.0, 156.0), (819.0, 164.1), (859.0, 207.1), (899.0, 203.0), (939.0, 144.3), (979.0, 106.4), (1019.0, 91.4), (1059.0, 103.5), (1099.0, 151.0), (1139.0, 223.4), (1179.0, 296.8), (1219.0, 340.8), (1259.0, 311.6), (1299.0, 305.7), (1339.0, 331.3), (1379.0, 348.9), (1419.0, 285.1), (1424.4, 241.8), (1424.4, 254.2), (1424.4, 303.8), (1430.9, 368.0), (1448.4, 304.0), (1473.9, 320.9), (1507.4, 368.0), (1547.4, 304.0), (1587.4, 320.9), (1627.4, 358.1), (1667.4, 326.0), (1707.4, 317.0), (1712.4, 338.1), (1716.9, 368.0), (1748.6, 368.3), (1788.6, 368.0), (1828.6, 339.8), (1868.6, 306.5), (1908.6, 335.9), (1948.6, 331.4), (1988.6, 310.8), (2028.6, 315.3), (2068.6, 354.2), (2108.6, 314.5), (2128.8, 260.9), (2128.8, 228.5), (2128.8, 219.2), (2128.8, 240.0), (2128.8, 296.4), (2131.5, 368.0), (2146.0, 304.0), (2168.5, 320.9), (2199.0, 368.0), (2238.6, 304.0), (2278.6, 320.9), (2318.6, 368.0), (2358.6, 304.0), (2398.6, 320.9), (2438.6, 368.0), (2478.6, 304.0), (2518.6, 320.9), (2558.6, 368.0), (2598.6, 299.1), (2638.6, 250.6), (2672.1, 224.0), (2672.1, 221.1), (2672.0, 250.8), (2675.5, 314.8), (2687.8, 348.9), (2710.2, 285.1), (2740.8, 278.8), (2778.9, 318.5), (2818.9, 348.9), (2858.9, 285.1), (2898.9, 278.8), (2938.9, 318.5), (2978.9, 348.9), (3018.9, 285.1), (3058.9, 241.8), (3098.9, 221.0), (3138.9, 225.2), (3178.9, 263.8), (3218.9, 333.1), (3258.9, 331.0), (3280.8, 272.3), (3288.2, 234.4), (3303.8, 219.4), (3327.2, 231.5), (3359.1, 261.4), (3399.0, 195.1), (3439.0, 149.2), (3479.0, 125.4), (3519.0, 126.0), (3559.0, 160.1), (3599.0, 227.0), (3639.0, 300.4), (3664.4, 368.0), (3664.8, 299.1), (3672.2, 250.6), (3687.8, 224.0), (3711.2, 221.1), (3742.8, 250.8), (3781.5, 314.8), (3820.2, 348.9), (3856.0, 285.1), (3860.5, 241.8), (3873.0, 221.0), (3893.5, 225.2), (3922.0, 263.8), (3960.4, 209.8), (4000.4, 158.7), (4040.4, 129.2), (4080.4, 123.0), (4120.4, 148.3), (4160.4, 208.7), (4200.4, 282.0), (4240.4, 316.9), (4243.5, 253.1), (4255.0, 209.8), (4274.5, 189.0), (4302.0, 193.2), (4337.5, 231.8), (4377.5, 186.5), (4417.5, 132.9), (4457.5, 100.5), (4497.5, 91.2), (4537.5, 112.0), (4577.5, 168.4), (4617.5, 241.8), (4624.4, 315.1), (4631.6, 348.9), (4649.1, 305.1), (4674.6, 330.4), (4708.9, 348.9), (4748.9, 305.1), (4788.9, 330.4), (4828.9, 348.9), (4868.9, 285.1), (4908.9, 241.8), (4948.9, 221.0), (4988.9, 202.0), (5028.9, 138.2), (5068.9, 94.9), (5108.9, 82.8), (5148.9, 114.5), (5188.9, 179.9), (5228.9, 253.3), (5268.9, 218.1), (5308.9, 164.5), (5348.9, 132.1), (5388.9, 122.8), (5428.9, 143.7), (5468.9, 200.0), (5488.8, 146.6), (5488.8, 95.6), (5488.8, 84.8), (5488.8, 121.0), (5488.8, 189.1), (5488.0, 153.9), (5488.0, 100.3), (5488.0, 82.8), (5488.0, 114.5), (5488.0, 179.9), (5488.0, 162.0), (5488.0, 105.9), (5488.0, 81.3), (5488.0, 108.6), (5488.0, 170.8), (5488.4, 170.5), (5488.4, 111.8), (5488.4, 80.4), (5488.4, 103.2), (5488.4, 161.6), (5488.4, 179.2), (5488.4, 118.0), (5488.4, 80.0), (5488.4, 98.4), (5488.4, 152.4), (5488.0, 188.3), (5488.0, 124.6), (5488.0, 81.3), (5488.0, 94.2), (5488.0, 143.8), (5488.0, 197.7), (5488.0, 131.4), (5488.0, 85.5), (5488.0, 90.5), (5488.0, 135.6), (5488.0, 207.4), (5488.4, 138.6), (5488.4, 90.1)]",0,27.47
novice,mario,Mario1-2,Pit,2,0,237.81,0.816,"[(112.0, 208.0), (116.5, 226.4), (129.0, 280.4), (149.5, 353.8), (180.2, 314.5), (219.0, 260.9), (259.0, 228.5), (299.0, 219.2), (339.0, 240.0), (379.0, 171.2), (419.0, 122.7), (459.0, 96.1), (499.0, 93.1), (539.0, 122.8), (579.0, 186.8), (619.0, 260.1), (659.0, 275.8), (699.0, 214.6), (739.0, 173.9), (779.0, 156.0), (819.0, 164.1), (859.0, 207.1), (899.0, 203.0), (939.0, 144.3), (979.0, 106.4), (1019.0, 91.4), (1059.0, 103.5), (1099.0, 151.0), (1139.0, 223.4), (1179.0, 296.8), (1219.0, 340.8), (1259.0, 311.6), (1299.0, 305.7), (1339.0, 331.3), (1379.0, 348.9), (1419.0, 285.1), (1424.8, 241.8), (1424.7, 254.2), (1424.7, 303.8), (1424.7, 368.0), (1432.2, 304.0), (1447.7, 320.9), (1471.2, 368.0), (1505.7, 304.0), (1545.6, 320.9), (1585.6, 345.1), (1625.6, 315.8), (1665.6, 309.9), (1705.6, 335.5), (1716.9, 368.0), (1748.6, 368.3), (1788.6, 368.0), (1828.6, 339.8), (1868.6, 306.5), (1908.6, 335.9), (1948.6, 331.4), (1988.6, 310.8), (2028.6, 315.3), (2068.6, 354.2), (2108.6, 314.5), (2128.8, 260.9), (2128.1, 228.5), (2128.2, 219.2), (2128.2, 240.0), (2128.2, 296.4), (2128.3, 368.0), (2136.8, 304.0), (2153.3, 320.9), (2177.8, 368.0), (2213.3, 304.0), (2253.3, 320.9), (2293.3, 368.0), (2333.3, 304.0), (2373.3, 320.9), (2413.3, 368.0), (2453.3, 304.0), (2493.3, 320.9), (2533.3, 368.0), (2573.3, 304.0), (2613.3, 320.9), (2653.3, 345.1), (2693.3, 315.8), (2733.3, 309.9), (2773.3, 335.5), (2813.3, 339.8), (2853.3, 278.6), (2893.3, 281.8), (2933.3, 325.9), (2973.3, 339.8), (3013.3, 278.6), (3053.3, 237.9), (3093.3, 220.0), (3133.3, 228.1), (3173.3, 271.1), (3213.3, 342.3), (3253.3, 322.6), (3280.4, 266.4), (3286.9, 231.3), (3301.4, 219.1), (3323.9, 235.5), (3355.1, 252.1), (3394.8, 189.4), (3434.8, 147.1), (3474.8, 127.3), (3514.8, 132.6), (3554.8, 172.2), (3594.8, 242.1), (3634.8, 315.4), (3664.1, 348.9), (3665.9, 285.1), (3675.4, 241.8), (3692.9, 221.0), (3718.4, 225.2), (3751.9, 263.8), (3791.5, 333.1), (3831.5, 331.0), (3856.4, 272.3), (3862.9, 234.4), (3877.4, 219.4), (3899.9, 231.5), (3930.8, 261.4), (3970.4, 195.1), (4010.4, 149.2), (4050.4, 125.4), (4090.4, 126.0), (4130.4, 160.1), (4170.4, 227.0), (4210.4, 300.4), (4240.1, 299.0), (4245.6, 240.3), (4259.1, 202.4), (4280.6, 187.4), (4310.1, 199.5), (4347.5, 240.0), (4387.5, 171.1), (4427.5, 122.6), (4467.5, 96.0), (4507.5, 93.1), (4547.5, 122.8), (4587.5, 186.8), (4624.0, 260.1), (4624.7, 333.4), (4624.2, 406.8)]",0,18.98
novice,mario,Mario1-2,Stuck,1,0,197.99,0.969,"[(112.0, 208.0), (116.5, 226.4), (129.0, 280.4), (149.5, 353.8), (180.2, 314.5), (219.0, 260.9), (259.0, 228.5), (299.0, 219.2), (339.0, 240.0), (379.0, 171.2), (419.0, 122.7), (459.0, 96.1), (499.0, 93.1), (539.0, 122.8), (579.0, 186.8), (619.0, 260.1), (659.0, 275.8), (699.0, 214.6), (739.0, 173.9), (779.0, 156.0), (819.0, 164.1), (859.0, 207.1), (899.0, 203.0), (939.0, 144.3), (979.0, 106.4), (1019.0, 91.4), (1059.0, 103.5), (1099.0, 151.0), (1139.0, 223.4), (1179.0, 296.8), (1219.0, 340.8), (1259.0, 311.6), (1299.0, 305.7), (1339.0, 331.3), (1379.0, 348.9), (1419.0, 285.1), (1424.4, 241.8), (1424.4, 254.2), (1424.4, 303.8), (1430.9, 368.0), (1448.4, 304.0), (1473.9, 320.9), (1507.4, 368.0), (1547.4, 304.0), (1587.4, 320.9), (1627.4, 358.1), (1667.4, 326.0), (1707.4, 317.0), (1712.4, 338.1), (1716.9, 368.0), (1748.6, 368.3), (1788.6, 368.0), (1828.6, 339.8), (1868.6, 306.5), (1908.6, 335.9), (1948.6, 331.4), (1988.6, 310.8), (2028.6, 315.3), (2068.6, 354.2), (2108.6, 314.5), (2128.8, 260.9), (2128.8, 228.5), (2128.8, 219.2), (2128.8, 240.0), (2128.8, 296.4), (2131.5, 368.0), (2146.0, 304.0), (2168.5, 320.9), (2199.0, 368.0), (2238.6, 304.0), (2278.6, 320.9), (2318.6, 368.0), (2358.6, 304.0), (2398.6, 320.9), (2438.6, 368.0), (2478.6, 304.0), (2518.6, 320.9), (2558.6, 368.0), (2598.1, 299.1), (2638.1, 250.6), (2672.0, 224.0), (2672.0, 221.1), (2672.7, 250.8), (2673.9, 314.8), (2684.1, 348.9), (2704.6, 285.1), (2733.1, 278.8), (2769.6, 318.5), (2809.6, 348.9), (2849.6, 285.1), (2889.6, 278.8), (2929.6, 318.5), (2969.6, 348.9), (3009.6, 285.1), (3049.6, 241.8), (3089.6, 221.0), (3129.6, 225.2), (3169.6, 263.8), (3209.6, 333.1), (3249.6, 331.0), (3280.1, 272.3), (3285.6, 234.4), (3299.1, 219.4), (3320.6, 231.5), (3350.5, 261.4), (3389.8, 195.1), (3429.8, 149.2), (3469.8, 125.4), (3509.8, 126.0), (3549.8, 160.1), (3589.8, 227.0), (3629.8, 300.4), (3664.0, 368.0), (3664.4, 299.1), (3670.9, 250.6), (3685.4, 224.0), (3707.9, 221.1), (3738.4, 250.8), (3776.5, 314.8), (3815.2, 348.9), (3849.3, 285.1), (3858.6, 241.8), (3869.1, 221.0), (3887.6, 225.2), (3914.1, 263.8), (3951.1, 209.8), (3991.1, 158.7), (4031.1, 129.2), (4071.1, 123.0), (4111.1, 148.3), (4151.1, 208.7), (4191.1, 282.0), (4231.1, 316.9), (4242.6, 253.1), (4253.1, 209.8), (4271.6, 189.0), (4298.1, 193.2), (4332.6, 231.8), (4372.5, 186.5), (4412.5, 132.9), (4452.5, 100.5), (4492.5, 91.2), (4532.5, 112.0), (4572.5, 168.4), (4612.5, 241.8), (4624.1, 315.1), (4630.4, 348.9), (4646.9, 305.1), (4671.4, 330.4), (4704.6, 348.9), (4744.6, 305.1), (4784.6, 330.4), (4824.6, 348.9), (4864.6, 285.1), (4904.6, 241.8), (4944.6, 221.0), (4984.6, 202.0), (5024.6, 138.2), (5064.6, 94.9), (5104.6, 82.8), (5144.6, 114.5), (5184.6, 179.9), (5224.6, 253.3), (5264.6, 218.1), (5304.6, 164.5), (5344.6, 132.1), (5384.6, 122.8), (5424.6, 143.7), (5464.6, 200.0), (5488.8, 146.6), (5488.8, 95.6), (5488.8, 84.8), (5488.8, 121.0), (5488.8, 189.1), (5488.0, 153.9), (5488.0, 100.3), (5488.0, 82.8), (5488.0, 114.5), (5488.0, 179.9), (5488.0, 162.0), (5488.0, 105.9), (5488.0, 81.3), (5488.0, 108.6), (5488.0, 170.8), (5488.4, 170.5), (5488.4, 111.8), (5488.4, 80.4), (5488.4, 103.2), (5488.4, 161.6), (5488.4, 179.2), (5488.4, 118.0), (5488.4, 80.0), (5488.4, 98.4), (5488.4, 152.4), (5488.0, 188.3), (5488.0, 124.6), (5488.0, 81.3), (5488.0, 94.2), (5488.0, 143.8), (5488.0, 197.7), (5488.0, 131.4), (5488.0, 85.5), (5488.0, 90.5), (5488.0, 135.6), (5488.0, 207.4), (5488.4, 138.6), (5488.4, 90.1)]",0,27.48
novice,mario,Mario1-2,Enemy,1,0,251.35,0.286,"[(112.0, 208.0), (116.5, 226.4), (129.0, 280.4), (149.5, 353.8), (180.2, 314.5), (219.0, 260.9), (259.0, 228.5), (299.0, 219.2), (339.0, 240.0), (379.0, 171.2), (419.0, 122.7), (459.0, 96.1), (499.0, 93.1), (539.0, 122.8), (579.0, 186.8), (619.0, 260.1), (659.0, 275.8), (699.0, 214.6), (739.0, 173.9), (779.0, 156.0), (819.0, 164.1), (859.0, 207.1), (899.0, 203.0), (939.0, 144.3), (979.0, 106.4), (1019.0, 91.4), (1059.0, 103.5), (1099.0, 151.0), (1139.0, 223.4), (1179.0, 296.8), (1219.0, 340.8), (1259.0, 311.6), (1299.0, 305.7), (1339.0, 331.3), (1379.0, 348.9), (1419.0, 285.1), (1424.4, 241.8), (1424.4, 254.2), (1424.9, 303.8), (1427.5, 368.0), (1442.0, 304.0), (1464.5, 320.9), (1495.0, 368.0), (1534.6, 304.0), (1574.6, 320.9), (1614.6, 368.0)]",0,6.03
novice,mario,Mario1-2,Stuck,1,0,198.07,0.969,"[(112.0, 208.0), (116.5, 226.4), (129.0, 280.4), (149.5, 353.8), (180.2, 314.5), (219.0, 260.9), (259.0, 228.5), (299.0, 219.2), (339.0, 240.0), (379.0, 171.2), (419.0, 122.7), (459.0, 96.1), (499.0, 93.1), (539.0, 122.8), (579.0, 186.8), (619.0, 260.1), (659.0, 275.8), (699.0, 214.6), (739.0, 173.9), (779.0, 156.0), (819.0, 164.1), (859.0, 207.1), (899.0, 203.0), (939.0, 144.3), (979.0, 106.4), (1019.0, 91.4), (1059.0, 103.5), (1099.0, 151.0), (1139.0, 223.4), (1179.0, 296.8), (1219.0, 340.8), (1259.0, 311.6), (1299.0, 305.7), (1339.0, 331.3), (1379.0, 348.9), (1419.0, 285.1), (1424.4, 241.8), (1424.4, 254.2), (1424.4, 303.8), (1430.9, 368.0), (1448.4, 304.0), (1473.9, 320.9), (1507.4, 368.0), (1547.4, 304.0), (1587.4, 320.9), (1627.4, 358.1), (1667.4, 326.0), (1707.4, 317.0), (1712.4, 338.1), (1716.9, 368.0), (1748.6, 368.3), (1788.6, 368.0), (1828.6, 339.8), (1868.6, 306.5), (1908.6, 335.9), (1948.6, 331.4), (1988.6, 310.8), (2028.6, 315.3), (2068.6, 354.2), (2108.6, 314.5), (2128.8, 260.9), (2128.8, 228.5), (2128.8, 219.2), (2128.8, 240.0), (2128.8, 296.4), (2131.5, 368.0), (2146.0, 304.0), (2168.5, 320.9), (2199.0, 368.0), (2238.6, 304.0), (2278.6, 320.9), (2318.6, 368.0), (2358.6, 304.0), (2398.6, 320.9), (2438.6, 368.0), (2478.6, 304.0), (2518.6, 320.9), (2558.6, 368.0), (2598.6, 299.1), (2638.6, 250.6), (2671.9, 224.0), (2671.6, 221.1), (2672.1, 250.8), (2673.9, 314.8), (2684.1, 348.9), (2704.6, 285.1), (2733.1, 278.8), (2769.6, 318.5), (2809.6, 348.9), (2849.6, 285.1), (2889.6, 278.8), (2929.6, 318.5), (2969.6, 348.9), (3009.6, 285.1), (3049.6, 241.8), (3089.6, 221.0), (3129.6, 225.2), (3169.6, 263.8), (3209.6, 333.1), (3249.6, 331.0), (3280.1, 272.3), (3285.6, 234.4), (3299.1, 219.4), (3320.6, 231.5), (3350.5, 261.4), (3389.8, 195.1), (3429.8, 149.2), (3469.8, 125.4), (3509.8, 126.0), (3549.8, 160.1), (3589.8, 227.0), (3629.8, 300.4), (3664.0, 368.0), (3664.4, 299.1), (3670.9, 250.6), (3685.4, 224.0), (3707.9, 221.1), (3738.4, 250.8), (3776.5, 314.8), (3816.5, 348.9), (3856.5, 285.1), (3859.5, 241.8), (3871.0, 221.0), (3890.5, 225.2), (3918.0, 263.8), (3955.8, 209.8), (3995.8, 158.7), (4035.8, 129.2), (4075.8, 123.0), (4115.8, 148.3), (4155.8, 208.7), (4195.8, 282.0), (4235.8, 316.9), (4242.6, 253.1), (4253.1, 209.8), (4271.6, 189.0), (4298.1, 193.2), (4332.6, 231.8), (4372.5, 186.5), (4412.5, 132.9), (4452.5, 100.5), (4492.5, 91.2), (4532.5, 112.0), (4572.5, 168.4), (4612.5, 241.8), (4624.1, 315.1), (4630.4, 348.9), (4646.9, 305.1), (4671.4, 330.4), (4704.6, 348.9), (4744.6, 305.1), (4784.6, 330.4), (4824.6, 348.9), (4864.6, 285.1), (4904.6, 241.8), (4944.6, 221.0), (4984.6, 202.0), (5024.6, 138.2), (5064.6, 94.9), (5104.6, 82.8), (5144.6, 114.5), (5184.6, 179.9), (5224.6, 253.3), (5264.6, 218.1), (5304.6, 164.5), (5344.6, 132.1), (5384.6, 122.8), (5424.6, 143.7), (5464.6, 200.0), (5488.8, 146.6), (5488.8, 95.6), (5488.8, 84.8), (5488.8, 121.0), (5488.8, 189.1), (5488.0, 153.9), (5488.0, 100.3), (5488.0, 82.8), (5488.0, 114.5), (5488.0, 179.9), (5488.0, 162.0), (5488.0, 105.9), (5488.0, 81.3), (5488.0, 108.6), (5488.0, 170.8), (5488.4, 170.5), (5488.4, 111.8), (5488.4, 80.4), (5488.4, 103.2), (5488.4, 161.6), (5488.4, 179.2), (5488.4, 118.0), (5488.4, 80.0), (5488.4, 98.4), (5488.4, 152.4), (5488.0, 188.3), (5488.0, 124.6), (5488.0, 81.3), (5488.0, 94.2), (5488.0, 143.8), (5488.0, 197.7), (5488.0, 131.4), (5488.0, 85.5), (5488.0, 90.5), (5488.0, 135.6), (5488.0, 207.4), (5488.4, 138.6), (5488.4, 90.1)]",0,27.48
novice,mario,Mario1-2,Stuck,1,3,137.25,0.348,"[(112.0, 208.0), (116.5, 226.4), (129.0, 280.4), (149.5, 353.8), (180.2, 314.5), (219.0, 260.9), (259.0, 228.5), (299.0, 219.2), (339.0, 240.0), (379.0, 171.2), (419.0, 122.7), (459.0, 96.1), (499.0, 93.1), (539.0, 122.8), (579.0, 186.8), (619.0, 260.1), (659.0, 275.8), (699.0, 214.6), (739.0, 173.9), (779.0, 156.0), (819.0, 164.1), (859.0, 207.1), (899.0, 203.0), (939.0, 144.3), (979.0, 106.4), (1019.0, 91.4), (1059.0, 103.5), (1099.0, 151.0), (1139.0, 223.4), (1179.0, 296.8), (1219.0, 340.8), (1259.0, 311.6), (1299.0, 305.7), (1339.0, 331.3), (1379.0, 348.9), (1419.0, 285.1), (1424.4, 241.8), (1424.4, 254.2), (1424.4, 303.8), (1430.9, 368.0), (1445.5, 304.0), (1461.6, 320.9), (1485.8, 368.0), (1518.6, 304.0), (1556.7, 320.9), (1596.7, 368.0), (1636.7, 299.1), (1648.1, 250.6), (1648.1, 224.0), (1648.1, 221.1), (1648.1, 250.8), (1648.1, 314.8), (1653.6, 331.0), (1667.1, 307.6), (1688.6, 308.4), (1712.1, 342.9), (1712.1, 331.2), (1712.1, 272.8), (1713.2, 235.2), (1721.8, 220.4), (1738.2, 232.8), (1765.0, 186.5), (1800.5, 144.3), (1840.5, 166.2), (1880.5, 223.6), (1920.5, 186.5), (1960.5, 144.3), (1968.4, 166.2), (1968.4, 223.6), (1968.2, 186.5), (1968.2, 144.3), (1968.8, 166.2), (1968.8, 223.6), (1968.0, 186.5), (1968.1, 144.3), (1968.1, 166.2), (1968.1, 223.6), (1968.2, 186.5), (1968.2, 144.3), (1968.0, 166.2), (1968.0, 223.6), (1968.7, 186.5), (1968.7, 144.3), (1968.1, 166.2), (1968.1, 223.6), (1968.0, 186.5), (1968.1, 144.3), (1968.1, 166.2), (1968.1, 223.6), (1968.2, 186.5), (1968.2, 144.3), (1968.0, 166.2), (1968.0, 223.6), (1968.7, 186.5), (1968.7, 144.3), (1968.1, 166.2), (1968.1, 223.6), (1968.0, 186.5), (1968.1, 144.3), (1968.1, 166.2), (1968.1, 223.6), (1968.2, 186.5), (1968.2, 144.3), (1968.0, 166.2)]",0,13.83
novice,mario,Mario1-2,Pit,4,0,187.69,0.466,"[(112.0, 208.0), (112.0, 226.4), (115.5, 280.4), (127.0, 353.8), (148.8, 314.5), (179.1, 260.9), (209.0, 228.5), (234.5, 219.2), (261.0, 240.0), (294.3, 296.4), (332.0, 368.0), (372.0, 304.0), (412.0, 320.9), (452.0, 345.1), (492.0, 315.8), (532.0, 309.9), (572.0, 335.5), (612.0, 266.6), (652.0, 218.1), (692.0, 191.5), (732.0, 188.6), (772.0, 218.3), (812.0, 203.0), (851.9, 144.3), (888.8, 106.4), (921.3, 91.4), (949.4, 103.5), (973.0, 151.0), (995.5, 198.3), (1022.5, 132.0), (1045.1, 86.0), (1063.3, 90.5), (1077.0, 135.6), (1086.3, 207.4), (1091.7, 280.8), (1104.1, 258.6), (1121.5, 203.4), (1134.7, 171.2), (1143.4, 162.1), (1147.7, 183.2), (1153.9, 239.8), (1164.1, 313.1), (1182.2, 329.4), (1208.4, 306.0), (1242.6, 306.8), (1282.4, 341.2), (1322.4, 331.0), (1362.4, 308.3), (1402.4, 342.1), (1442.4, 331.0), (1482.4, 308.3), (1522.4, 342.1), (1562.4, 331.0), (1602.3, 272.3), (1640.4, 234.4), (1648.2, 219.4), (1648.2, 231.5), (1648.2, 279.0), (1648.2, 351.4), (1649.4, 314.7), (1653.8, 313.6), (1654.5, 356.0), (1660.2, 314.5), (1674.7, 313.6), (1697.2, 356.0), (1712.8, 314.5), (1712.8, 260.9), (1712.8, 228.5), (1720.2, 219.2), (1735.8, 240.0), (1761.7, 171.2), (1786.1, 146.5), (1806.0, 177.2), (1828.5, 241.9), (1840.0, 315.3), (1842.6, 331.6), (1852.5, 308.1), (1860.9, 308.9), (1866.0, 343.4), (1877.2, 318.3), (1894.4, 304.0), (1908.4, 322.4), (1924.9, 368.0), (1952.4, 304.0), (1983.8, 320.9), (2018.0, 368.0), (2058.0, 304.0), (2098.0, 320.9), (2138.0, 368.0), (2178.0, 304.0), (2218.0, 320.9), (2258.0, 368.0), (2298.0, 304.0), (2338.0, 320.9), (2378.0, 368.0), (2418.0, 304.0), (2456.5, 320.9), (2493.6, 368.0), (2533.5, 304.0), (2571.6, 320.9), (2611.6, 372.1)]",0,13.45
novice,mario,Mario1-2,Stuck,1,0,197.37,0.969,"[(112.0, 208.0), (116.5, 226.4), (129.0, 280.4), (149.5, 353.8), (180.2, 314.5), (219.0, 260.9), (259.0, 228.5), (299.0, 219.2), (339.0, 240.0), (379.0, 171.2), (419.0, 122.7), (459.0, 96.1), (499.0, 93.1), (539.0, 122.8), (579.0, 186.8), (619.0, 260.1), (659.0, 275.8), (699.0, 214.6), (739.0, 173.9), (779.0, 156.0), (819.0, 164.1), (859.0, 207.1), (899.0, 203.0), (939.0, 144.3), (979.0, 106.4), (1019.0, 91.4), (1059.0, 103.5), (1099.0, 151.0), (1139.0, 223.4), (1179.0, 296.8), (1219.0, 340.8), (1259.0, 311.6), (1299.0, 305.7), (1339.0, 331.3), (1379.0, 348.9), (1419.0, 285.1), (1424.4, 241.8), (1424.4, 254.2), (1424.4, 303.8), (1430.9, 368.0), (1448.4, 304.0), (1473.9, 320.9), (1507.4, 368.0), (1547.4, 304.0), (1587.4, 320.9), (1627.4, 358.1), (1667.4, 326.0), (1707.4, 317.0), (1712.4, 338.1), (1716.9, 368.0), (1748.6, 368.3), (1788.6, 368.0), (1828.6, 339.8), (1868.6, 306.5), (1908.6, 335.9), (1948.6, 331.4), (1988.6, 310.8), (2028.6, 315.3), (2068.6, 354.2), (2108.6, 314.5), (2128.8, 260.9), (2128.8, 228.5), (2128.8, 219.2), (2128.8, 240.0), (2128.8, 296.4), (2131.5, 368.0), (2146.0, 304.0), (2168.5, 320.9), (2199.0, 368.0), (2238.6, 304.0), (2278.6, 320.9), (2318.6, 368.0), (2358.6, 304.0), (2398.6, 320.9), (2438.6, 368.0), (2478.6, 304.0), (2518.6, 320.9), (2558.6, 368.0), (2598.6, 299.1), (2638.6, 250.6), (2671.9, 224.0), (2671.6, 221.1), (2670.9, 250.8), (2674.4, 314.8), (2686.6, 348.9), (2709.1, 285.1), (2739.6, 278.8), (2777.8, 318.5), (2817.8, 348.9), (2857.8, 285.1), (2897.8, 278.8), (2937.8, 318.5), (2977.8, 348.9), (3017.8, 285.1), (3057.8, 241.8), (3097.8, 221.0), (3137.8, 225.2), (3177.8, 263.8), (3217.8, 333.1), (3257.8, 331.0), (3280.8, 272.3), (3288.2, 234.4), (3303.8, 219.4), (3327.2, 231.5), (3359.1, 261.4), (3399.0, 195.1), (3439.0, 149.2), (3479.0, 125.4), (3519.0, 126.0), (3559.0, 160.1), (3599.0, 227.0), (3639.0, 300.4), (3664.0, 368.0), (3664.8, 299.4), (3672.2, 251.2), (3687.8, 224.9), (3711.2, 222.3), (3742.8, 252.3), (3781.5, 316.4), (3821.5, 348.9), (3856.0, 285.1), (3860.5, 241.8), (3873.0, 221.0), (3893.5, 225.2), (3922.0, 263.8), (3960.4, 209.8), (4000.4, 158.7), (4040.4, 129.2), (4080.4, 123.0), (4120.4, 148.3), (4160.4, 208.7), (4200.4, 282.0), (4240.4, 316.9), (4243.5, 253.1), (4255.0, 209.8), (4274.5, 189.0), (4302.0, 193.2), (4337.5, 231.8), (4377.5, 186.5), (4417.5, 132.9), (4457.5, 100.5), (4497.5, 91.2), (4537.5, 112.0), (4577.5, 168.4), (4617.5, 241.8), (4624.4, 315.1), (4631.6, 348.9), (4649.1, 305.1), (4674.6, 330.4), (4708.9, 348.9), (4748.9, 305.1), (4788.9, 330.4), (4828.9, 348.9), (4868.9, 285.1), (4908.9, 241.8), (4948.9, 221.0), (4988.9, 202.0), (5028.9, 138.2), (5068.9, 94.9), (5108.9, 82.8), (5148.9, 114.5), (5188.9, 179.9), (5228.9, 253.3), (5268.9, 218.1), (5308.9, 164.5), (5348.9, 132.1), (5388.9, 122.8), (5428.9, 143.7), (5468.9, 200.0), (5488.0, 146.6), (5488.0, 95.6), (5488.0, 84.8), (5488.0, 121.0), (5488.2, 189.1), (5487.8, 153.9), (5488.1, 100.3), (5488.1, 82.8), (5488.1, 114.5), (5488.0, 179.9), (5487.0, 162.2), (5488.0, 106.4), (5488.0, 81.3), (5488.0, 108.6), (5488.2, 170.8), (5487.8, 170.6), (5488.3, 112.2), (5488.4, 80.4), (5488.4, 103.2), (5488.2, 161.6), (5488.1, 179.2), (5488.4, 118.0), (5488.4, 80.0), (5488.4, 98.4), (5488.0, 152.4), (5487.9, 188.4), (5487.6, 124.9), (5488.1, 81.9), (5488.1, 94.2), (5488.1, 143.8), (5488.2, 197.8), (5487.2, 131.7), (5488.8, 86.1), (5488.8, 90.5), (5488.8, 135.6), (5488.2, 207.4), (5487.6, 138.6), (5488.8, 90.1)]",0,27.47
novice,mario,Mario1-2,Stuck,4,0,197.88,0.969,"[(112.0, 208.0), (116.5, 226.4), (129.0, 280.4), (149.5, 353.8), (180.2, 314.5), (219.0, 260.9), (259.0, 228.5), (299.0, 219.2), (339.0, 240.0), (379.0, 171.2), (419.0, 122.7), (459.0, 96.1), (499.0, 93.1), (539.0, 122.8), (579.0, 186.8), (619.0, 260.1), (659.0, 275.8), (699.0, 214.6), (739.0, 173.9), (779.0, 156.0), (819.0, 164.1), (859.0, 207.1), (899.0, 203.0), (939.0, 144.3), (979.0, 106.4), (1019.0, 91.4), (1059.0, 103.5), (1099.0, 151.0), (1139.0, 223.4), (1179.0, 296.8), (1219.0, 340.8), (1259.0, 311.6), (1299.0, 305.7), (1339.0, 331.3), (1379.0, 348.9), (1419.0, 285.1), (1424.4, 241.8), (1424.4, 254.2), (1424.4, 303.8), (1430.9, 368.0), (1448.4, 304.0), (1473.9, 320.9), (1507.4, 368.0), (1547.4, 304.0), (1587.4, 320.9), (1627.4, 358.1), (1667.4, 326.0), (1707.4, 317.0), (1712.4, 338.1), (1716.9, 368.0), (1748.6, 368.3), (1788.6, 368.0), (1828.6, 339.8), (1868.6, 306.5), (1908.6, 335.9), (1948.6, 331.4), (1988.6, 310.8), (2028.6, 315.3), (2068.6, 354.2), (2108.6, 314.5), (2128.8, 260.9), (2128.8, 228.5), (2128.8, 219.2), (2128.8, 240.0), (2128.8, 296.4), (2131.5, 368.0), (2146.0, 304.0), (2168.5, 320.9), (2199.0, 368.0), (2238.6, 304.0), (2278.6, 320.9), (2318.6, 368.0), (2358.6, 304.0), (2398.6, 320.9), (2438.6, 368.0), (2478.6, 304.0), (2518.6, 320.9), (2558.6, 368.0), (2598.6, 299.1), (2638.6, 250.6), (2672.0, 224.0), (2672.4, 221.1), (2672.4, 250.8), (2674.6, 314.8), (2685.9, 348.9), (2707.4, 285.1), (2736.9, 278.8), (2774.2, 318.5), (2814.2, 348.9), (2854.2, 285.1), (2894.2, 278.8), (2934.2, 318.5), (2974.2, 348.9), (3014.2, 285.1), (3054.2, 241.8), (3094.2, 221.0), (3134.2, 225.2), (3174.2, 263.8), (3214.2, 333.1), (3254.2, 331.0), (3280.4, 272.3), (3286.9, 234.4), (3301.4, 219.4), (3323.9, 231.5), (3354.8, 261.4), (3394.4, 195.1), (3434.4, 149.2), (3474.4, 125.4), (3514.4, 126.0), (3554.4, 160.1), (3594.4, 227.0), (3634.4, 300.4), (3664.1, 368.0), (3664.4, 299.1), (3670.9, 250.6), (3685.4, 224.0), (3707.9, 221.1), (3738.4, 250.8), (3776.5, 314.8), (3816.5, 348.9), (3856.5, 285.1), (3859.5, 241.8), (3871.0, 221.0), (3890.5, 225.2), (3918.0, 263.8), (3955.8, 209.8), (3995.8, 158.7), (4035.8, 129.2), (4075.8, 123.0), (4115.8, 148.3), (4155.8, 208.7), (4195.8, 282.0), (4235.8, 316.9), (4242.6, 253.1), (4253.1, 209.8), (4271.6, 189.0), (4298.1, 193.2), (4332.6, 231.8), (4372.5, 186.5), (4412.5, 132.9), (4452.5, 100.5), (4492.5, 91.2), (4532.5, 112.0), (4572.5, 168.4), (4612.5, 241.8), (4624.1, 315.1), (4630.4, 348.9), (4646.9, 305.1), (4671.4, 330.4), (4704.6, 348.9), (4744.6, 305.1), (4784.6, 330.4), (4824.6, 348.9), (4864.6, 285.1), (4904.6, 241.8), (4944.6, 221.0), (4984.6, 202.0), (5024.6, 138.2), (5064.6, 94.9), (5104.6, 82.8), (5144.6, 114.5), (5184.6, 179.9), (5224.6, 253.3), (5264.6, 218.1), (5304.6, 164.5), (5344.6, 132.1), (5384.6, 122.8), (5424.6, 143.7), (5464.6, 200.0), (5488.8, 146.6), (5488.8, 95.6), (5488.8, 84.8), (5488.8, 121.0), (5488.8, 189.1), (5488.2, 154.5), (5488.0, 102.0), (5488.0, 82.8), (5488.0, 114.5), (5488.0, 179.9), (5488.0, 162.0), (5488.4, 105.9), (5488.4, 81.3), (5488.4, 108.6), (5488.4, 170.8), (5488.2, 170.5), (5488.8, 111.8), (5488.8, 80.4), (5488.8, 103.2), (5488.8, 161.6), (5488.1, 179.5), (5488.1, 119.3), (5488.1, 80.0), (5488.1, 98.4), (5488.1, 152.4), (5488.0, 188.3), (5488.8, 124.6), (5488.8, 81.3), (5488.8, 94.2), (5488.8, 143.8), (5488.0, 197.7), (5488.0, 131.4), (5488.0, 85.5), (5488.0, 90.5), (5488.0, 135.6), (5488.0, 207.4), (5488.6, 139.5), (5488.4, 92.0)]",0,27.48
novice,mario,Mario1-2,Stuck,5,0,198.34,0.969,"[(112.0, 208.0), (116.5, 226.4), (129.0, 280.4), (149.5, 353.8), (180.2, 314.5), (219.0, 260.9), (259.0, 228.5), (299.0, 219.2), (339.0, 240.0), (379.0, 171.2), (419.0, 122.7), (459.0, 96.1), (499.0, 93.1), (539.0, 122.8), (579.0, 186.8), (619.0, 260.1), (659.0, 275.8), (699.0, 214.6), (739.0, 173.9), (779.0, 156.0), (819.0, 164.1), (859.0, 207.1), (899.0, 203.0), (939.0, 144.3), (979.0, 106.4), (1019.0, 91.4), (1059.0, 103.5), (1099.0, 151.0), (1139.0, 223.4), (1179.0, 296.8), (1219.0, 340.8), (1259.0, 311.6), (1299.0, 305.7), (1339.0, 331.3), (1379.0, 348.9), (1419.0, 285.1), (1424.4, 241.8), (1424.4, 254.2), (1424.4, 303.8), (1430.9, 368.0), (1448.4, 304.0), (1473.9, 320.9), (1507.4, 368.0), (1547.4, 304.0), (1587.4, 320.9), (1627.4, 358.1), (1667.4, 326.0), (1707.4, 317.0), (1712.4, 338.1), (1716.9, 368.0), (1748.6, 368.3), (1788.6, 368.0), (1828.6, 339.8), (1868.6, 306.5), (1908.6, 335.9), (1948.6, 331.4), (1988.6, 310.8), (2028.6, 315.3), (2068.6, 354.2), (2108.6, 314.5), (2128.8, 260.9), (2128.8, 228.5), (2128.8, 219.2), (2128.8, 240.0), (2128.8, 296.4), (2131.5, 368.0), (2146.0, 304.0), (2168.5, 320.9), (2199.0, 368.0), (2238.6, 304.0), (2278.6, 320.9), (2318.6, 368.0), (2358.6, 304.0), (2398.6, 320.9), (2438.6, 368.0), (2478.6, 304.0), (2518.6, 320.9), (2558.6, 368.0), (2598.6, 299.1), (2638.6, 250.6), (2672.1, 224.0), (2672.1, 221.1), (2672.1, 250.8), (2673.9, 314.8), (2684.1, 348.9), (2704.6, 285.1), (2733.1, 278.8), (2769.6, 318.5), (2809.6, 348.9), (2849.6, 285.1), (2889.6, 278.8), (2929.6, 318.5), (2969.6, 348.9), (3009.6, 285.1), (3049.6, 241.8), (3089.6, 221.0), (3129.6, 225.2), (3169.6, 263.8), (3209.6, 333.1), (3249.6, 331.0), (3280.1, 272.3), (3285.6, 234.4), (3299.1, 219.4), (3320.6, 231.5), (3350.5, 261.4), (3389.8, 196.1), (3429.8, 151.2), (3469.8, 128.5), (3509.8, 130.1), (3549.8, 165.3), (3589.8, 232.9), (3629.8, 306.2), (3664.0, 358.3), (3665.2, 292.0), (3673.8, 246.0), (3690.2, 222.3), (3714.8, 222.9), (3747.2, 257.0), (3786.5, 323.9), (3826.5, 339.8), (3856.1, 278.6), (3861.6, 237.9), (3875.1, 220.0), (3896.6, 228.1), (3926.1, 271.1), (3965.4, 202.3), (4005.4, 153.7), (4045.4, 127.1), (4085.4, 124.2), (4125.4, 153.9), (4165.4, 217.9), (4205.4, 291.2), (4240.0, 307.8), (4244.5, 246.6), (4257.0, 205.9), (4277.5, 188.0), (4306.0, 196.1), (4342.5, 239.1), (4382.5, 178.6), (4422.5, 127.6), (4462.5, 98.1), (4502.5, 91.9), (4542.5, 117.1), (4582.5, 177.6), (4622.5, 250.9), (4624.8, 324.3), (4633.4, 339.8), (4651.9, 306.5), (4678.4, 335.9), (4713.9, 339.8), (4753.9, 306.5), (4793.9, 335.9), (4833.9, 339.8), (4873.9, 278.6), (4913.9, 237.9), (4953.9, 220.0), (4993.9, 192.9), (5033.9, 131.7), (5073.9, 91.0), (5113.9, 84.8), (5153.9, 121.0), (5193.9, 189.1), (5233.9, 262.4), (5273.9, 210.3), (5313.9, 159.2), (5353.9, 129.7), (5393.9, 123.5), (5433.9, 148.8), (5473.9, 208.0), (5488.0, 139.1), (5488.0, 90.6), (5488.0, 87.4), (5488.0, 128.0), (5488.0, 198.3), (5488.1, 146.1), (5488.1, 95.0), (5488.1, 84.8), (5488.1, 121.0), (5488.1, 189.1), (5488.3, 153.9), (5488.1, 100.3), (5488.1, 82.8), (5488.1, 114.5), (5488.1, 179.9), (5488.8, 162.5), (5488.8, 107.4), (5488.8, 81.3), (5488.8, 108.6), (5488.8, 170.8), (5488.0, 170.5), (5488.1, 111.8), (5488.1, 80.4), (5488.1, 103.2), (5488.1, 161.6), (5488.2, 179.2), (5488.4, 118.0), (5488.4, 80.0), (5488.4, 98.4), (5488.4, 152.4), (5488.0, 188.5), (5488.0, 125.7), (5488.0, 83.5), (5488.0, 94.2), (5488.0, 143.8), (5488.0, 197.7), (5488.4, 131.4)]",0,27.45
novice,mario,Mario1-2,Stuck,1,0,198.09,0.969,"[(112.0, 208.0), (116.5, 226.4), (129.0, 280.4), (149.5, 353.8), (180.2, 314.5), (219.0, 260.9), (259.0, 228.5), (299.0, 219.2), (339.0, 240.0), (379.0, 171.2), (419.0, 122.7), (459.0, 96.1), (499.0, 93.1), (539.0, 122.8), (579.0, 186.8), (619.0, 260.1), (659.0, 275.8), (699.0, 214.6), (739.0, 173.9), (779.0, 156.0), (819.0, 164.1), (859.0, 207.1), (899.0, 203.0), (939.0, 144.3), (979.0, 106.4), (1019.0, 91.4), (1059.0, 103.5), (1099.0, 151.0), (1139.0, 223.4), (1179.0, 296.8), (1219.0, 340.8), (1259.0, 311.6), (1299.0, 305.7), (1339.0, 331.3), (1379.0, 348.9), (1419.0, 285.1), (1424.4, 241.8), (1424.4, 254.2), (1424.4, 303.8), (1430.9, 368.0), (1448.4, 304.0), (1473.9, 320.9), (1507.4, 368.0), (1547.4, 304.0), (1587.4, 320.9), (1627.4, 358.1), (1667.4, 326.0), (1707.4, 317.0), (1712.4, 338.1), (1716.9, 368.0), (1748.6, 368.3), (1788.6, 368.0), (1828.6, 339.8), (1868.6, 306.5), (1908.6, 335.9), (1948.6, 331.4), (1988.6, 310.8), (2028.6, 315.3), (2068.6, 354.2), (2108.6, 314.5), (2128.8, 260.9), (2128.8, 228.5), (2128.8, 219.2), (2128.8, 240.0), (2128.8, 296.4), (2131.5, 368.0), (2146.0, 304.0), (2168.5, 320.9), (2199.0, 368.0), (2238.6, 304.0), (2278.6, 320.9), (2318.6, 368.0), (2358.6, 304.0), (2398.6, 320.9), (2438.6, 368.0), (2478.6, 304.0), (2518.6, 320.9), (2558.6, 368.0), (2598.6, 299.1), (2638.6, 250.6), (2672.1, 224.0), (2672.1, 221.1), (2672.0, 250.8), (2675.5, 314.8), (2687.8, 348.9), (2710.2, 285.1), (2740.8, 278.8), (2778.9, 318.5), (2818.9, 348.9), (2858.9, 285.1), (2898.9, 278.8), (2938.9, 318.5), (2978.9, 348.9), (3018.9, 285.1), (3058.9, 241.8), (3098.9, 221.0), (3138.9, 225.2), (3178.9, 263.8), (3218.9, 333.1), (3258.9, 331.0), (3280.8, 272.3), (3288.2, 234.4), (3303.8, 219.4), (3327.2, 231.5), (3359.1, 261.4), (3399.0, 195.1), (3439.0, 149.2), (3479.0, 125.4), (3519.0, 126.0), (3559.0, 160.1), (3599.0, 227.0), (3639.0, 300.4), (3664.4, 368.0), (3664.8, 299.1), (3672.2, 250.6), (3687.8, 224.0), (3711.2, 221.1), (3742.8, 250.8), (3781.5, 314.8), (3820.2, 348.9), (3856.0, 285.1), (3860.5, 241.8), (3873.0, 221.0), (3893.5, 225.2), (3922.0, 263.8), (3960.4, 209.8), (4000.4, 158.7), (4040.4, 129.2), (4080.4, 123.0), (4120.4, 148.3), (4160.4, 208.7), (4200.4, 282.0), (4240.4, 316.9), (4243.5, 253.1), (4255.0, 209.8), (4274.5, 189.0), (4302.0, 193.2), (4337.5, 231.8), (4377.5, 186.5), (4417.5, 132.9), (4457.5, 100.5), (4497.5, 91.2), (4537.5, 112.0), (4577.5, 168.4), (4617.5, 241.8), (4624.4, 315.1), (4631.6, 348.9), (4649.1, 305.1), (4674.6, 330.4), (4708.9, 348.9), (4748.9, 305.1), (4788.9, 330.4), (4828.9, 348.9), (4868.9, 285.1), (4908.9, 241.8), (4948.9, 221.0), (4988.9, 202.0), (5028.9, 138.2), (5068.9, 94.9), (5108.9, 82.8), (5148.9, 114.5), (5188.9, 179.9), (5228.9, 253.3), (5268.9, 218.1), (5308.9, 164.5), (5348.9, 132.1), (5388.9, 122.8), (5428.9, 143.7), (5468.9, 200.0), (5488.8, 146.6), (5488.8, 95.6), (5488.8, 84.8), (5488.8, 121.0), (5488.8, 189.1), (5488.0, 153.9), (5488.0, 100.3), (5488.0, 82.8), (5488.0, 114.5), (5488.0, 179.9), (5488.0, 162.0), (5488.0, 105.9), (5488.0, 81.3), (5488.0, 108.6), (5488.0, 170.8), (5488.4, 170.5), (5488.4, 111.8), (5488.4, 80.4), (5488.4, 103.2), (5488.4, 161.6), (5488.4, 179.2), (5488.4, 118.0), (5488.4, 80.0), (5488.4, 98.4), (5488.4, 152.4), (5488.0, 188.3), (5488.0, 124.6), (5488.0, 81.3), (5488.0, 94.2), (5488.0, 143.8), (5488.0, 197.7), (5488.0, 131.4), (5488.0, 85.5), (5488.0, 90.5), (5488.0, 135.6), (5488.0, 207.4), (5488.4, 138.6), (5488.4, 90.1)]",0,27.47
novice,mario,Mario1-2,Enemy,1,0,251.62,0.286,"[(112.0, 208.0), (116.5, 226.4), (129.0, 280.4), (149.5, 353.8), (180.2, 314.5), (219.0, 260.9), (259.0, 228.5), (299.0, 219.2), (339.0, 240.0), (379.0, 171.2), (419.0, 122.7), (459.0, 96.1), (499.0, 93.1), (539.0, 122.8), (579.0, 186.8), (619.0, 260.1), (659.0, 275.8), (699.0, 214.6), (739.0, 173.9), (779.0, 156.0), (819.0, 164.1), (859.0, 207.1), (899.0, 203.0), (939.0, 144.3), (979.0, 106.4), (1019.0, 91.4), (1059.0, 103.5), (1099.0, 151.0), (1139.0, 223.4), (1179.0, 296.8), (1219.0, 340.8), (1259.0, 311.6), (1299.0, 305.7), (1339.0, 331.3), (1379.0, 348.9), (1419.0, 285.1), (1424.4, 241.8), (1424.4, 254.2), (1424.4, 303.8), (1430.9, 368.0), (1447.8, 304.0), (1468.6, 320.9), (1497.5, 368.0), (1536.4, 304.0), (1576.4, 320.9), (1616.4, 368.0)]",0,6.03
novice,mario,Mario1-2,Pit,2,0,246.52,0.907,"[(112.0, 208.0), (116.5, 226.4), (129.0, 280.4), (149.5, 353.8), (180.2, 314.5), (219.0, 260.9), (259.0, 228.5), (299.0, 219.2), (339.0, 240.0), (379.0, 171.2), (419.0, 122.7), (459.0, 96.1), (499.0, 93.1), (539.0, 122.8), (579.0, 186.8), (619.0, 260.1), (659.0, 275.8), (699.0, 214.6), (739.0, 173.9), (779.0, 156.0), (819.0, 164.1), (859.0, 207.1), (899.0, 203.0), (939.0, 144.3), (979.0, 106.4), (1019.0, 91.4), (1059.0, 103.5), (1099.0, 151.0), (1139.0, 223.4), (1179.0, 296.8), (1219.0, 340.8), (1259.0, 311.6), (1299.0, 305.7), (1339.0, 331.3), (1379.0, 348.9), (1419.0, 285.1), (1424.4, 241.8), (1424.4, 254.2), (1424.4, 303.8), (1430.9, 368.0), (1448.4, 304.0), (1473.9, 320.9), (1507.4, 368.0), (1547.4, 304.0), (1587.4, 320.9), (1627.4, 358.1), (1667.4, 326.0), (1707.4, 317.0), (1712.4, 338.1), (1716.9, 368.0), (1748.6, 368.3), (1788.6, 368.0), (1828.6, 339.8), (1868.6, 306.5), (1908.6, 335.9), (1948.6, 331.4), (1988.6, 310.8), (2028.6, 315.3), (2068.6, 354.2), (2108.6, 314.5), (2128.8, 260.9), (2128.8, 228.5), (2128.8, 219.2), (2128.8, 240.0), (2128.8, 296.4), (2131.5, 368.0), (2144.8, 304.0), (2162.7, 320.9), (2188.5, 368.0), (2225.3, 304.0), (2265.3, 320.9), (2305.3, 368.0), (2345.3, 304.0), (2385.3, 320.9), (2425.3, 368.0), (2465.3, 304.0), (2505.3, 320.9), (2545.3, 368.0), (2585.3, 299.1), (2625.3, 250.6), (2665.3, 224.0), (2672.4, 221.1), (2672.4, 250.8), (2674.6, 314.8), (2685.9, 348.9), (2707.4, 285.1), (2736.9, 278.8), (2774.2, 318.5), (2814.2, 348.9), (2854.2, 285.1), (2894.2, 278.8), (2934.2, 318.5), (2974.2, 348.9), (3014.2, 285.1), (3054.2, 241.8), (3094.2, 221.0), (3134.2, 225.2), (3174.2, 263.8), (3214.2, 333.1), (3254.2, 331.0), (3280.4, 272.3), (3286.9, 234.4), (3301.4, 219.4), (3323.9, 231.5), (3354.8, 261.4), (3394.4, 195.1), (3434.4, 149.2), (3474.4, 125.4), (3514.4, 126.0), (3554.4, 160.1), (3594.4, 227.0), (3634.4, 300.4), (3664.1, 368.0), (3664.0, 299.1), (3668.5, 250.6), (3681.0, 224.0), (3701.5, 221.1), (3730.0, 250.8), (3766.5, 314.8), (3806.5, 348.9), (3846.5, 285.1), (3886.5, 241.8), (3926.5, 221.0), (3966.5, 225.2), (4006.5, 263.8), (4046.5, 333.1), (4086.5, 331.0), (4126.5, 272.3), (4166.5, 234.4), (4206.5, 219.4), (4246.5, 231.5), (4286.5, 261.4), (4326.5, 195.1), (4366.5, 149.2), (4406.5, 125.4), (4446.5, 126.0), (4486.5, 160.1), (4526.5, 227.0), (4566.5, 220.0), (4606.5, 161.3), (4646.5, 123.4), (4686.5, 108.4), (4726.5, 120.5), (4766.5, 168.0), (4806.5, 240.4), (4846.5, 171.6), (4886.5, 123.1), (4926.5, 96.4), (4966.5, 93.5), (5006.5, 123.2), (5046.5, 187.2), (5086.5, 260.5), (5126.5, 333.9), (5136.1, 407.2)]",0,20.45
novice,mario,Mario1-2,Stall,5,0,30.72,0.185,"[(112.0, 208.0), (112.0, 226.4), (112.1, 280.4), (117.6, 353.8), (133.4, 314.5), (152.4, 260.9), (167.0, 228.5), (177.2, 219.2), (182.9, 240.0), (184.3, 296.4), (186.2, 368.0), (198.5, 299.1), (210.4, 250.6), (217.9, 224.0), (221.0, 221.1), (221.1, 250.8), (221.1, 314.8), (221.2, 349.0), (226.7, 285.5), (233.2, 242.5), (235.2, 221.9), (235.2, 226.4), (235.2, 265.3), (235.2, 334.8), (236.0, 331.2), (242.9, 272.8), (248.3, 235.2), (249.4, 220.4), (249.4, 232.8), (249.4, 280.6), (249.4, 353.1), (251.3, 314.7), (258.8, 261.4), (267.2, 229.3), (277.0, 220.3), (289.8, 241.4), (299.5, 298.1), (305.2, 342.2), (316.0, 313.0), (334.9, 307.1), (361.7, 332.6), (397.1, 348.9), (437.1, 305.1), (477.1, 330.4), (517.1, 348.9), (557.1, 285.1), (596.6, 241.8), (634.6, 221.0), (672.2, 225.2), (712.2, 263.8), (752.2, 209.8), (790.8, 158.7), (824.9, 129.2), (854.6, 123.0), (879.9, 148.3), (901.3, 208.7), (928.2, 263.2), (945.2, 196.8), (946.8, 150.9), (946.8, 127.2), (946.8, 127.7), (946.8, 161.9), (946.9, 189.0), (948.4, 125.5), (948.4, 82.5), (948.4, 94.2), (948.4, 143.8), (948.4, 197.8), (949.9, 131.7), (950.0, 86.1), (950.0, 90.5), (950.0, 135.6), (950.0, 207.4), (954.6, 138.6), (955.5, 90.1), (955.5, 87.4), (955.5, 128.0), (955.5, 198.3), (957.0, 146.3), (957.1, 95.6), (957.1, 84.8), (957.1, 121.0), (957.1, 189.1), (958.2, 154.1), (958.7, 100.8), (958.7, 82.8), (958.7, 114.5), (958.7, 179.9), (961.9, 162.0), (964.2, 105.9), (964.2, 81.3), (964.2, 108.6), (964.2, 170.8), (965.0, 170.6), (965.8, 112.2), (965.8, 80.4), (965.8, 103.2), (965.8, 161.6), (966.0, 179.4), (967.4, 118.4), (967.4, 80.0), (967.4, 98.4), (967.4, 152.4), (968.5, 188.3), (972.6, 124.6), (973.0, 81.3), (973.0, 94.2), (973.0, 143.8), (973.0, 197.8), (974.6, 131.7), (974.6, 86.1), (974.6, 90.5), (974.6, 135.6), (974.6, 207.4), (974.6, 138.9), (974.6, 90.7), (974.6, 87.4), (974.6, 128.0), (974.6, 198.3), (978.7, 146.1), (980.1, 95.0), (980.1, 84.8), (980.1, 121.0), (980.1, 189.1), (981.4, 154.1), (981.7, 100.8), (981.7, 82.8), (981.7, 114.5), (981.7, 179.9), (982.4, 162.2), (983.3, 106.4), (983.3, 81.3), (983.3, 108.6), (983.3, 170.8), (985.8, 170.5), (988.8, 111.8), (988.8, 80.4), (988.8, 103.2), (988.8, 161.6), (989.2, 179.4), (990.4, 118.4), (990.4, 80.0), (990.4, 98.4), (990.4, 152.4), (990.4, 188.4), (992.0, 124.9), (992.0, 81.9), (992.0, 94.2), (992.0, 143.8), (992.5, 197.7), (996.9, 131.4), (997.6, 85.5), (997.6, 90.5), (997.6, 135.6), (997.6, 207.4), (999.1, 138.9), (999.1, 90.7), (999.1, 87.4), (999.1, 128.0), (999.1, 198.3), (999.1, 146.3), (999.1, 95.6), (999.1, 84.8), (999.1, 121.0), (999.1, 189.1), (1002.8, 153.9), (1004.7, 100.3), (1004.7, 82.8), (1004.7, 114.5), (1004.7, 179.9), (1004.7, 162.2), (1004.7, 106.4), (1004.7, 81.3), (1004.7, 108.6), (1004.7, 170.8), (1004.7, 170.6), (1004.7, 112.2), (1004.7, 80.4), (1004.7, 103.2), (1004.7, 161.6), (1006.6, 179.2), (1010.1, 118.0), (1010.2, 80.0), (1010.2, 98.4), (1010.2, 152.4), (1010.2, 225.8), (1012.1, 243.4), (1015.6, 182.2), (1015.8, 141.6), (1015.8, 123.6), (1015.8, 131.7), (1015.8, 174.7), (1015.8, 245.9), (1019.0, 226.6), (1021.4, 170.4), (1021.4, 135.3), (1021.4, 123.1), (1021.4, 139.5), (1021.4, 191.4), (1021.4, 264.6), (1025.5, 210.6), (1026.9, 159.6), (1026.9, 130.1), (1026.9, 123.9), (1026.9, 149.1), (1026.9, 209.6), (1027.4, 262.3), (1031.8, 196.0), (1032.5, 150.0), (1032.5, 126.3), (1032.5, 126.9), (1032.5, 161.0), (1032.5, 227.9), (1034.3, 243.8), (1037.8, 182.6), (1038.0, 141.9), (1038.0, 124.0), (1038.0, 132.1), (1038.0, 175.1), (1038.0, 246.3), (1041.2, 226.6), (1043.6, 170.4), (1043.6, 135.3), (1043.6, 123.1), (1043.6, 139.5), (1043.6, 191.4), (1043.6, 264.6), (1047.8, 210.6), (1049.1, 159.6)]",0,30.42
novice,mario,Mario1-2,Enemy,3,0,222.31,0.342,"[(112.0, 208.0), (116.5, 226.4), (129.0, 280.4), (149.5, 353.8), (180.2, 314.5), (219.0, 260.9), (259.0, 228.5), (299.0, 219.2), (339.0, 240.0), (379.0, 171.2), (419.0, 122.7), (459.0, 96.1), (499.0, 93.1), (539.0, 122.8), (579.0, 186.8), (619.0, 260.1), (659.0, 275.8), (699.0, 214.6), (739.0, 173.9), (779.0, 156.0), (819.0, 164.1), (859.0, 207.1), (899.0, 203.0), (939.0, 144.3), (979.0, 106.4), (1019.0, 91.4), (1059.0, 103.5), (1099.0, 151.0), (1139.0, 223.4), (1179.0, 296.8), (1219.0, 340.8), (1259.0, 311.6), (1299.0, 305.7), (1339.0, 331.3), (1379.0, 348.9), (1417.1, 285.1), (1424.0, 241.8), (1424.1, 254.2), (1424.1, 303.8), (1429.6, 368.0), (1443.2, 304.0), (1458.4, 320.9), (1481.5, 368.0), (1513.4, 304.0), (1550.7, 320.9), (1590.7, 368.0), (1630.7, 299.1), (1647.9, 250.6), (1646.9, 224.0), (1648.8, 221.1), (1648.8, 250.8), (1648.8, 314.8), (1655.7, 331.0), (1666.5, 307.6), (1685.3, 308.4), (1712.2, 342.9), (1719.2, 368.0), (1753.6, 368.0), (1793.6, 368.3), (1833.6, 331.0), (1871.7, 308.3), (1911.7, 342.1)]",0,8.23
novice,mario,Mario1-2,Enemy,3,0,249.02,0.336,"[(112.0, 208.0), (116.5, 226.4), (129.0, 280.4), (149.5, 353.8), (180.2, 314.5), (219.0, 260.9), (259.0, 228.5), (299.0, 219.2), (339.0, 240.0), (379.0, 171.2), (419.0, 122.7), (459.0, 96.1), (499.0, 93.1), (539.0, 122.8), (579.0, 186.8), (619.0, 260.1), (659.0, 275.8), (699.0, 214.6), (739.0, 173.9), (779.0, 156.0), (819.0, 164.1), (859.0, 207.1), (899.0, 203.0), (939.0, 144.3), (979.0, 106.4), (1019.0, 91.4), (1059.0, 103.5), (1099.0, 151.0), (1139.0, 223.4), (1179.0, 296.8), (1219.0, 340.8), (1259.0, 311.6), (1299.0, 305.7), (1339.0, 331.3), (1379.0, 348.9), (1419.0, 285.1), (1424.4, 241.8), (1424.2, 254.2), (1424.3, 303.8), (1429.8, 368.0), (1446.3, 304.0), (1470.8, 320.9), (1503.3, 368.0), (1543.3, 304.0), (1583.3, 320.9), (1623.3, 358.1), (1663.3, 326.0), (1703.3, 317.0), (1712.0, 338.1), (1716.1, 368.0), (1747.1, 368.3), (1787.1, 368.0), (1827.1, 368.0), (1867.1, 368.0), (1902.1, 368.4)]",0,7.2
novice,mario,Mario1-2,Stuck,5,0,198.07,0.969,"[(112.0, 208.0), (116.5, 226.4), (129.0, 280.4), (149.5, 353.8), (180.2, 314.5), (219.0, 260.9), (259.0, 228.5), (299.0, 219.2), (339.0, 240.0), (379.0, 171.2), (419.0, 122.7), (459.0, 96.1), (499.0, 93.1), (539.0, 122.8), (579.0, 186.8), (619.0, 260.1), (659.0, 275.8), (699.0, 214.6), (739.0, 173.9), (779.0, 156.0), (819.0, 164.1), (859.0, 207.1), (899.0, 203.0), (939.0, 144.3), (979.0, 106.4), (1019.0, 91.4), (1059.0, 103.5), (1099.0, 151.0), (1139.0, 223.4), (1179.0, 296.8), (1219.0, 340.8), (1259.0, 311.6), (1299.0, 305.7), (1339.0, 331.3), (1379.0, 348.9), (1419.0, 285.1), (1424.4, 241.8), (1424.4, 254.2), (1424.4, 303.8), (1430.9, 368.0), (1448.4, 304.0), (1473.9, 320.9), (1507.4, 368.0), (1547.4, 304.0), (1587.4, 320.9), (1627.4, 358.1), (1667.4, 326.0), (1707.4, 317.0), (1712.4, 338.1), (1716.9, 368.0), (1748.6, 368.3), (1788.6, 368.0), (1828.6, 339.8), (1868.6, 306.5), (1908.6, 335.9), (1948.6, 331.4), (1988.6, 310.8), (2028.6, 315.3), (2068.6, 354.2), (2108.6, 314.5), (2128.8, 260.9), (2128.8, 228.5), (2128.8, 219.2), (2128.8, 240.0), (2128.8, 296.4), (2131.5, 368.0), (2146.0, 304.0), (2168.5, 320.9), (2199.0, 368.0), (2238.6, 304.0), (2278.6, 320.9), (2318.6, 368.0), (2358.6, 304.0), (2398.6, 320.9), (2438.6, 368.0), (2478.6, 304.0), (2518.6, 320.9), (2558.6, 368.0), (2598.6, 299.1), (2638.6, 250.6), (2671.9, 224.0), (2671.6, 221.1), (2672.1, 250.8), (2673.9, 314.8), (2684.1, 348.9), (2704.6, 285.1), (2733.1, 278.8), (2769.6, 318.5), (2809.6, 348.9), (2849.6, 285.1), (2889.6, 278.8), (2929.6, 318.5), (2969.6, 348.9), (3009.6, 285.1), (3049.6, 241.8), (3089.6, 221.0), (3129.6, 225.2), (3169.6, 263.8), (3209.6, 333.1), (3249.6, 331.0), (3280.1, 272.3), (3285.6, 234.4), (3299.1, 219.4), (3320.6, 231.5), (3350.5, 261.4), (3389.8, 196.1), (3429.8, 151.2), (3469.8, 128.5), (3509.8, 130.1), (3549.8, 165.3), (3589.8, 232.9), (3629.8, 306.2), (3664.0, 358.3), (3665.4, 292.0), (3673.9, 246.0), (3690.4, 222.3), (3714.9, 222.9), (3747.4, 257.0), (3786.7, 323.9), (3826.7, 339.8), (3856.1, 278.6), (3861.6, 237.9), (3875.1, 220.0), (3896.6, 228.1), (3926.1, 271.1), (3965.4, 202.3), (4005.4, 153.7), (4045.4, 127.1), (4085.4, 124.2), (4125.4, 153.9), (4165.4, 217.9), (4205.4, 291.2), (4240.0, 307.8), (4244.5, 246.6), (4257.0, 205.9), (4277.5, 188.0), (4306.0, 196.1), (4342.5, 239.1), (4382.5, 178.6), (4422.5, 127.6), (4462.5, 98.1), (4502.5, 91.9), (4542.5, 117.1), (4582.5, 177.6), (4622.5, 250.9), (4624.8, 324.3), (4633.4, 339.8), (4651.9, 306.5), (4678.4, 335.9), (4713.9, 339.8), (4753.9, 306.5), (4793.9, 335.9), (4833.9, 339.8), (4873.9, 278.6), (4913.9, 237.9), (4953.9, 220.0), (4993.9, 192.9), (5033.9, 131.7), (5073.9, 91.0), (5113.9, 84.8), (5153.9, 121.0), (5193.9, 189.1), (5233.9, 262.4), (5273.9, 210.3), (5313.9, 159.2), (5353.9, 129.7), (5393.9, 123.5), (5433.9, 148.8), (5473.9, 208.0), (5488.7, 139.1), (5488.1, 90.6), (5488.1, 87.4), (5488.1, 128.0), (5488.1, 198.3), (5488.0, 146.1), (5488.1, 95.0), (5488.1, 84.8), (5488.1, 121.0), (5488.1, 189.1), (5488.2, 153.9), (5488.4, 100.3), (5488.4, 82.8), (5488.4, 114.5), (5488.4, 179.9), (5488.2, 162.5), (5488.0, 107.4), (5488.0, 81.3), (5488.0, 108.6), (5488.0, 170.8), (5488.0, 170.5), (5488.4, 111.8), (5488.4, 80.4), (5488.4, 103.2), (5488.4, 161.6), (5488.2, 179.2), (5488.9, 118.0), (5488.8, 80.0), (5488.8, 98.4), (5488.8, 152.4), (5488.0, 188.5), (5488.3, 125.7), (5488.1, 83.5), (5488.1, 94.2), (5488.1, 143.8), (5488.5, 197.7), (5488.0, 131.4)]",0,27.45
novice,mario,Mario1-2,Stuck,5,0,198.07,0.969,"[(112.0, 208.0), (116.5, 226.4), (129.0, 280.4), (149.5, 353.8), (180.2, 314.5), (219.0, 260.9), (259.0, 228.5), (299.0, 219.2), (339.0, 240.0), (379.0, 171.2), (419.0, 122.7), (459.0, 96.1), (499.0, 93.1), (539.0, 122.8), (579.0, 186.8), (619.0, 260.1), (659.0, 275.8), (699.0, 214.6), (739.0, 173.9), (779.0, 156.0), (819.0, 164.1), (859.0, 207.1), (899.0, 203.0), (939.0, 144.3), (979.0, 106.4), (1019.0, 91.4), (1059.0, 103.5), (1099.0, 151.0), (1139.0, 223.4), (1179.0, 296.8), (1219.0, 340.8), (1259.0, 311.6), (1299.0, 305.7), (1339.0, 331.3), (1379.0, 348.9), (1419.0, 285.1), (1424.4, 241.8), (1424.4, 254.2), (1424.4, 303.8), (1430.9, 368.0), (1448.4, 304.0), (1473.9, 320.9), (1507.4, 368.0), (1547.4, 304.0), (1587.4, 320.9), (1627.4, 358.1), (1667.4, 326.0), (1707.4, 317.0), (1712.4, 338.1), (1716.9, 368.0), (1748.6, 368.3), (1788.6, 368.0), (1828.6, 339.8), (1868.6, 306.5), (1908.6, 335.9), (1948.6, 331.4), (1988.6, 310.8), (2028.6, 315.3), (2068.6, 354.2), (2108.6, 314.5), (2128.8, 260.9), (2128.8, 228.5), (2128.8, 219.2), (2128.8, 240.0), (2128.8, 296.4), (2131.5, 368.0), (2146.0, 304.0), (2168.5, 320.9), (2199.0, 368.0), (2238.6, 304.0), (2278.6, 320.9), (2318.6, 368.0), (2358.6, 304.0), (2398.6, 320.9), (2438.6, 368.0), (2478.6, 304.0), (2518.6, 320.9), (2558.6, 368.0), (2598.6, 299.1), (2638.6, 250.6), (2671.9, 224.0), (2671.6, 221.1), (2672.1, 250.8), (2673.9, 314.8), (2684.1, 348.9), (2704.6, 285.1), (2733.1, 278.8), (2769.6, 318.5), (2809.6, 348.9), (2849.6, 285.1), (2889.6, 278.8), (2929.6, 318.5), (2969.6, 348.9), (3009.6, 285.1), (3049.6, 241.8), (3089.6, 221.0), (3129.6, 225.2), (3169.6, 263.8), (3209.6, 333.1), (3249.6, 331.0), (3280.1, 272.3), (3285.6, 234.4), (3299.1, 219.4), (3320.6, 231.5), (3350.5, 261.4), (3389.8, 196.1), (3429.8, 151.2), (3469.8, 128.5), (3509.8, 130.1), (3549.8, 165.3), (3589.8, 232.9), (3629.8, 306.2), (3664.0, 358.3), (3665.4, 292.0), (3673.9, 246.0), (3690.4, 222.3), (3714.9, 222.9), (3747.4, 257.0), (3786.7, 323.9), (3826.7, 339.8), (3856.1, 278.6), (3861.6, 237.9), (3875.1, 220.0), (3896.6, 228.1), (3926.1, 271.1), (3965.4, 202.3), (4005.4, 153.7), (4045.4, 127.1), (4085.4, 124.2), (4125.4, 153.9), (4165.4, 217.9), (4205.4, 291.2), (4240.0, 307.8), (4244.5, 246.6), (4257.0, 205.9), (4277.5, 188.0), (4306.0, 196.1), (4342.5, 239.1), (4382.5, 178.6), (4422.5, 127.6), (4462.5, 98.1), (4502.5, 91.9), (4542.5, 117.1), (4582.5, 177.6), (4622.5, 250.9), (4624.8, 324.3), (4633.4, 339.8), (4651.9, 306.5), (4678.4, 335.9), (4713.9, 339.8), (4753.9, 306.5), (4793.9, 335.9), (4833.9, 339.8), (4873.9, 278.6), (4913.9, 237.9), (4953.9, 220.0), (4993.9, 192.9), (5033.9, 131.7), (5073.9, 91.0), (5113.9, 84.8), (5153.9, 121.0), (5193.9, 189.1), (5233.9, 262.4), (5273.9, 210.3), (5313.9, 159.2), (5353.9, 129.7), (5393.9, 123.5), (5433.9, 148.8), (5473.9, 208.0), (5488.7, 139.1), (5488.1, 90.6), (5488.1, 87.4), (5488.1, 128.0), (5488.1, 198.3), (5488.0, 146.1), (5488.1, 95.0), (5488.1, 84.8), (5488.1, 121.0), (5488.1, 189.1), (5488.2, 153.9), (5488.4, 100.3), (5488.4, 82.8), (5488.4, 114.5), (5488.4, 179.9), (5488.2, 162.5), (5488.0, 107.4), (5488.0, 81.3), (5488.0, 108.6), (5488.0, 170.8), (5488.0, 170.5), (5488.4, 111.8), (5488.4, 80.4), (5488.4, 103.2), (5488.4, 161.6), (5488.2, 179.2), (5488.9, 118.0), (5488.8, 80.0), (5488.8, 98.4), (5488.8, 152.4), (5488.0, 188.5), (5488.3, 125.7), (5488.1, 83.5), (5488.1, 94.2), (5488.1, 143.8), (5488.5, 197.7), (5488.0, 131.4)]",0,27.45
novice,mario,Mario1-2,Stuck,5,0,198.34,0.969,"[(112.0, 208.0), (116.5, 226.4), (129.0, 280.4), (149.5, 353.8), (180.2, 314.5), (219.0, 260.9), (259.0, 228.5), (299.0, 219.2), (339.0, 240.0), (379.0, 171.2), (419.0, 122.7), (459.0, 96.1), (499.0, 93.1), (539.0, 122.8), (579.0, 186.8), (619.0, 260.1), (659.0, 275.8), (699.0, 214.6), (739.0, 173.9), (779.0, 156.0), (819.0, 164.1), (859.0, 207.1), (899.0, 203.0), (939.0, 144.3), (979.0, 106.4), (1019.0, 91.4), (1059.0, 103.5), (1099.0, 151.0), (1139.0, 223.4), (1179.0, 296.8), (1219.0, 340.8), (1259.0, 311.6), (1299.0, 305.7), (1339.0, 331.3), (1379.0, 348.9), (1419.0, 285.1), (1424.4, 241.8), (1424.4, 254.2), (1424.4, 303.8), (1430.9, 368.0), (1448.4, 304.0), (1473.9, 320.9), (1507.4, 368.0), (1547.4, 304.0), (1587.4, 320.9), (1627.4, 358.1), (1667.4, 326.0), (1707.4, 317.0), (1712.4, 338.1), (1716.9, 368.0), (1748.6, 368.3), (1788.6, 368.0), (1828.6, 339.8), (1868.6, 306.5), (1908.6, 335.9), (1948.6, 331.4), (1988.6, 310.8), (2028.6, 315.3), (2068.6, 354.2), (2108.6, 314.5), (2128.8, 260.9), (2128.8, 228.5), (2128.8, 219.2), (2128.8, 240.0), (2128.8, 296.4), (2131.5, 368.0), (2146.0, 304.0), (2168.5, 320.9), (2199.0, 368.0), (2238.6, 304.0), (2278.6, 320.9), (2318.6, 368.0), (2358.6, 304.0), (2398.6, 320.9), (2438.6, 368.0), (2478.6, 304.0), (2518.6, 320.9), (2558.6, 368.0), (2598.6, 299.1), (2638.6, 250.6), (2672.1, 224.0), (2672.1, 221.1), (2672.1, 250.8), (2673.9, 314.8), (2684.1, 348.9), (2704.6, 285.1), (2733.1, 278.8), (2769.6, 318.5), (2809.6, 348.9), (2849.6, 285.1), (2889.6, 278.8), (2929.6, 318.5), (2969.6, 348.9), (3009.6, 285.1), (3049.6, 241.8), (3089.6, 221.0), (3129.6, 225.2), (3169.6, 263.8), (3209.6, 333.1), (3249.6, 331.0), (3280.1, 272.3), (3285.6, 234.4), (3299.1, 219.4), (3320.6, 231.5), (3350.5, 261.4), (3389.8, 196.1), (3429.8, 151.2), (3469.8, 128.5), (3509.8, 130.1), (3549.8, 165.3), (3589.8, 232.9), (3629.8, 306.2), (3664.0, 358.3), (3665.2, 292.0), (3673.8, 246.0), (3690.2, 222.3), (3714.8, 222.9), (3747.2, 257.0), (3786.5, 323.9), (3826.5, 339.8), (3856.1, 278.6), (3861.6, 237.9), (3875.1, 220.0), (3896.6, 228.1), (3926.1, 271.1), (3965.4, 202.3), (4005.4, 153.7), (4045.4, 127.1), (4085.4, 124.2), (4125.4, 153.9), (4165.4, 217.9), (4205.4, 291.2), (4240.0, 307.8), (4244.5, 246.6), (4257.0, 205.9), (4277.5, 188.0), (4306.0, 196.1), (4342.5, 239.1), (4382.5, 178.6), (4422.5, 127.6), (4462.5, 98.1), (4502.5, 91.9), (4542.5, 117.1), (4582.5, 177.6), (4622.5, 250.9), (4624.8, 324.3), (4633.4, 339.8), (4651.9, 306.5), (4678.4, 335.9), (4713.9, 339.8), (4753.9, 306.5), (4793.9, 335.9), (4833.9, 339.8), (4873.9, 278.6), (4913.9, 237.9), (4953.9, 220.0), (4993.9, 192.9), (5033.9, 131.7), (5073.9, 91.0), (5113.9, 84.8), (5153.9, 121.0), (5193.9, 189.1), (5233.9, 262.4), (5273.9, 210.3), (5313.9, 159.2), (5353.9, 129.7), (5393.9, 123.5), (5433.9, 148.8), (5473.9, 208.0), (5488.0, 139.1), (5488.0, 90.6), (5488.0, 87.4), (5488.0, 128.0), (5488.0, 198.3), (5488.1, 146.1), (5488.1, 95.0), (5488.1, 84.8), (5488.1, 121.0), (5488.1, 189.1), (5488.3, 153.9), (5488.1, 100.3), (5488.1, 82.8), (5488.1, 114.5), (5488.1, 179.9), (5488.8, 162.5), (5488.8, 107.4), (5488.8, 81.3), (5488.8, 108.6), (5488.8, 170.8), (5488.0, 170.5), (5488.1, 111.8), (5488.1, 80.4), (5488.1, 103.2), (5488.1, 161.6), (5488.2, 179.2), (5488.4, 118.0), (5488.4, 80.0), (5488.4, 98.4), (5488.4, 152.4), (5488.0, 188.5), (5488.0, 125.7), (5488.0, 83.5), (5488.0, 94.2), (5488.0, 143.8), (5488.0, 197.7), (5488.4, 131.4)]",0,27.45
novice,mario,Mario1-2,Stuck,4,0,197.88,0.969,"[(112.0, 208.0), (116.5, 226.4), (129.0, 280.4), (149.5, 353.8), (180.2, 314.5), (219.0, 260.9), (259.0, 228.5), (299.0, 219.2), (339.0, 240.0), (379.0, 171.2), (419.0, 122.7), (459.0, 96.1), (499.0, 93.1), (539.0, 122.8), (579.0, 186.8), (619.0, 260.1), (659.0, 275.8), (699.0, 214.6), (739.0, 173.9), (779.0, 156.0), (819.0, 164.1), (859.0, 207.1), (899.0, 203.0), (939.0, 144.3), (979.0, 106.4), (1019.0, 91.4), (1059.0, 103.5), (1099.0, 151.0), (1139.0, 223.4), (1179.0, 296.8), (1219.0, 340.8), (1259.0, 311.6), (1299.0, 305.7), (1339.0, 331.3), (1379.0, 348.9), (1419.0, 285.1), (1424.4, 241.8), (1424.4, 254.2), (1424.4, 303.8), (1430.9, 368.0), (1448.4, 304.0), (1473.9, 320.9), (1507.4, 368.0), (1547.4, 304.0), (1587.4, 320.9), (1627.4, 358.1), (1667.4, 326.0), (1707.4, 317.0), (1712.4, 338.1), (1716.9, 368.0), (1748.6, 368.3), (1788.6, 368.0), (1828.6, 339.8), (1868.6, 306.5), (1908.6, 335.9), (1948.6, 331.4), (1988.6, 310.8), (2028.6, 315.3), (2068.6, 354.2), (2108.6, 314.5), (2128.8, 260.9), (2128.8, 228.5), (2128.8, 219.2), (2128.8, 240.0), (2128.8, 296.4), (2131.5, 368.0), (2146.0, 304.0), (2168.5, 320.9), (2199.0, 368.0), (2238.6, 304.0), (2278.6, 320.9), (2318.6, 368.0), (2358.6, 304.0), (2398.6, 320.9), (2438.6, 368.0), (2478.6, 304.0), (2518.6, 320.9), (2558.6, 368.0), (2598.6, 299.1), (2638.6, 250.6), (2672.0, 224.0), (2672.4, 221.1), (2672.4, 250.8), (2674.6, 314.8), (2685.9, 348.9), (2707.4, 285.1), (2736.9, 278.8), (2774.2, 318.5), (2814.2, 348.9), (2854.2, 285.1), (2894.2, 278.8), (2934.2, 318.5), (2974.2, 348.9), (3014.2, 285.1), (3054.2, 241.8), (3094.2, 221.0), (3134.2, 225.2), (3174.2, 263.8), (3214.2, 333.1), (3254.2, 331.0), (3280.4, 272.3), (3286.9, 234.4), (3301.4, 219.4), (3323.9, 231.5), (3354.8, 261.4), (3394.4, 195.1), (3434.4, 149.2), (3474.4, 125.4), (3514.4, 126.0), (3554.4, 160.1), (3594.4, 227.0), (3634.4, 300.4), (3664.1, 368.0), (3664.4, 299.1), (3670.9, 250.6), (3685.4, 224.0), (3707.9, 221.1), (3738.4, 250.8), (3776.5, 314.8), (3816.5, 348.9), (3856.5, 285.1), (3859.5, 241.8), (3871.0, 221.0), (3890.5, 225.2), (3918.0, 263.8), (3955.8, 209.8), (3995.8, 158.7), (4035.8, 129.2), (4075.8, 123.0), (4115.8, 148.3), (4155.8, 208.7), (4195.8, 282.0), (4235.8, 316.9), (4242.6, 253.1), (4253.1, 209.8), (4271.6, 189.0), (4298.1, 193.2), (4332.6, 231.8), (4372.5, 186.5), (4412.5, 132.9), (4452.5, 100.5), (4492.5, 91.2), (4532.5, 112.0), (4572.5, 168.4), (4612.5, 241.8), (4624.1, 315.1), (4630.4, 348.9), (4646.9, 305.1), (4671.4, 330.4), (4704.6, 348.9), (4744.6, 305.1), (4784.6, 330.4), (4824.6, 348.9), (4864.6, 285.1), (4904.6, 241.8), (4944.6, 221.0), (4984.6, 202.0), (5024.6, 138.2), (5064.6, 94.9), (5104.6, 82.8), (5144.6, 114.5), (5184.6, 179.9), (5224.6, 253.3), (5264.6, 218.1), (5304.6, 164.5), (5344.6, 132.1), (5384.6, 122.8), (5424.6, 143.7), (5464.6, 200.0), (5488.8, 146.6), (5488.8, 95.6), (5488.8, 84.8), (5488.8, 121.0), (5488.8, 189.1), (5488.2, 154.5), (5488.0, 102.0), (5488.0, 82.8), (5488.0, 114.5), (5488.0, 179.9), (5488.0, 162.0), (5488.4, 105.9), (5488.4, 81.3), (5488.4, 108.6), (5488.4, 170.8), (5488.2, 170.5), (5488.8, 111.8), (5488.8, 80.4), (5488.8, 103.2), (5488.8, 161.6), (5488.1, 179.5), (5488.1, 119.3), (5488.1, 80.0), (5488.1, 98.4), (5488.1, 152.4), (5488.0, 188.3), (5488.8, 124.6), (5488.8, 81.3), (5488.8, 94.2), (5488.8, 143.8), (5488.0, 197.7), (5488.0, 131.4), (5488.0, 85.5), (5488.0, 90.5), (5488.0, 135.6), (5488.0, 207.4), (5488.6, 139.5), (5488.4, 92.0)]",0,27.48
novice,mario,Mario1-2,Stuck,1,0,197.37,0.969,"[(112.0, 208.0), (116.5, 226.4), (129.0, 280.4), (149.5, 353.8), (180.2, 314.5), (219.0, 260.9), (259.0, 228.5), (299.0, 219.2), (339.0, 240.0), (379.0, 171.2), (419.0, 122.7), (459.0, 96.1), (499.0, 93.1), (539.0, 122.8), (579.0, 186.8), (619.0, 260.1), (659.0, 275.8), (699.0, 214.6), (739.0, 173.9), (779.0, 156.0), (819.0, 164.1), (859.0, 207.1), (899.0, 203.0), (939.0, 144.3), (979.0, 106.4), (1019.0, 91.4), (1059.0, 103.5), (1099.0, 151.0), (1139.0, 223.4), (1179.0, 296.8), (1219.0, 340.8), (1259.0, 311.6), (1299.0, 305.7), (1339.0, 331.3), (1379.0, 348.9), (1419.0, 285.1), (1424.4, 241.8), (1424.4, 254.2), (1424.4, 303.8), (1430.9, 368.0), (1448.4, 304.0), (1473.9, 320.9), (1507.4, 368.0), (1547.4, 304.0), (1587.4, 320.9), (1627.4, 358.1), (1667.4, 326.0), (1707.4, 317.0), (1712.4, 338.1), (1716.9, 368.0), (1748.6, 368.3), (1788.6, 368.0), (1828.6, 339.8), (1868.6, 306.5), (1908.6, 335.9), (1948.6, 331.4), (1988.6, 310.8), (2028.6, 315.3), (2068.6, 354.2), (2108.6, 314.5), (2128.8, 260.9), (2128.8, 228.5), (2128.8, 219.2), (2128.8, 240.0), (2128.8, 296.4), (2131.5, 368.0), (2146.0, 304.0), (2168.5, 320.9), (2199.0, 368.0), (2238.6, 304.0), (2278.6, 320.9), (2318.6, 368.0), (2358.6, 304.0), (2398.6, 320.9), (2438.6, 368.0), (2478.6, 304.0), (2518.6, 320.9), (2558.6, 368.0), (2598.6, 299.1), (2638.6, 250.6), (2671.9, 224.0), (2671.6, 221.1), (2670.9, 250.8), (2674.4, 314.8), (2686.6, 348.9), (2709.1, 285.1), (2739.6, 278.8), (2777.8, 318.5), (2817.8, 348.9), (2857.8, 285.1), (2897.8, 278.8), (2937.8, 318.5), (2977.8, 348.9), (3017.8, 285.1), (3057.8, 241.8), (3097.8, 221.0), (3137.8, 225.2), (3177.8, 263.8), (3217.8, 333.1), (3257.8, 331.0), (3280.8, 272.3), (3288.2, 234.4), (3303.8, 219.4), (3327.2, 231.5), (3359.1, 261.4), (3399.0, 195.1), (3439.0, 149.2), (3479.0, 125.4), (3519.0, 126.0), (3559.0, 160.1), (3599.0, 227.0), (3639.0, 300.4), (3664.0, 368.0), (3664.8, 299.4), (3672.2, 251.2), (3687.8, 224.9), (3711.2, 222.3), (3742.8, 252.3), (3781.5, 316.4), (3821.5, 348.9), (3856.0, 285.1), (3860.5, 241.8), (3873.0, 221.0), (3893.5, 225.2), (3922.0, 263.8), (3960.4, 209.8), (4000.4, 158.7), (4040.4, 129.2), (4080.4, 123.0), (4120.4, 148.3), (4160.4, 208.7), (4200.4, 282.0), (4240.4, 316.9), (4243.5, 253.1), (4255.0, 209.8), (4274.5, 189.0), (4302.0, 193.2), (4337.5, 231.8), (4377.5, 186.5), (4417.5, 132.9), (4457.5, 100.5), (4497.5, 91.2), (4537.5, 112.0), (4577.5, 168.4), (4617.5, 241.8), (4624.4, 315.1), (4631.6, 348.9), (4649.1, 305.1), (4674.6, 330.4), (4708.9, 348.9), (4748.9, 305.1), (4788.9, 330.4), (4828.9, 348.9), (4868.9, 285.1), (4908.9, 241.8), (4948.9, 221.0), (4988.9, 202.0), (5028.9, 138.2), (5068.9, 94.9), (5108.9, 82.8), (5148.9, 114.5), (5188.9, 179.9), (5228.9, 253.3), (5268.9, 218.1), (5308.9, 164.5), (5348.9, 132.1), (5388.9, 122.8), (5428.9, 143.7), (5468.9, 200.0), (5488.0, 146.6), (5488.0, 95.6), (5488.0, 84.8), (5488.0, 121.0), (5488.2, 189.1), (5487.8, 153.9), (5488.1, 100.3), (5488.1, 82.8), (5488.1, 114.5), (5488.0, 179.9), (5487.0, 162.2), (5488.0, 106.4), (5488.0, 81.3), (5488.0, 108.6), (5488.2, 170.8), (5487.8, 170.6), (5488.3, 112.2), (5488.4, 80.4), (5488.4, 103.2), (5488.2, 161.6), (5488.1, 179.2), (5488.4, 118.0), (5488.4, 80.0), (5488.4, 98.4), (5488.0, 152.4), (5487.9, 188.4), (5487.6, 124.9), (5488.1, 81.9), (5488.1, 94.2), (5488.1, 143.8), (5488.2, 197.8), (5487.2, 131.7), (5488.8, 86.1), (5488.8, 90.5), (5488.8, 135.6), (5488.2, 207.4), (5487.6, 138.6), (5488.8, 90.1)]",0,27.47
novice,mario,Mario1-2,Stuck,1,0,197.2,0.969,"[(112.0, 208.0), (116.5, 226.4), (129.0, 280.4), (149.5, 353.8), (180.2, 314.5), (219.0, 260.9), (259.0, 228.5), (299.0, 219.2), (339.0, 240.0), (379.0, 171.2), (419.0, 122.7), (459.0, 96.1), (499.0, 93.1), (539.0, 122.8), (579.0, 186.8), (619.0, 260.1), (659.0, 275.8), (699.0, 214.6), (739.0, 173.9), (779.0, 156.0), (819.0, 164.1), (859.0, 207.1), (899.0, 203.0), (939.0, 144.3), (979.0, 106.4), (1019.0, 91.4), (1059.0, 103.5), (1099.0, 151.0), (1139.0, 223.4), (1179.0, 296.8), (1219.0, 340.8), (1259.0, 311.6), (1299.0, 305.7), (1339.0, 331.3), (1379.0, 348.9), (1419.0, 285.1), (1424.4, 241.8), (1424.4, 254.2), (1424.4, 303.8), (1430.9, 368.0), (1448.4, 304.0), (1473.9, 320.9), (1507.4, 368.0), (1547.4, 304.0), (1587.4, 320.9), (1627.4, 358.1), (1667.4, 326.0), (1707.4, 317.0), (1712.4, 338.1), (1716.9, 368.0), (1748.6, 368.3), (1788.6, 368.0), (1828.6, 339.8), (1868.6, 306.5), (1908.6, 335.9), (1948.6, 331.4), (1988.6, 310.8), (2028.6, 315.3), (2068.6, 354.2), (2108.6, 314.5), (2128.8, 260.9), (2128.8, 228.5), (2128.8, 219.2), (2128.8, 240.0), (2128.8, 296.4), (2131.5, 368.0), (2146.0, 304.0), (2168.5, 320.9), (2199.0, 368.0), (2238.6, 304.0), (2278.6, 320.9), (2318.6, 368.0), (2358.6, 304.0), (2398.6, 320.9), (2438.6, 368.0), (2478.6, 304.0), (2518.6, 320.9), (2558.6, 368.0), (2598.6, 299.1), (2638.6, 250.6), (2671.9, 224.0), (2671.6, 221.1), (2670.9, 250.8), (2674.4, 314.8), (2686.6, 348.9), (2709.1, 285.1), (2739.6, 278.8), (2777.8, 318.5), (2817.8, 348.9), (2857.8, 285.1), (2897.8, 278.8), (2937.8, 318.5), (2977.8, 348.9), (3017.8, 285.1), (3057.8, 241.8), (3097.8, 221.0), (3137.8, 225.2), (3177.8, 263.8), (3217.8, 333.1), (3257.8, 331.0), (3280.8, 272.3), (3288.2, 234.4), (3303.8, 219.4), (3327.2, 231.5), (3359.1, 261.4), (3399.0, 195.1), (3439.0, 149.2), (3479.0, 125.4), (3519.0, 126.0), (3559.0, 160.1), (3599.0, 227.0), (3639.0, 300.4), (3664.0, 368.0), (3664.8, 299.4), (3672.2, 251.2), (3687.8, 224.9), (3711.2, 222.3), (3742.8, 252.3), (3781.5, 316.4), (3821.5, 348.9), (3856.0, 285.1), (3860.5, 241.8), (3873.0, 221.0), (3893.5, 225.2), (3922.0, 263.8), (3960.4, 209.8), (4000.4, 158.7), (4040.4, 129.2), (4080.4, 123.0), (4120.4, 148.3), (4160.4, 208.7), (4200.4, 282.0), (4240.4, 316.9), (4243.5, 253.1), (4255.0, 209.8), (4274.5, 189.0), (4302.0, 193.2), (4337.5, 231.8), (4377.5, 186.5), (4417.5, 132.9), (4457.5, 100.5), (4497.5, 91.2), (4537.5, 112.0), (4577.5, 168.4), (4617.5, 241.8), (4624.4, 315.1), (4631.6, 348.9), (4649.1, 305.1), (4674.6, 330.4), (4708.9, 348.9), (4748.9, 305.1), (4788.9, 330.4), (4828.9, 348.9), (4868.9, 285.1), (4908.9, 241.8), (4948.9, 221.0), (4988.9, 202.0), (5028.9, 138.2), (5068.9, 94.9), (5108.9, 82.8), (5148.9, 114.5), (5188.9, 179.9), (5228.9, 253.3), (5268.9, 218.1), (5308.9, 164.5), (5348.9, 132.1), (5388.9, 122.8), (5428.9, 143.7), (5468.9, 200.0), (5488.0, 146.6), (5488.0, 95.6), (5488.0, 84.8), (5488.0, 121.0), (5488.0, 189.1), (5487.8, 153.9), (5488.1, 100.3), (5488.1, 82.8), (5488.1, 114.5), (5488.0, 179.9), (5487.0, 162.2), (5485.8, 106.4), (5488.1, 81.3), (5488.1, 108.6), (5488.1, 170.8), (5487.8, 170.6), (5486.1, 112.2), (5488.6, 80.4), (5488.8, 103.2), (5488.6, 161.6), (5488.4, 179.2), (5488.1, 118.0), (5488.1, 80.0), (5488.1, 98.4), (5488.1, 152.4), (5488.6, 188.4), (5486.8, 124.9), (5488.3, 81.9), (5488.8, 94.2), (5488.8, 143.8), (5488.7, 197.8), (5487.5, 131.7), (5487.2, 86.1), (5488.1, 90.5), (5488.1, 135.6), (5488.0, 207.4), (5487.6, 138.6), (5488.8, 90.1)]",0,27.47
novice,mario,Mario1-2,Enemy,2,0,205.11,0.34,"[(112.0, 208.0), (107.5, 226.4), (95.2, 280.4), (83.2, 353.8), (78.3, 314.5), (81.8, 260.9), (93.3, 228.5), (112.8, 219.2), (140.3, 240.0), (175.8, 296.4), (215.8, 368.0), (255.8, 299.1), (295.8, 250.6), (306.6, 224.0), (317.1, 221.1), (336.4, 220.9), (365.9, 157.2), (403.2, 113.9), (443.2, 93.0), (483.2, 97.2), (523.2, 135.8), (563.2, 205.1), (603.2, 278.5), (624.8, 351.8), (624.0, 314.5), (628.5, 260.9), (641.0, 228.5), (661.5, 219.2), (690.0, 240.0), (726.9, 242.9), (766.9, 181.7), (806.9, 141.1), (846.9, 123.1), (886.9, 131.2), (926.9, 174.2), (966.9, 171.7), (1006.9, 113.1), (1046.9, 80.4), (1086.9, 103.2), (1126.9, 161.6), (1166.9, 234.9), (1206.9, 308.3), (1246.9, 358.3), (1286.9, 304.3), (1326.9, 325.3), (1366.9, 358.3), (1406.9, 292.0), (1424.0, 246.0), (1424.0, 250.5), (1424.0, 295.6), (1427.5, 367.4), (1441.6, 306.6), (1464.1, 317.0), (1494.6, 350.3), (1532.8, 318.2), (1572.8, 309.2), (1612.8, 330.3), (1652.8, 333.8), (1692.8, 310.4), (1712.6, 311.2), (1712.7, 345.7), (1718.3, 368.0), (1751.5, 368.0), (1791.5, 368.3), (1831.5, 331.0), (1871.5, 308.3), (1911.5, 342.1)]",0,8.87
novice,mario,Mario1-2,Stuck,5,0,50.93,0.099,"[(112.0, 208.0), (116.5, 226.4), (129.0, 280.4), (149.5, 353.8), (180.2, 314.5), (219.0, 260.9), (256.4, 228.5), (286.6, 219.2), (321.1, 240.0), (361.1, 171.2), (399.2, 122.7), (429.8, 96.1), (452.2, 93.1), (466.8, 122.8), (473.2, 186.8), (474.1, 221.0), (474.6, 157.9), (471.1, 115.3), (463.7, 95.2), (460.6, 100.1), (459.4, 139.4), (458.1, 209.0), (455.0, 203.0), (450.6, 144.3), (439.5, 106.4), (427.3, 91.4), (419.6, 103.5), (413.4, 151.0), (410.7, 223.4), (423.8, 240.0), (459.7, 212.2), (488.8, 150.9), (509.8, 110.3), (522.9, 92.4), (528.1, 100.4), (527.7, 143.5), (527.6, 214.6), (528.0, 288.0), (533.4, 361.3), (557.3, 368.4), (560.5, 368.4), (560.5, 368.4), (560.5, 368.4), (560.5, 368.4), (560.5, 368.4), (560.5, 368.4), (560.5, 368.4), (560.5, 368.4), (560.5, 368.4), (560.5, 368.4), (560.5, 368.4), (560.5, 368.4), (560.5, 368.4), (560.5, 368.4), (560.5, 368.4), (560.5, 368.4), (560.5, 368.4), (560.5, 368.4), (560.5, 368.4), (560.5, 368.4), (560.5, 368.4), (560.5, 368.4), (560.5, 368.4), (560.5, 368.4), (560.5, 368.4), (560.5, 368.4), (560.5, 368.4), (560.5, 368.4), (560.5, 368.4), (560.5, 368.4), (560.5, 368.4), (560.5, 368.4), (560.5, 368.4), (560.5, 368.4), (560.5, 368.4), (560.5, 368.4), (560.5, 368.4)]",0,10.22
novice,mario,Mario1-2,Stuck,4,4,128.09,0.347,"[(112.0, 208.0), (113.9, 226.4), (123.4, 280.4), (140.9, 353.8), (168.6, 314.5), (205.1, 260.9), (245.1, 228.5), (285.1, 219.2), (325.1, 240.0), (365.1, 171.2), (405.1, 122.7), (443.2, 96.1), (476.8, 93.1), (506.5, 122.8), (541.4, 186.8), (581.3, 260.1), (621.3, 333.5), (624.8, 331.0), (627.5, 272.3), (639.0, 234.4), (658.5, 219.4), (686.0, 231.5), (721.6, 261.4), (761.6, 195.1), (801.6, 149.2), (840.6, 125.4), (875.3, 126.0), (909.7, 160.1), (944.0, 227.0), (945.2, 300.4), (953.8, 368.0), (973.2, 299.1), (1000.8, 274.5), (1008.1, 305.2), (1008.1, 340.7), (1008.1, 311.5), (1008.1, 305.6), (1008.1, 331.1), (1008.0, 348.9), (1008.8, 285.1), (1011.5, 241.8), (1023.0, 221.0), (1042.5, 225.2), (1070.0, 263.8), (1106.2, 275.8), (1146.2, 214.6), (1186.2, 173.9), (1226.2, 156.0), (1266.2, 164.1), (1306.2, 130.6), (1346.2, 80.0), (1385.8, 97.5), (1425.8, 150.5), (1465.8, 130.6), (1505.3, 80.0), (1541.8, 97.5), (1581.4, 150.5), (1621.4, 223.8), (1648.4, 297.1), (1654.9, 368.0), (1668.3, 304.0), (1684.5, 320.9), (1708.6, 368.0), (1712.0, 299.1), (1712.1, 250.6), (1713.9, 224.0), (1723.4, 221.1), (1741.6, 220.9), (1768.2, 157.2), (1792.6, 150.8), (1823.1, 190.5), (1861.2, 220.9), (1901.2, 157.1), (1941.2, 150.8), (1968.4, 190.5), (1968.0, 220.9), (1968.0, 157.1), (1968.0, 150.8), (1968.0, 190.5), (1968.1, 221.0), (1968.7, 158.3), (1968.1, 150.8), (1968.1, 190.5), (1968.0, 220.9), (1968.0, 157.1), (1968.1, 150.8), (1968.1, 190.5), (1968.1, 220.9), (1968.2, 157.1), (1968.0, 150.8), (1968.0, 190.5), (1968.1, 221.0), (1968.7, 158.3), (1968.1, 150.8), (1968.1, 190.5), (1968.0, 220.9), (1968.0, 157.1), (1968.1, 150.8), (1968.1, 190.5), (1968.1, 220.9), (1968.2, 157.1), (1968.0, 150.8), (1968.0, 190.5), (1968.1, 221.0), (1968.7, 158.3), (1968.1, 150.8), (1968.1, 190.5), (1968.0, 220.9), (1968.0, 157.1), (1968.1, 150.8), (1968.1, 190.5), (1968.1, 220.9)]",0,14.83
novice,mario,Mario1-2,Enemy,3,0,254.87,0.273,"[(112.0, 208.0), (116.5, 226.4), (129.0, 280.4), (149.5, 353.8), (180.2, 314.7), (219.0, 261.5), (259.0, 229.5), (299.0, 220.5), (339.0, 240.0), (379.0, 171.1), (419.0, 122.6), (457.9, 96.0), (497.9, 93.1), (537.9, 122.8), (577.9, 186.8), (617.9, 260.1), (657.9, 275.8), (697.9, 214.6), (737.9, 173.9), (777.9, 156.0), (817.9, 164.1), (857.9, 207.1), (897.9, 203.0), (937.9, 144.3), (977.9, 106.4), (1016.0, 91.4), (1049.0, 103.5), (1087.8, 151.0), (1127.8, 223.4), (1167.8, 296.8), (1207.8, 340.8), (1247.8, 311.6), (1287.8, 305.7), (1327.8, 331.3), (1367.8, 348.9), (1407.8, 285.1), (1424.0, 241.8), (1424.0, 254.2), (1424.0, 303.8), (1428.5, 368.0), (1454.5, 368.0), (1494.5, 368.0), (1534.5, 368.0)]",0,5.65
novice,mario,Mario1-2,Stuck,1,2,144.62,0.348,"[(112.0, 208.0), (116.5, 226.4), (129.0, 280.4), (149.5, 353.8), (180.2, 314.5), (219.0, 260.9), (259.0, 228.5), (299.0, 219.2), (339.0, 240.0), (379.0, 171.2), (419.0, 122.7), (459.0, 96.1), (499.0, 93.1), (539.0, 122.8), (579.0, 186.8), (619.0, 260.1), (659.0, 275.8), (699.0, 214.6), (739.0, 173.9), (779.0, 156.0), (819.0, 164.1), (859.0, 207.1), (899.0, 203.0), (939.0, 144.3), (979.0, 106.4), (1019.0, 91.4), (1059.0, 103.5), (1099.0, 151.0), (1139.0, 223.4), (1179.0, 296.8), (1219.0, 340.8), (1259.0, 311.6), (1299.0, 305.7), (1339.0, 331.3), (1379.0, 348.9), (1419.0, 285.1), (1424.4, 241.8), (1424.4, 254.2), (1424.4, 303.8), (1430.9, 368.0), (1448.4, 304.0), (1473.9, 320.9), (1507.4, 368.0), (1547.4, 304.0), (1587.4, 320.9), (1627.4, 358.1), (1667.4, 326.0), (1707.4, 317.0), (1712.4, 338.1), (1712.1, 339.8), (1712.0, 278.6), (1712.0, 237.9), (1716.5, 220.0), (1729.0, 228.1), (1751.4, 194.6), (1782.9, 144.0), (1821.6, 161.5), (1861.6, 214.5), (1901.6, 194.6), (1941.6, 144.0), (1968.4, 161.5), (1968.7, 214.5), (1967.7, 194.8), (1966.5, 144.0), (1968.4, 161.5), (1968.0, 214.5), (1967.2, 194.8), (1965.8, 144.0), (1968.0, 161.5), (1968.7, 214.5), (1968.5, 194.6), (1968.8, 144.0), (1968.4, 161.5), (1968.7, 214.5), (1967.7, 194.8), (1966.5, 144.0), (1968.4, 161.5), (1968.0, 214.5), (1967.2, 194.8), (1965.8, 144.0), (1968.0, 161.5), (1968.7, 214.5), (1968.5, 194.6), (1968.8, 144.0), (1968.4, 161.5), (1968.7, 214.5), (1967.7, 194.8), (1966.5, 144.0), (1968.4, 161.5), (1968.0, 214.5), (1967.2, 194.8), (1965.8, 144.0), (1968.0, 161.5), (1968.7, 214.5), (1968.5, 194.6), (1968.8, 144.0), (1968.4, 161.5), (1968.7, 214.5)]",0,12.97
novice,mario,Mario1-2,Stuck,1,0,197.37,0.969,"[(112.0, 208.0), (116.5, 226.4), (129.0, 280.4), (149.5, 353.8), (180.2, 314.5), (219.0, 260.9), (259.0, 228.5), (299.0, 219.2), (339.0, 240.0), (379.0, 171.2), (419.0, 122.7), (459.0, 96.1), (499.0, 93.1), (539.0, 122.8), (579.0, 186.8), (619.0, 260.1), (659.0, 275.8), (699.0, 214.6), (739.0, 173.9), (779.0, 156.0), (819.0, 164.1), (859.0, 207.1), (899.0, 203.0), (939.0, 144.3), (979.0, 106.4), (1019.0, 91.4), (1059.0, 103.5), (1099.0, 151.0), (1139.0, 223.4), (1179.0, 296.8), (1219.0, 340.8), (1259.0, 311.6), (1299.0, 305.7), (1339.0, 331.3), (1379.0, 348.9), (1419.0, 285.1), (1424.4, 241.8), (1424.4, 254.2), (1424.4, 303.8), (1430.9, 368.0), (1448.4, 304.0), (1473.9, 320.9), (1507.4, 368.0), (1547.4, 304.0), (1587.4, 320.9), (1627.4, 358.1), (1667.4, 326.0), (1707.4, 317.0), (1712.4, 338.1), (1716.9, 368.0), (1748.6, 368.3), (1788.6, 368.0), (1828.6, 339.8), (1868.6, 306.5), (1908.6, 335.9), (1948.6, 331.4), (1988.6, 310.8), (2028.6, 315.3), (2068.6, 354.2), (2108.6, 314.5), (2128.8, 260.9), (2128.8, 228.5), (2128.8, 219.2), (2128.8, 240.0), (2128.8, 296.4), (2131.5, 368.0), (2146.0, 304.0), (2168.5, 320.9), (2199.0, 368.0), (2238.6, 304.0), (2278.6, 320.9), (2318.6, 368.0), (2358.6, 304.0), (2398.6, 320.9), (2438.6, 368.0), (2478.6, 304.0), (2518.6, 320.9), (2558.6, 368.0), (2598.6, 299.1), (2638.6, 250.6), (2671.9, 224.0), (2671.6, 221.1), (2670.9, 250.8), (2674.4, 314.8), (2686.6, 348.9), (2709.1, 285.1), (2739.6, 278.8), (2777.8, 318.5), (2817.8, 348.9), (2857.8, 285.1), (2897.8, 278.8), (2937.8, 318.5), (2977.8, 348.9), (3017.8, 285.1), (3057.8, 241.8), (3097.8, 221.0), (3137.8, 225.2), (3177.8, 263.8), (3217.8, 333.1), (3257.8, 331.0), (3280.8, 272.3), (3288.2, 234.4), (3303.8, 219.4), (3327.2, 231.5), (3359.1, 261.4), (3399.0, 195.1), (3439.0, 149.2), (3479.0, 125.4), (3519.0, 126.0), (3559.0, 160.1), (3599.0, 227.0), (3639.0, 300.4), (3664.0, 368.0), (3664.8, 299.4), (3672.2, 251.2), (3687.8, 224.9), (3711.2, 222.3), (3742.8, 252.3), (3781.5, 316.4), (3821.5, 348.9), (3856.0, 285.1), (3860.5, 241.8), (3873.0, 221.0), (3893.5, 225.2), (3922.0, 263.8), (3960.4, 209.8), (4000.4, 158.7), (4040.4, 129.2), (4080.4, 123.0), (4120.4, 148.3), (4160.4, 208.7), (4200.4, 282.0), (4240.4, 316.9), (4243.5, 253.1), (4255.0, 209.8), (4274.5, 189.0), (4302.0, 193.2), (4337.5, 231.8), (4377.5, 186.5), (4417.5, 132.9), (4457.5, 100.5), (4497.5, 91.2), (4537.5, 112.0), (4577.5, 168.4), (4617.5, 241.8), (4624.4, 315.1), (4631.6, 348.9), (4649.1, 305.1), (4674.6, 330.4), (4708.9, 348.9), (4748.9, 305.1), (4788.9, 330.4), (4828.9, 348.9), (4868.9, 285.1), (4908.9, 241.8), (4948.9, 221.0), (4988.9, 202.0), (5028.9, 138.2), (5068.9, 94.9), (5108.9, 82.8), (5148.9, 114.5), (5188.9, 179.9), (5228.9, 253.3), (5268.9, 218.1), (5308.9, 164.5), (5348.9, 132.1), (5388.9, 122.8), (5428.9, 143.7), (5468.9, 200.0), (5488.0, 146.6), (5488.0, 95.6), (5488.0, 84.8), (5488.0, 121.0), (5488.2, 189.1), (5487.8, 153.9), (5488.1, 100.3), (5488.1, 82.8), (5488.1, 114.5), (5488.0, 179.9), (5487.0, 162.2), (5488.0, 106.4), (5488.0, 81.3), (5488.0, 108.6), (5488.2, 170.8), (5487.8, 170.6), (5488.3, 112.2), (5488.4, 80.4), (5488.4, 103.2), (5488.2, 161.6), (5488.1, 179.2), (5488.4, 118.0), (5488.4, 80.0), (5488.4, 98.4), (5488.0, 152.4), (5487.9, 188.4), (5487.6, 124.9), (5488.1, 81.9), (5488.1, 94.2), (5488.1, 143.8), (5488.2, 197.8), (5487.2, 131.7), (5488.8, 86.1), (5488.8, 90.5), (5488.8, 135.6), (5488.2, 207.4), (5487.6, 138.6), (5488.8, 90.1)]",0,27.47
novice,mario,Mario1-2,Stuck,4,0,197.88,0.969,"[(112.0, 208.0), (116.5, 226.4), (129.0, 280.4), (149.5, 353.8), (180.2, 314.5), (219.0, 260.9), (259.0, 228.5), (299.0, 219.2), (339.0, 240.0), (379.0, 171.2), (419.0, 122.7), (459.0, 96.1), (499.0, 93.1), (539.0, 122.8), (579.0, 186.8), (619.0, 260.1), (659.0, 275.8), (699.0, 214.6), (739.0, 173.9), (779.0, 156.0), (819.0, 164.1), (859.0, 207.1), (899.0, 203.0), (939.0, 144.3), (979.0, 106.4), (1019.0, 91.4), (1059.0, 103.5), (1099.0, 151.0), (1139.0, 223.4), (1179.0, 296.8), (1219.0, 340.8), (1259.0, 311.6), (1299.0, 305.7), (1339.0, 331.3), (1379.0, 348.9), (1419.0, 285.1), (1424.4, 241.8), (1424.4, 254.2), (1424.4, 303.8), (1430.9, 368.0), (1448.4, 304.0), (1473.9, 320.9), (1507.4, 368.0), (1547.4, 304.0), (1587.4, 320.9), (1627.4, 358.1), (1667.4, 326.0), (1707.4, 317.0), (1712.4, 338.1), (1716.9, 368.0), (1748.6, 368.3), (1788.6, 368.0), (1828.6, 339.8), (1868.6, 306.5), (1908.6, 335.9), (1948.6, 331.4), (1988.6, 310.8), (2028.6, 315.3), (2068.6, 354.2), (2108.6, 314.5), (2128.8, 260.9), (2128.8, 228.5), (2128.8, 219.2), (2128.8, 240.0), (2128.8, 296.4), (2131.5, 368.0), (2146.0, 304.0), (2168.5, 320.9), (2199.0, 368.0), (2238.6, 304.0), (2278.6, 320.9), (2318.6, 368.0), (2358.6, 304.0), (2398.6, 320.9), (2438.6, 368.0), (2478.6, 304.0), (2518.6, 320.9), (2558.6, 368.0), (2598.6, 299.1), (2638.6, 250.6), (2672.0, 224.0), (2672.4, 221.1), (2672.4, 250.8), (2674.6, 314.8), (2685.9, 348.9), (2707.4, 285.1), (2736.9, 278.8), (2774.2, 318.5), (2814.2, 348.9), (2854.2, 285.1), (2894.2, 278.8), (2934.2, 318.5), (2974.2, 348.9), (3014.2, 285.1), (3054.2, 241.8), (3094.2, 221.0), (3134.2, 225.2), (3174.2, 263.8), (3214.2, 333.1), (3254.2, 331.0), (3280.4, 272.3), (3286.9, 234.4), (3301.4, 219.4), (3323.9, 231.5), (3354.8, 261.4), (3394.4, 195.1), (3434.4, 149.2), (3474.4, 125.4), (3514.4, 126.0), (3554.4, 160.1), (3594.4, 227.0), (3634.4, 300.4), (3664.1, 368.0), (3664.4, 299.1), (3670.9, 250.6), (3685.4, 224.0), (3707.9, 221.1), (3738.4, 250.8), (3776.5, 314.8), (3816.5, 348.9), (3856.5, 285.1), (3859.5, 241.8), (3871.0, 221.0), (3890.5, 225.2), (3918.0, 263.8), (3955.8, 209.8), (3995.8, 158.7), (4035.8, 129.2), (4075.8, 123.0), (4115.8, 148.3), (4155.8, 208.7), (4195.8, 282.0), (4235.8, 316.9), (4242.6, 253.1), (4253.1, 209.8), (4271.6, 189.0), (4298.1, 193.2), (4332.6, 231.8), (4372.5, 186.5), (4412.5, 132.9), (4452.5, 100.5), (4492.5, 91.2), (4532.5, 112.0), (4572.5, 168.4), (4612.5, 241.8), (4624.1, 315.1), (4630.4, 348.9), (4646.9, 305.1), (4671.4, 330.4), (4704.6, 348.9), (4744.6, 305.1), (4784.6, 330.4), (4824.6, 348.9), (4864.6, 285.1), (4904.6, 241.8), (4944.6, 221.0), (4984.6, 202.0), (5024.6, 138.2), (5064.6, 94.9), (5104.6, 82.8), (5144.6, 114.5), (5184.6, 179.9), (5224.6, 253.3), (5264.6, 218.1), (5304.6, 164.5), (5344.6, 132.1), (5384.6, 122.8), (5424.6, 143.7), (5464.6, 200.0), (5488.8, 146.6), (5488.8, 95.6), (5488.8, 84.8), (5488.8, 121.0), (5488.8, 189.1), (5488.2, 154.5), (5488.0, 102.0), (5488.0, 82.8), (5488.0, 114.5), (5488.0, 179.9), (5488.0, 162.0), (5488.4, 105.9), (5488.4, 81.3), (5488.4, 108.6), (5488.4, 170.8), (5488.2, 170.5), (5488.8, 111.8), (5488.8, 80.4), (5488.8, 103.2), (5488.8, 161.6), (5488.1, 179.5), (5488.1, 119.3), (5488.1, 80.0), (5488.1, 98.4), (5488.1, 152.4), (5488.0, 188.3), (5488.8, 124.6), (5488.8, 81.3), (5488.8, 94.2), (5488.8, 143.8), (5488.0, 197.7), (5488.0, 131.4), (5488.0, 85.5), (5488.0, 90.5), (5488.0, 135.6), (5488.0, 207.4), (5488.6, 139.5), (5488.4, 92.0)]",0,27.48
novice,mario,Mario1-2,Stuck,5,0,198.34,0.969,"[(112.0, 208.0), (116.5, 226.4), (129.0, 280.4), (149.5, 353.8), (180.2, 314.5), (219.0, 260.9), (259.0, 228.5), (299.0, 219.2), (339.0, 240.0), (379.0, 171.2), (419.0, 122.7), (459.0, 96.1), (499.0, 93.1), (539.0, 122.8), (579.0, 186.8), (619.0, 260.1), (659.0, 275.8), (699.0, 214.6), (739.0, 173.9), (779.0, 156.0), (819.0, 164.1), (859.0, 207.1), (899.0, 203.0), (939.0, 144.3), (979.0, 106.4), (1019.0, 91.4), (1059.0, 103.5), (1099.0, 151.0), (1139.0, 223.4), (1179.0, 296.8), (1219.0, 340.8), (1259.0, 311.6), (1299.0, 305.7), (1339.0, 331.3), (1379.0, 348.9), (1419.0, 285.1), (1424.4, 241.8), (1424.4, 254.2), (1424.4, 303.8), (1430.9, 368.0), (1448.4, 304.0), (1473.9, 320.9), (1507.4, 368.0), (1547.4, 304.0), (1587.4, 320.9), (1627.4, 358.1), (1667.4, 326.0), (1707.4, 317.0), (1712.4, 338.1), (1716.9, 368.0), (1748.6, 368.3), (1788.6, 368.0), (1828.6, 339.8), (1868.6, 306.5), (1908.6, 335.9), (1948.6, 331.4), (1988.6, 310.8), (2028.6, 315.3), (2068.6, 354.2), (2108.6, 314.5), (2128.8, 260.9), (2128.8, 228.5), (2128.8, 219.2), (2128.8, 240.0), (2128.8, 296.4), (2131.5, 368.0), (2146.0, 304.0), (2168.5, 320.9), (2199.0, 368.0), (2238.6, 304.0), (2278.6, 320.9), (2318.6, 368.0), (2358.6, 304.0), (2398.6, 320.9), (2438.6, 368.0), (2478.6, 304.0), (2518.6, 320.9), (2558.6, 368.0), (2598.6, 299.1), (2638.6, 250.6), (2672.1, 224.0), (2672.1, 221.1), (2672.1, 250.8), (2673.9, 314.8), (2684.1, 348.9), (2704.6, 285.1), (2733.1, 278.8), (2769.6, 318.5), (2809.6, 348.9), (2849.6, 285.1), (2889.6, 278.8), (2929.6, 318.5), (2969.6, 348.9), (3009.6, 285.1), (3049.6, 241.8), (3089.6, 221.0), (3129.6, 225.2), (3169.6, 263.8), (3209.6, 333.1), (3249.6, 331.0), (3280.1, 272.3), (3285.6, 234.4), (3299.1, 219.4), (3320.6, 231.5), (3350.5, 261.4), (3389.8, 196.1), (3429.8, 151.2), (3469.8, 128.5), (3509.8, 130.1), (3549.8, 165.3), (3589.8, 232.9), (3629.8, 306.2), (3664.0, 358.3), (3665.2, 292.0), (3673.8, 246.0), (3690.2, 222.3), (3714.8, 222.9), (3747.2, 257.0), (3786.5, 323.9), (3826.5, 339.8), (3856.1, 278.6), (3861.6, 237.9), (3875.1, 220.0), (3896.6, 228.1), (3926.1, 271.1), (3965.4, 202.3), (4005.4, 153.7), (4045.4, 127.1), (4085.4, 124.2), (4125.4, 153.9), (4165.4, 217.9), (4205.4, 291.2), (4240.0, 307.8), (4244.5, 246.6), (4257.0, 205.9), (4277.5, 188.0), (4306.0, 196.1), (4342.5, 239.1), (4382.5, 178.6), (4422.5, 127.6), (4462.5, 98.1), (4502.5, 91.9), (4542.5, 117.1), (4582.5, 177.6), (4622.5, 250.9), (4624.8, 324.3), (4633.4, 339.8), (4651.9, 306.5), (4678.4, 335.9), (4713.9, 339.8), (4753.9, 306.5), (4793.9, 335.9), (4833.9, 339.8), (4873.9, 278.6), (4913.9, 237.9), (4953.9, 220.0), (4993.9, 192.9), (5033.9, 131.7), (5073.9, 91.0), (5113.9, 84.8), (5153.9, 121.0), (5193.9, 189.1), (5233.9, 262.4), (5273.9, 210.3), (5313.9, 159.2), (5353.9, 129.7), (5393.9, 123.5), (5433.9, 148.8), (5473.9, 208.0), (5488.0, 139.1), (5488.0, 90.6), (5488.0, 87.4), (5488.0, 128.0), (5488.0, 198.3), (5488.1, 146.1), (5488.1, 95.0), (5488.1, 84.8), (5488.1, 121.0), (5488.1, 189.1), (5488.3, 153.9), (5488.1, 100.3), (5488.1, 82.8), (5488.1, 114.5), (5488.1, 179.9), (5488.8, 162.5), (5488.8, 107.4), (5488.8, 81.3), (5488.8, 108.6), (5488.8, 170.8), (5488.0, 170.5), (5488.1, 111.8), (5488.1, 80.4), (5488.1, 103.2), (5488.1, 161.6), (5488.2, 179.2), (5488.4, 118.0), (5488.4, 80.0), (5488.4, 98.4), (5488.4, 152.4), (5488.0, 188.5), (5488.0, 125.7), (5488.0, 83.5), (5488.0, 94.2), (5488.0, 143.8), (5488.0, 197.7), (5488.4, 131.4)]",0,27.45
novice,mario,Mario1-2,Stuck,5,0,198.07,0.969,"[(112.0, 208.0), (116.5, 226.4), (129.0, 280.4), (149.5, 353.8), (180.2, 314.5), (219.0, 260.9), (259.0, 228.5), (299.0, 219.2), (339.0, 240.0), (379.0, 171.2), (419.0, 122.7), (459.0, 96.1), (499.0, 93.1), (539.0, 122.8), (579.0, 186.8), (619.0, 260.1), (659.0, 275.8), (699.0, 214.6), (739.0, 173.9), (779.0, 156.0), (819.0, 164.1), (859.0, 207.1), (899.0, 203.0), (939.0, 144.3), (979.0, 106.4), (1019.0, 91.4), (1059.0, 103.5), (1099.0, 151.0), (1139.0, 223.4), (1179.0, 296.8), (1219.0, 340.8), (1259.0, 311.6), (1299.0, 305.7), (1339.0, 331.3), (1379.0, 348.9), (1419.0, 285.1), (1424.4, 241.8), (1424.4, 254.2), (1424.4, 303.8), (1430.9, 368.0), (1448.4, 304.0), (1473.9, 320.9), (1507.4, 368.0), (1547.4, 304.0), (1587.4, 320.9), (1627.4, 358.1), (1667.4, 326.0), (1707.4, 317.0), (1712.4, 338.1), (1716.9, 368.0), (1748.6, 368.3), (1788.6, 368.0), (1828.6, 339.8), (1868.6, 306.5), (1908.6, 335.9), (1948.6, 331.4), (1988.6, 310.8), (2028.6, 315.3), (2068.6, 354.2), (2108.6, 314.5), (2128.8, 260.9), (2128.8, 228.5), (2128.8, 219.2), (2128.8, 240.0), (2128.8, 296.4), (2131.5, 368.0), (2146.0, 304.0), (2168.5, 320.9), (2199.0, 368.0), (2238.6, 304.0), (2278.6, 320.9), (2318.6, 368.0), (2358.6, 304.0), (2398.6, 320.9), (2438.6, 368.0), (2478.6, 304.0), (2518.6, 320.9), (2558.6, 368.0), (2598.6, 299.1), (2638.6, 250.6), (2671.9, 224.0), (2671.6, 221.1), (2672.1, 250.8), (2673.9, 314.8), (2684.1, 348.9), (2704.6, 285.1), (2733.1, 278.8), (2769.6, 318.5), (2809.6, 348.9), (2849.6, 285.1), (2889.6, 278.8), (2929.6, 318.5), (2969.6, 348.9), (3009.6, 285.1), (3049.6, 241.8), (3089.6, 221.0), (3129.6, 225.2), (3169.6, 263.8), (3209.6, 333.1), (3249.6, 331.0), (3280.1, 272.3), (3285.6, 234.4), (3299.1, 219.4), (3320.6, 231.5), (3350.5, 261.4), (3389.8, 196.1), (3429.8, 151.2), (3469.8, 128.5), (3509.8, 130.1), (3549.8, 165.3), (3589.8, 232.9), (3629.8, 306.2), (3664.0, 358.3), (3665.4, 292.0), (3673.9, 246.0), (3690.4, 222.3), (3714.9, 222.9), (3747.4, 257.0), (3786.7, 323.9), (3826.7, 339.8), (3856.1, 278.6), (3861.6, 237.9), (3875.1, 220.0), (3896.6, 228.1), (3926.1, 271.1), (3965.4, 202.3), (4005.4, 153.7), (4045.4, 127.1), (4085.4, 124.2), (4125.4, 153.9), (4165.4, 217.9), (4205.4, 291.2), (4240.0, 307.8), (4244.5, 246.6), (4257.0, 205.9), (4277.5, 188.0), (4306.0, 196.1), (4342.5, 239.1), (4382.5, 178.6), (4422.5, 127.6), (4462.5, 98.1), (4502.5, 91.9), (4542.5, 117.1), (4582.5, 177.6), (4622.5, 250.9), (4624.8, 324.3), (4633.4, 339.8), (4651.9, 306.5), (4678.4, 335.9), (4713.9, 339.8), (4753.9, 306.5), (4793.9, 335.9), (4833.9, 339.8), (4873.9, 278.6), (4913.9, 237.9), (4953.9, 220.0), (4993.9, 192.9), (5033.9, 131.7), (5073.9, 91.0), (5113.9, 84.8), (5153.9, 121.0), (5193.9, 189.1), (5233.9, 262.4), (5273.9, 210.3), (5313.9, 159.2), (5353.9, 129.7), (5393.9, 123.5), (5433.9, 148.8), (5473.9, 208.0), (5488.7, 139.1), (5488.1, 90.6), (5488.1, 87.4), (5488.1, 128.0), (5488.1, 198.3), (5488.0, 146.1), (5488.1, 95.0), (5488.1, 84.8), (5488.1, 121.0), (5488.1, 189.1), (5488.2, 153.9), (5488.4, 100.3), (5488.4, 82.8), (5488.4, 114.5), (5488.4, 179.9), (5488.2, 162.5), (5488.0, 107.4), (5488.0, 81.3), (5488.0, 108.6), (5488.0, 170.8), (5488.0, 170.5), (5488.4, 111.8), (5488.4, 80.4), (5488.4, 103.2), (5488.4, 161.6), (5488.2, 179.2), (5488.9, 118.0), (5488.8, 80.0), (5488.8, 98.4), (5488.8, 152.4), (5488.0, 188.5), (5488.3, 125.7), (5488.1, 83.5), (5488.1, 94.2), (5488.1, 143.8), (5488.5, 197.7), (5488.0, 131.4)]",0,27.45
novice,mario,Mario1-2,Stuck,1,0,198.12,0.969,"[(112.0, 208.0), (116.5, 226.4), (129.0, 280.4), (149.5, 353.8), (180.2, 314.5), (219.0, 260.9), (259.0, 228.5), (299.0, 219.2), (339.0, 240.0), (379.0, 171.2), (419.0, 122.7), (459.0, 96.1), (499.0, 93.1), (539.0, 122.8), (579.0, 186.8), (619.0, 260.1), (659.0, 275.8), (699.0, 214.6), (739.0, 173.9), (779.0, 156.0), (819.0, 164.1), (859.0, 207.1), (899.0, 203.0), (939.0, 144.3), (979.0, 106.4), (1019.0, 91.4), (1059.0, 103.5), (1099.0, 151.0), (1139.0, 223.4), (1179.0, 296.8), (1219.0, 340.8), (1259.0, 311.6), (1299.0, 305.7), (1339.0, 331.3), (1379.0, 348.9), (1419.0, 285.1), (1424.4, 241.8), (1424.4, 254.2), (1424.4, 303.8), (1430.9, 368.0), (1448.4, 304.0), (1473.9, 320.9), (1507.4, 368.0), (1547.4, 304.0), (1587.4, 320.9), (1627.4, 358.1), (1667.4, 326.0), (1707.4, 317.0), (1712.4, 338.1), (1716.9, 368.0), (1748.6, 368.3), (1788.6, 368.0), (1828.6, 339.8), (1868.6, 306.5), (1908.6, 335.9), (1948.6, 331.4), (1988.6, 310.8), (2028.6, 315.3), (2068.6, 354.2), (2108.6, 314.5), (2128.8, 260.9), (2128.8, 228.5), (2128.8, 219.2), (2128.8, 240.0), (2128.8, 296.4), (2131.5, 368.0), (2146.0, 304.0), (2168.5, 320.9), (2199.0, 368.0), (2238.6, 304.0), (2278.6, 320.9), (2318.6, 368.0), (2358.6, 304.0), (2398.6, 320.9), (2438.6, 368.0), (2478.6, 304.0), (2518.6, 320.9), (2558.6, 368.0), (2598.6, 299.1), (2638.6, 250.6), (2672.1, 224.0), (2672.1, 221.1), (2672.1, 250.8), (2673.9, 314.8), (2684.1, 348.9), (2704.6, 285.1), (2733.1, 278.8), (2769.6, 318.5), (2809.6, 348.9), (2849.6, 285.1), (2889.6, 278.8), (2929.6, 318.5), (2969.6, 348.9), (3009.6, 285.1), (3049.6, 241.8), (3089.6, 221.0), (3129.6, 225.2), (3169.6, 263.8), (3209.6, 333.1), (3249.6, 331.0), (3280.1, 272.3), (3285.6, 234.4), (3299.1, 219.4), (3320.6, 231.5), (3350.5, 261.4), (3389.8, 195.1), (3429.8, 149.2), (3469.8, 125.4), (3509.8, 126.0), (3549.8, 160.1), (3589.8, 227.0), (3629.8, 300.4), (3664.0, 368.0), (3664.4, 299.1), (3670.9, 250.6), (3685.4, 224.0), (3707.9, 221.1), (3738.4, 250.8), (3776.5, 314.8), (3816.5, 348.9), (3856.5, 285.1), (3859.5, 241.8), (3871.0, 221.0), (3890.5, 225.2), (3918.0, 263.8), (3955.8, 209.8), (3995.8, 158.7), (4035.8, 129.2), (4075.8, 123.0), (4115.8, 148.3), (4155.8, 208.7), (4195.8, 282.0), (4235.8, 316.9), (4242.6, 253.1), (4253.1, 209.8), (4271.6, 189.0), (4298.1, 193.2), (4332.6, 231.8), (4372.5, 186.5), (4412.5, 132.9), (4452.5, 100.5), (4492.5, 91.2), (4532.5, 112.0), (4572.5, 168.4), (4612.5, 241.8), (4624.1, 315.1), (4630.4, 348.9), (4646.9, 305.1), (4671.4, 330.4), (4704.6, 348.9), (4744.6, 305.1), (4784.6, 330.4), (4824.6, 348.9), (4864.6, 285.1), (4904.6, 241.8), (4944.6, 221.0), (4984.6, 202.0), (5024.6, 138.2), (5064.6, 94.9), (5104.6, 82.8), (5144.6, 114.5), (5184.6, 179.9), (5224.6, 253.3), (5264.6, 218.1), (5304.6, 164.5), (5344.6, 132.1), (5384.6, 122.8), (5424.6, 143.7), (5464.6, 200.0), (5488.8, 146.6), (5488.8, 95.6), (5488.8, 84.8), (5488.8, 121.0), (5488.8, 189.1), (5488.0, 153.9), (5488.0, 100.3), (5488.0, 82.8), (5488.0, 114.5), (5488.0, 179.9), (5488.0, 162.0), (5488.0, 105.9), (5488.0, 81.3), (5488.0, 108.6), (5488.0, 170.8), (5488.4, 170.5), (5488.4, 111.8), (5488.4, 80.4), (5488.4, 103.2), (5488.4, 161.6), (5488.4, 179.2), (5488.4, 118.0), (5488.4, 80.0), (5488.4, 98.4), (5488.4, 152.4), (5488.0, 188.3), (5488.0, 124.6), (5488.0, 81.3), (5488.0, 94.2), (5488.0, 143.8), (5488.0, 197.7), (5488.0, 131.4), (5488.0, 85.5), (5488.0, 90.5), (5488.0, 135.6), (5488.0, 207.4), (5488.4, 138.6), (5488.4, 90.1)]",0,27.48
novice,mario,Mario1-2,Stuck,1,4,90.98,0.347,"[(112.0, 208.0), (111.2, 226.4), (117.8, 280.4), (132.2, 353.8), (153.2, 314.5), (174.8, 260.9), (199.0, 228.5), (216.2, 219.2), (237.8, 240.0), (267.2, 296.4), (304.6, 368.0), (341.1, 304.0), (374.9, 320.9), (414.5, 368.0), (454.5, 304.0), (494.5, 320.9), (534.5, 368.0), (574.5, 299.1), (614.5, 250.6), (654.5, 224.0), (694.5, 221.1), (734.5, 250.8), (752.5, 225.7), (752.8, 169.6), (752.0, 134.4), (743.5, 122.2), (727.2, 138.6), (713.8, 190.5), (708.2, 263.7), (711.3, 211.5), (712.0, 160.5), (706.9, 131.0), (693.8, 124.7), (674.3, 150.0), (660.2, 210.5), (654.2, 283.8), (656.5, 258.6), (663.4, 202.4), (678.4, 167.3), (701.3, 155.1), (732.3, 171.5), (770.7, 223.4), (810.7, 186.5), (848.8, 132.9), (879.3, 100.5), (901.8, 91.2), (917.1, 112.0), (936.6, 168.4), (965.2, 179.8), (994.7, 118.6), (1016.2, 80.0), (1029.7, 98.4), (1044.2, 152.4), (1066.7, 225.8), (1097.2, 299.1), (1136.4, 242.6), (1172.9, 191.6), (1201.4, 162.1), (1225.7, 155.9), (1257.2, 181.1), (1264.4, 241.6), (1264.4, 314.9), (1268.9, 331.2), (1270.3, 307.8), (1272.2, 308.6), (1281.7, 343.0), (1299.2, 331.0), (1313.4, 308.3), (1331.9, 342.1), (1354.7, 327.6), (1383.2, 309.9), (1419.7, 318.2), (1459.7, 348.6), (1499.7, 316.5), (1539.7, 307.5), (1579.7, 328.6), (1619.7, 358.3), (1656.4, 304.3), (1695.2, 325.3), (1712.5, 340.1), (1712.8, 313.8), (1712.8, 311.2), (1712.8, 341.2), (1712.6, 331.2), (1708.6, 308.3), (1710.1, 342.1), (1711.9, 331.2), (1707.9, 308.3), (1709.4, 342.1), (1711.9, 331.2), (1707.9, 308.3), (1709.4, 342.1), (1711.0, 327.6), (1712.0, 309.9), (1712.0, 318.2), (1712.0, 348.6), (1710.9, 316.5), (1712.4, 307.5), (1712.4, 328.6), (1712.8, 358.3), (1708.5, 304.3), (1704.0, 325.3), (1707.9, 358.3), (1712.0, 292.0), (1712.0, 246.0), (1716.5, 222.3), (1729.0, 222.9), (1750.4, 211.8), (1770.9, 150.6), (1783.4, 153.9), (1794.9, 197.9), (1815.5, 211.8), (1837.0, 150.6), (1853.0, 153.9), (1875.5, 197.9), (1906.4, 211.8), (1934.9, 150.6), (1960.6, 153.9), (1968.1, 197.9), (1968.1, 211.8), (1963.6, 150.6), (1954.9, 153.9), (1953.4, 197.9), (1961.0, 211.8), (1968.0, 150.6), (1966.0, 153.9), (1968.1, 197.9), (1967.6, 211.8), (1961.1, 150.6), (1948.1, 153.9), (1940.6, 197.9), (1942.0, 211.8), (1942.5, 150.6), (1938.8, 153.9), (1942.2, 197.9), (1954.9, 211.8), (1968.4, 150.6), (1967.0, 153.9), (1968.8, 197.9), (1968.0, 211.8), (1963.5, 150.6), (1956.2, 153.9), (1956.8, 197.9), (1966.1, 211.8), (1965.4, 150.6), (1958.6, 153.9), (1959.1, 197.9), (1968.8, 211.8), (1964.5, 150.6), (1955.5, 153.9), (1953.0, 197.9), (1958.9, 211.8), (1962.4, 150.6), (1963.1, 153.9), (1968.1, 197.9)]",0,20.63
novice,mario,Mario1-2,Success,3,0,219.56,0.947,"[(112.0, 208.0), (116.5, 226.4), (129.0, 280.4), (149.5, 353.8), (180.2, 314.5), (219.0, 260.9), (259.0, 228.5), (299.0, 219.2), (339.0, 240.0), (379.0, 171.2), (419.0, 122.7), (458.5, 96.1), (498.5, 93.1), (538.5, 122.8), (578.5, 186.8), (618.5, 260.1), (658.5, 275.8), (698.5, 214.6), (738.5, 173.9), (778.5, 156.0), (818.5, 164.1), (858.5, 207.1), (898.5, 203.0), (938.5, 144.3), (978.5, 106.4), (1018.5, 91.4), (1058.5, 103.5), (1098.5, 151.0), (1138.5, 223.4), (1178.5, 296.8), (1218.5, 340.8), (1258.5, 311.6), (1298.5, 305.7), (1338.5, 331.3), (1378.5, 348.9), (1418.4, 285.1), (1424.4, 241.8), (1424.4, 254.2), (1424.4, 303.8), (1430.9, 368.0), (1445.5, 304.0), (1458.1, 320.9), (1477.6, 368.0), (1508.1, 304.0), (1546.2, 320.9), (1586.2, 345.1), (1626.2, 315.8), (1666.2, 309.9), (1706.2, 335.5), (1716.9, 368.0), (1748.6, 368.3), (1788.6, 368.0), (1828.6, 339.8), (1868.6, 306.5), (1908.6, 335.9), (1948.6, 331.4), (1988.6, 310.8), (2028.6, 315.3), (2068.6, 354.2), (2108.6, 314.5), (2128.0, 260.9), (2128.0, 228.5), (2128.0, 219.2), (2128.0, 240.0), (2128.0, 296.4), (2132.5, 368.0), (2143.9, 304.0), (2151.7, 320.9), (2164.5, 368.0), (2184.2, 304.0), (2202.7, 320.9), (2228.5, 368.0), (2265.3, 299.1), (2288.8, 250.6), (2288.8, 224.0), (2288.8, 221.1), (2288.8, 250.8), (2288.8, 314.8), (2297.0, 348.9), (2308.5, 305.1), (2317.5, 330.4), (2334.1, 348.9), (2358.6, 305.1), (2388.7, 330.4), (2426.6, 348.9), (2466.6, 305.1), (2506.6, 330.4), (2546.6, 348.9), (2586.6, 285.1), (2626.6, 241.8), (2666.6, 221.0), (2672.4, 225.2), (2672.4, 263.8), (2674.6, 333.1), (2686.0, 331.0), (2697.4, 272.3), (2704.4, 285.4), (2713.9, 333.9), (2732.7, 331.0), (2752.6, 272.3), (2768.7, 285.4), (2789.9, 333.9), (2820.5, 331.0), (2859.6, 272.3), (2899.6, 285.4), (2939.6, 333.9), (2979.6, 331.0), (3019.6, 272.3), (3059.6, 234.4), (3099.6, 219.4), (3139.6, 231.5), (3179.6, 279.0), (3219.6, 351.4), (3259.6, 314.5), (3280.8, 260.9), (3288.2, 228.5), (3303.8, 219.2), (3327.2, 240.0), (3359.9, 242.9), (3399.8, 181.7), (3439.8, 141.1), (3479.8, 123.1), (3519.8, 131.2), (3559.8, 174.2), (3599.8, 245.4), (3639.8, 318.7), (3664.4, 335.0), (3664.4, 311.5), (3664.4, 312.4), (3664.4, 346.8), (3664.8, 323.5), (3667.5, 267.3), (3679.0, 232.2), (3698.5, 220.0), (3726.0, 236.4), (3761.5, 288.3), (3801.5, 361.5), (3841.5, 306.6), (3857.2, 255.6), (3865.8, 226.1), (3882.2, 219.9), (3906.8, 245.1), (3940.8, 234.1), (3980.8, 175.5), (4020.8, 137.5), (4060.8, 122.5), (4100.8, 134.6), (4140.8, 182.1), (4180.8, 254.5), (4220.8, 327.9), (4240.8, 274.6), (4248.2, 223.6), (4263.8, 194.1), (4287.2, 187.9), (4318.8, 213.1), (4357.5, 211.8), (4397.5, 150.6), (4437.5, 109.9), (4477.5, 92.0), (4517.5, 100.1), (4557.5, 143.1), (4597.5, 133.0), (4637.1, 80.0), (4677.0, 97.3), (4717.0, 149.9), (4757.0, 223.2), (4797.0, 186.5), (4837.0, 132.9), (4877.0, 100.5), (4917.0, 91.2), (4957.0, 112.0), (4997.0, 168.4), (5037.0, 238.0), (5077.0, 169.1), (5117.0, 120.6), (5157.0, 94.0), (5197.0, 91.1), (5237.0, 120.8), (5277.0, 184.8), (5317.0, 258.1), (5357.0, 218.5)]",0,24.02
novice,mario,Mario1-2,Stuck,3,0,198.98,0.969,"[(112.0, 208.0), (116.5, 226.4), (129.0, 280.4), (149.5, 353.8), (180.2, 314.5), (219.0, 260.9), (259.0, 228.5), (299.0, 219.2), (339.0, 240.0), (379.0, 171.2), (419.0, 122.7), (459.0, 96.1), (499.0, 93.1), (539.0, 122.8), (579.0, 186.8), (619.0, 260.1), (659.0, 275.8), (699.0, 214.6), (739.0, 173.9), (779.0, 156.0), (819.0, 164.1), (859.0, 207.1), (899.0, 203.0), (939.0, 144.3), (979.0, 106.4), (1019.0, 91.4), (1059.0, 103.5), (1099.0, 151.0), (1139.0, 223.4), (1179.0, 296.8), (1219.0, 340.8), (1259.0, 311.6), (1299.0, 305.7), (1339.0, 331.3), (1379.0, 348.9), (1419.0, 285.1), (1424.4, 241.8), (1424.4, 254.2), (1424.4, 303.8), (1430.9, 368.0), (1448.4, 304.0), (1473.9, 320.9), (1507.4, 368.0), (1547.4, 304.0), (1587.4, 320.9), (1627.4, 358.1), (1667.4, 326.0), (1707.4, 317.0), (1712.4, 338.1), (1716.9, 368.0), (1748.6, 368.3), (1788.6, 368.0), (1828.6, 339.8), (1868.6, 306.5), (1908.6, 335.9), (1948.6, 331.4), (1988.6, 310.8), (2028.6, 315.3), (2068.6, 354.2), (2108.6, 314.5), (2128.8, 260.9), (2128.8, 228.5), (2128.8, 219.2), (2128.8, 240.0), (2128.8, 296.4), (2131.5, 368.0), (2146.0, 304.0), (2168.5, 320.9), (2199.0, 368.0), (2238.6, 304.0), (2278.6, 320.9), (2318.6, 368.0), (2358.6, 304.0), (2398.6, 320.9), (2438.6, 368.0), (2478.6, 304.0), (2518.6, 320.9), (2558.6, 368.0), (2598.6, 299.1), (2638.6, 250.6), (2671.9, 224.0), (2671.6, 221.1), (2672.1, 250.8), (2673.9, 314.8), (2684.1, 348.9), (2704.6, 285.1), (2733.1, 278.8), (2769.6, 318.5), (2809.6, 348.9), (2849.6, 285.1), (2889.6, 278.8), (2929.6, 318.5), (2969.6, 348.9), (3009.6, 285.1), (3049.6, 241.8), (3089.6, 221.0), (3129.6, 225.2), (3169.6, 263.8), (3209.6, 333.1), (3249.6, 331.0), (3280.1, 272.3), (3285.6, 234.4), (3299.1, 219.4), (3320.6, 231.5), (3350.5, 261.4), (3389.8, 196.1), (3429.8, 151.2), (3469.8, 128.5), (3509.8, 130.1), (3549.8, 165.3), (3589.8, 232.9), (3629.8, 306.2), (3664.0, 358.3), (3665.4, 292.0), (3673.9, 246.0), (3690.4, 222.3), (3714.9, 222.9), (3747.4, 257.0), (3786.7, 323.9), (3826.7, 339.8), (3856.1, 278.6), (3861.6, 237.9), (3875.1, 220.0), (3896.6, 228.1), (3926.1, 271.1), (3965.4, 202.3), (4005.4, 153.7), (4045.4, 127.1), (4085.4, 124.2), (4125.4, 153.9), (4165.4, 217.9), (4205.4, 291.2), (4240.0, 307.8), (4244.5, 246.6), (4257.0, 205.9), (4277.5, 188.0), (4306.0, 196.1), (4342.5, 239.1), (4382.5, 178.6), (4422.5, 127.6), (4462.5, 98.1), (4502.5, 91.9), (4542.5, 117.1), (4582.5, 177.6), (4622.5, 250.9), (4624.8, 324.3), (4633.4, 339.8), (4651.9, 306.5), (4678.4, 335.9), (4713.9, 339.8), (4753.9, 306.5), (4793.9, 335.9), (4833.9, 339.8), (4873.9, 278.6), (4913.9, 237.9), (4953.9, 220.0), (4993.9, 192.9), (5033.9, 131.7), (5073.9, 91.0), (5113.9, 84.8), (5153.9, 121.0), (5193.9, 189.1), (5233.9, 262.4), (5273.9, 210.3), (5313.9, 159.2), (5353.9, 129.7), (5393.9, 123.5), (5433.9, 148.8), (5473.9, 208.0), (5488.0, 139.1), (5488.0, 90.6), (5488.0, 87.4), (5488.0, 128.0), (5488.0, 198.3), (5488.5, 208.0), (5488.5, 208.0), (5488.5, 208.0), (5488.5, 208.0), (5488.5, 208.0), (5488.5, 208.0), (5488.5, 208.0), (5488.5, 208.0), (5488.5, 208.0), (5488.5, 208.0), (5488.5, 208.0), (5488.5, 208.0), (5488.5, 208.0), (5488.5, 208.0), (5488.5, 208.0), (5488.5, 208.0), (5488.5, 208.0), (5488.5, 208.0), (5488.5, 208.0), (5488.5, 208.0), (5488.5, 208.0), (5488.5, 208.0), (5488.5, 208.0), (5488.5, 208.0), (5488.5, 208.0), (5488.5, 208.0), (5488.5, 208.0), (5488.5, 208.0), (5488.5, 208.0), (5488.5, 208.0), (5488.5, 208.0), (5488.5, 208.0)]",0,27.45
novice,mario,Mario1-2,Stuck,5,0,198.08,0.969,"[(112.0, 208.0), (116.5, 226.4), (129.0, 280.4), (149.5, 353.8), (180.2, 314.5), (219.0, 260.9), (259.0, 228.5), (299.0, 219.2), (339.0, 240.0), (379.0, 171.2), (419.0, 122.7), (459.0, 96.1), (499.0, 93.1), (539.0, 122.8), (579.0, 186.8), (619.0, 260.1), (659.0, 275.8), (699.0, 214.6), (739.0, 173.9), (779.0, 156.0), (819.0, 164.1), (859.0, 207.1), (899.0, 203.0), (939.0, 144.3), (979.0, 106.4), (1019.0, 91.4), (1059.0, 103.5), (1099.0, 151.0), (1139.0, 223.4), (1179.0, 296.8), (1219.0, 340.8), (1259.0, 311.6), (1299.0, 305.7), (1339.0, 331.3), (1379.0, 348.9), (1419.0, 285.1), (1424.4, 241.8), (1424.4, 254.2), (1424.4, 303.8), (1430.9, 368.0), (1448.4, 304.0), (1473.9, 320.9), (1507.4, 368.0), (1547.4, 304.0), (1587.4, 320.9), (1627.4, 358.1), (1667.4, 326.0), (1707.4, 317.0), (1712.4, 338.1), (1716.9, 368.0), (1748.6, 368.3), (1788.6, 368.0), (1828.6, 339.8), (1868.6, 306.5), (1908.6, 335.9), (1948.6, 331.4), (1988.6, 310.8), (2028.6, 315.3), (2068.6, 354.2), (2108.6, 314.5), (2128.8, 260.9), (2128.8, 228.5), (2128.8, 219.2), (2128.8, 240.0), (2128.8, 296.4), (2131.5, 368.0), (2146.0, 304.0), (2168.5, 320.9), (2199.0, 368.0), (2238.6, 304.0), (2278.6, 320.9), (2318.6, 368.0), (2358.6, 304.0), (2398.6, 320.9), (2438.6, 368.0), (2478.6, 304.0), (2518.6, 320.9), (2558.6, 368.0), (2598.6, 299.1), (2638.6, 250.6), (2672.0, 224.0), (2672.4, 221.1), (2672.4, 250.8), (2674.6, 314.8), (2685.9, 348.9), (2707.4, 285.1), (2736.9, 278.8), (2774.2, 318.5), (2814.2, 348.9), (2854.2, 285.1), (2894.2, 278.8), (2934.2, 318.5), (2974.2, 348.9), (3014.2, 285.1), (3054.2, 241.8), (3094.2, 221.0), (3134.2, 225.2), (3174.2, 263.8), (3214.2, 333.1), (3254.2, 331.0), (3280.4, 272.3), (3286.9, 234.4), (3301.4, 219.4), (3323.9, 231.5), (3354.8, 261.4), (3394.4, 195.1), (3434.4, 149.2), (3474.4, 125.4), (3514.4, 126.0), (3554.4, 160.1), (3594.4, 227.0), (3634.4, 300.4), (3664.1, 368.0), (3664.4, 299.1), (3670.9, 250.6), (3685.4, 224.0), (3707.9, 221.1), (3738.4, 250.8), (3776.5, 314.8), (3816.5, 348.9), (3856.5, 285.1), (3859.5, 241.8), (3871.0, 221.0), (3890.5, 225.2), (3918.0, 263.8), (3955.8, 209.8), (3995.8, 158.7), (4035.8, 129.2), (4075.8, 123.0), (4115.8, 148.3), (4155.8, 208.7), (4195.8, 282.0), (4235.8, 316.9), (4242.6, 253.1), (4253.1, 209.8), (4271.6, 189.0), (4298.1, 193.2), (4332.6, 231.8), (4372.5, 186.5), (4412.5, 132.9), (4452.5, 100.5), (4492.5, 91.2), (4532.5, 112.0), (4572.5, 168.4), (4612.5, 241.8), (4624.1, 315.1), (4630.4, 348.9), (4646.9, 305.1), (4671.4, 330.4), (4704.6, 348.9), (4744.6, 305.1), (4784.6, 330.4), (4824.6, 348.9), (4864.6, 285.1), (4904.6, 241.8), (4944.6, 221.0), (4984.6, 202.0), (5024.6, 138.2), (5064.6, 94.9), (5104.6, 82.8), (5144.6, 114.5), (5184.6, 179.9), (5224.6, 253.3), (5264.6, 218.1), (5304.6, 164.5), (5344.6, 132.1), (5384.6, 122.8), (5424.6, 143.7), (5464.6, 200.0), (5488.8, 146.6), (5488.8, 95.6), (5488.8, 84.8), (5488.8, 121.0), (5488.8, 189.1), (5488.0, 154.5), (5488.0, 102.0), (5488.0, 82.8), (5488.0, 114.5), (5488.0, 179.9), (5488.0, 162.0), (5488.0, 105.9), (5488.0, 81.3), (5488.0, 108.6), (5488.0, 170.8), (5488.4, 170.5), (5488.4, 111.8), (5488.4, 80.4), (5488.4, 103.2), (5488.4, 161.6), (5488.4, 179.5), (5488.4, 119.3), (5488.4, 80.0), (5488.4, 98.4), (5488.4, 152.4), (5488.0, 188.3), (5488.0, 124.6), (5488.0, 81.3), (5488.0, 94.2), (5488.0, 143.8), (5488.0, 197.7), (5488.0, 131.4), (5488.0, 85.5), (5488.0, 90.5), (5488.0, 135.6), (5488.0, 207.4), (5488.4, 139.5), (5488.4, 92.0)]",0,27.48
novice,mario,Mario1-2,Stuck,4,0,196.47,0.969,"[(112.0, 208.0), (116.5, 226.4), (129.0, 280.4), (149.5, 353.8), (180.2, 314.5), (219.0, 260.9), (259.0, 228.5), (299.0, 219.2), (339.0, 240.0), (379.0, 171.2), (419.0, 122.7), (459.0, 96.1), (499.0, 93.1), (539.0, 122.8), (579.0, 186.8), (619.0, 260.1), (659.0, 275.8), (699.0, 214.6), (739.0, 173.9), (779.0, 156.0), (819.0, 164.1), (859.0, 207.1), (899.0, 203.0), (939.0, 144.3), (979.0, 106.4), (1019.0, 91.4), (1059.0, 103.5), (1099.0, 151.0), (1139.0, 223.4), (1179.0, 296.8), (1219.0, 340.8), (1259.0, 311.6), (1299.0, 305.7), (1339.0, 331.3), (1379.0, 348.9), (1419.0, 285.1), (1424.4, 241.8), (1424.4, 254.2), (1424.4, 303.8), (1430.9, 368.0), (1448.4, 304.0), (1473.9, 320.9), (1507.4, 368.0), (1547.4, 304.0), (1587.4, 320.9), (1627.4, 358.1), (1667.4, 326.0), (1707.4, 317.0), (1712.4, 338.1), (1716.9, 368.0), (1748.6, 368.3), (1788.6, 368.0), (1828.6, 339.8), (1868.6, 306.5), (1908.6, 335.9), (1948.6, 331.4), (1988.6, 310.8), (2028.6, 315.3), (2068.6, 354.2), (2108.6, 314.5), (2128.8, 261.1), (2128.8, 229.8), (2128.8, 221.6), (2128.8, 243.4), (2128.8, 300.8), (2131.5, 368.0), (2146.0, 304.0), (2168.5, 320.9), (2199.0, 368.0), (2238.6, 304.0), (2278.6, 320.9), (2318.6, 368.0), (2358.6, 304.0), (2398.6, 320.9), (2438.6, 368.0), (2478.6, 304.0), (2518.6, 320.9), (2558.6, 368.0), (2598.6, 299.1), (2638.6, 250.6), (2671.9, 224.0), (2670.1, 221.1), (2668.6, 250.8), (2672.1, 314.8), (2684.4, 348.9), (2706.9, 285.1), (2737.4, 278.8), (2775.5, 318.5), (2815.5, 348.9), (2855.5, 285.1), (2895.5, 278.8), (2935.5, 318.5), (2975.5, 348.9), (3015.5, 285.1), (3055.5, 241.8), (3095.5, 221.0), (3135.5, 225.2), (3175.5, 263.8), (3215.5, 333.1), (3255.5, 331.0), (3280.4, 272.3), (3286.9, 234.4), (3301.4, 219.4), (3323.9, 231.5), (3354.8, 261.4), (3394.4, 195.1), (3434.4, 149.2), (3474.4, 125.4), (3514.4, 126.0), (3554.4, 160.1), (3594.4, 227.0), (3634.4, 300.4), (3664.1, 368.0), (3663.9, 299.1), (3670.4, 250.6), (3684.9, 224.0), (3707.4, 221.1), (3737.9, 250.8), (3776.0, 314.8), (3816.0, 348.9), (3856.0, 285.1), (3859.5, 241.8), (3871.0, 221.0), (3890.5, 225.2), (3918.0, 263.8), (3955.8, 209.8), (3995.8, 158.7), (4035.8, 129.2), (4075.8, 123.0), (4115.8, 148.3), (4155.8, 208.7), (4195.8, 282.0), (4235.8, 316.9), (4242.6, 253.1), (4253.1, 209.8), (4271.6, 189.0), (4298.1, 193.2), (4332.6, 231.8), (4372.5, 186.5), (4412.5, 132.9), (4452.5, 100.5), (4492.5, 91.2), (4532.5, 112.0), (4572.5, 168.4), (4612.5, 241.8), (4624.4, 315.1), (4631.6, 348.9), (4649.1, 305.1), (4674.6, 330.4), (4708.9, 348.9), (4748.9, 305.1), (4788.9, 330.4), (4828.9, 348.9), (4868.9, 285.1), (4908.9, 241.8), (4948.9, 221.0), (4988.9, 202.0), (5028.9, 138.2), (5068.9, 94.9), (5108.9, 82.8), (5148.9, 114.5), (5188.9, 179.9), (5228.9, 253.3), (5268.9, 218.1), (5308.9, 164.5), (5348.9, 132.1), (5388.9, 122.8), (5428.9, 143.7), (5468.9, 200.0), (5488.0, 146.6), (5487.2, 95.6), (5487.0, 84.8), (5488.8, 121.0), (5488.0, 189.1), (5487.8, 153.9), (5487.2, 100.3), (5487.2, 82.8), (5488.0, 114.5), (5488.0, 179.9), (5487.0, 162.2), (5485.8, 106.4), (5485.0, 81.3), (5488.4, 108.6), (5488.0, 170.8), (5487.6, 170.6), (5485.9, 112.2), (5484.6, 80.4), (5488.0, 103.2), (5488.0, 161.6), (5488.1, 179.2), (5487.6, 118.0), (5486.9, 80.0), (5488.1, 98.4), (5488.0, 152.4), (5487.9, 188.4), (5486.1, 124.9), (5484.6, 81.9), (5488.1, 94.2), (5488.0, 143.8), (5488.0, 197.8), (5486.8, 131.7), (5485.0, 86.1), (5486.5, 90.5), (5488.0, 135.6), (5488.0, 207.4), (5487.6, 138.6), (5487.4, 90.1)]",0,27.47
novice,mario,Mario1-2,Success,3,0,219.56,0.947,"[(112.0, 208.0), (116.5, 226.4), (129.0, 280.4), (149.5, 353.8), (180.2, 314.5), (219.0, 260.9), (259.0, 228.5), (299.0, 219.2), (339.0, 240.0), (379.0, 171.2), (419.0, 122.7), (458.5, 96.1), (498.5, 93.1), (538.5, 122.8), (578.5, 186.8), (618.5, 260.1), (658.5, 275.8), (698.5, 214.6), (738.5, 173.9), (778.5, 156.0), (818.5, 164.1), (858.5, 207.1), (898.5, 203.0), (938.5, 144.3), (978.5, 106.4), (1018.5, 91.4), (1058.5, 103.5), (1098.5, 151.0), (1138.5, 223.4), (1178.5, 296.8), (1218.5, 340.8), (1258.5, 311.6), (1298.5, 305.7), (1338.5, 331.3), (1378.5, 348.9), (1418.4, 285.1), (1424.4, 241.8), (1424.4, 254.2), (1424.4, 303.8), (1430.9, 368.0), (1445.5, 304.0), (1458.1, 320.9), (1477.6, 368.0), (1508.1, 304.0), (1546.2, 320.9), (1586.2, 345.1), (1626.2, 315.8), (1666.2, 309.9), (1706.2, 335.5), (1716.9, 368.0), (1748.6, 368.3), (1788.6, 368.0), (1828.6, 339.8), (1868.6, 306.5), (1908.6, 335.9), (1948.6, 331.4), (1988.6, 310.8), (2028.6, 315.3), (2068.6, 354.2), (2108.6, 314.5), (2128.0, 260.9), (2128.0, 228.5), (2128.0, 219.2), (2128.0, 240.0), (2128.0, 296.4), (2132.5, 368.0), (2143.9, 304.0), (2151.7, 320.9), (2164.5, 368.0), (2184.2, 304.0), (2202.7, 320.9), (2228.5, 368.0), (2265.3, 299.1), (2288.8, 250.6), (2288.8, 224.0), (2288.8, 221.1), (2288.8, 250.8), (2288.8, 314.8), (2297.0, 348.9), (2308.5, 305.1), (2317.5, 330.4), (2334.1, 348.9), (2358.6, 305.1), (2388.7, 330.4), (2426.6, 348.9), (2466.6, 305.1), (2506.6, 330.4), (2546.6, 348.9), (2586.6, 285.1), (2626.6, 241.8), (2666.6, 221.0), (2672.4, 225.2), (2672.4, 263.8), (2674.6, 333.1), (2686.0, 331.0), (2697.4, 272.3), (2704.4, 285.4), (2713.9, 333.9), (2732.7, 331.0), (2752.6, 272.3), (2768.7, 285.4), (2789.9, 333.9), (2820.5, 331.0), (2859.6, 272.3), (2899.6, 285.4), (2939.6, 333.9), (2979.6, 331.0), (3019.6, 272.3), (3059.6, 234.4), (3099.6, 219.4), (3139.6, 231.5), (3179.6, 279.0), (3219.6, 351.4), (3259.6, 314.5), (3280.8, 260.9), (3288.2, 228.5), (3303.8, 219.2), (3327.2, 240.0), (3359.9, 242.9), (3399.8, 181.7), (3439.8, 141.1), (3479.8, 123.1), (3519.8, 131.2), (3559.8, 174.2), (3599.8, 245.4), (3639.8, 318.7), (3664.4, 335.0), (3664.4, 311.5), (3664.4, 312.4), (3664.4, 346.8), (3664.8, 323.5), (3667.5, 267.3), (3679.0, 232.2), (3698.5, 220.0), (3726.0, 236.4), (3761.5, 288.3), (3801.5, 361.5), (3841.5, 306.6), (3857.2, 255.6), (3865.8, 226.1), (3882.2, 219.9), (3906.8, 245.1), (3940.8, 234.1), (3980.8, 175.5), (4020.8, 137.5), (4060.8, 122.5), (4100.8, 134.6), (4140.8, 182.1), (4180.8, 254.5), (4220.8, 327.9), (4240.8, 274.6), (4248.2, 223.6), (4263.8, 194.1), (4287.2, 187.9), (4318.8, 213.1), (4357.5, 211.8), (4397.5, 150.6), (4437.5, 109.9), (4477.5, 92.0), (4517.5, 100.1), (4557.5, 143.1), (4597.5, 133.0), (4637.1, 80.0), (4677.0, 97.3), (4717.0, 149.9), (4757.0, 223.2), (4797.0, 186.5), (4837.0, 132.9), (4877.0, 100.5), (4917.0, 91.2), (4957.0, 112.0), (4997.0, 168.4), (5037.0, 238.0), (5077.0, 169.1), (5117.0, 120.6), (5157.0, 94.0), (5197.0, 91.1), (5237.0, 120.8), (5277.0, 184.8), (5317.0, 258.1), (5357.0, 218.5)]",0,24.02
novice,mario,Mario1-2,Stuck,5,0,198.07,0.969,"[(112.0, 208.0), (116.5, 226.4), (129.0, 280.4), (149.5, 353.8), (180.2, 314.5), (219.0, 260.9), (259.0, 228.5), (299.0, 219.2), (339.0, 240.0), (379.0, 171.2), (419.0, 122.7), (459.0, 96.1), (499.0, 93.1), (539.0, 122.8), (579.0, 186.8), (619.0, 260.1), (659.0, 275.8), (699.0, 214.6), (739.0, 173.9), (779.0, 156.0), (819.0, 164.1), (859.0, 207.1), (899.0, 203.0), (939.0, 144.3), (979.0, 106.4), (1019.0, 91.4), (1059.0, 103.5), (1099.0, 151.0), (1139.0, 223.4), (1179.0, 296.8), (1219.0, 340.8), (1259.0, 311.6), (1299.0, 305.7), (1339.0, 331.3), (1379.0, 348.9), (1419.0, 285.1), (1424.4, 241.8), (1424.4, 254.2), (1424.4, 303.8), (1430.9, 368.0), (1448.4, 304.0), (1473.9, 320.9), (1507.4, 368.0), (1547.4, 304.0), (1587.4, 320.9), (1627.4, 358.1), (1667.4, 326.0), (1707.4, 317.0), (1712.4, 338.1), (1716.9, 368.0), (1748.6, 368.3), (1788.6, 368.0), (1828.6, 339.8), (1868.6, 306.5), (1908.6, 335.9), (1948.6, 331.4), (1988.6, 310.8), (2028.6, 315.3), (2068.6, 354.2), (2108.6, 314.5), (2128.8, 260.9), (2128.8, 228.5), (2128.8, 219.2), (2128.8, 240.0), (2128.8, 296.4), (2131.5, 368.0), (2146.0, 304.0), (2168.5, 320.9), (2199.0, 368.0), (2238.6, 304.0), (2278.6, 320.9), (2318.6, 368.0), (2358.6, 304.0), (2398.6, 320.9), (2438.6, 368.0), (2478.6, 304.0), (2518.6, 320.9), (2558.6, 368.0), (2598.6, 299.1), (2638.6, 250.6), (2671.9, 224.0), (2671.6, 221.1), (2672.1, 250.8), (2673.9, 314.8), (2684.1, 348.9), (2704.6, 285.1), (2733.1, 278.8), (2769.6, 318.5), (2809.6, 348.9), (2849.6, 285.1), (2889.6, 278.8), (2929.6, 318.5), (2969.6, 348.9), (3009.6, 285.1), (3049.6, 241.8), (3089.6, 221.0), (3129.6, 225.2), (3169.6, 263.8), (3209.6, 333.1), (3249.6, 331.0), (3280.1, 272.3), (3285.6, 234.4), (3299.1, 219.4), (3320.6, 231.5), (3350.5, 261.4), (3389.8, 196.1), (3429.8, 151.2), (3469.8, 128.5), (3509.8, 130.1), (3549.8, 165.3), (3589.8, 232.9), (3629.8, 306.2), (3664.0, 358.3), (3665.4, 292.0), (3673.9, 246.0), (3690.4, 222.3), (3714.9, 222.9), (3747.4, 257.0), (3786.7, 323.9), (3826.7, 339.8), (3856.1, 278.6), (3861.6, 237.9), (3875.1, 220.0), (3896.6, 228.1), (3926.1, 271.1), (3965.4, 202.3), (4005.4, 153.7), (4045.4, 127.1), (4085.4, 124.2), (4125.4, 153.9), (4165.4, 217.9), (4205.4, 291.2), (4240.0, 307.8), (4244.5, 246.6), (4257.0, 205.9), (4277.5, 188.0), (4306.0, 196.1), (4342.5, 239.1), (4382.5, 178.6), (4422.5, 127.6), (4462.5, 98.1), (4502.5, 91.9), (4542.5, 117.1), (4582.5, 177.6), (4622.5, 250.9), (4624.8, 324.3), (4633.4, 339.8), (4651.9, 306.5), (4678.4, 335.9), (4713.9, 339.8), (4753.9, 306.5), (4793.9, 335.9), (4833.9, 339.8), (4873.9, 278.6), (4913.9, 237.9), (4953.9, 220.0), (4993.9, 192.9), (5033.9, 131.7), (5073.9, 91.0), (5113.9, 84.8), (5153.9, 121.0), (5193.9, 189.1), (5233.9, 262.4), (5273.9, 210.3), (5313.9, 159.2), (5353.9, 129.7), (5393.9, 123.5), (5433.9, 148.8), (5473.9, 208.0), (5488.7, 139.1), (5488.1, 90.6), (5488.1, 87.4), (5488.1, 128.0), (5488.1, 198.3), (5488.0, 146.1), (5488.1, 95.0), (5488.1, 84.8), (5488.1, 121.0), (5488.1, 189.1), (5488.2, 153.9), (5488.4, 100.3), (5488.4, 82.8), (5488.4, 114.5), (5488.4, 179.9), (5488.2, 162.5), (5488.0, 107.4), (5488.0, 81.3), (5488.0, 108.6), (5488.0, 170.8), (5488.0, 170.5), (5488.4, 111.8), (5488.4, 80.4), (5488.4, 103.2), (5488.4, 161.6), (5488.2, 179.2), (5488.9, 118.0), (5488.8, 80.0), (5488.8, 98.4), (5488.8, 152.4), (5488.0, 188.5), (5488.3, 125.7), (5488.1, 83.5), (5488.1, 94.2), (5488.1, 143.8), (5488.5, 197.7), (5488.0, 131.4)]",0,27.45
novice,mario,Mario1-2,Stuck,5,0,198.34,0.969,"[(112.0, 208.0), (116.5, 226.4), (129.0, 280.4), (149.5, 353.8), (180.2, 314.5), (219.0, 260.9), (259.0, 228.5), (299.0, 219.2), (339.0, 240.0), (379.0, 171.2), (419.0, 122.7), (459.0, 96.1), (499.0, 93.1), (539.0, 122.8), (579.0, 186.8), (619.0, 260.1), (659.0, 275.8), (699.0, 214.6), (739.0, 173.9), (779.0, 156.0), (819.0, 164.1), (859.0, 207.1), (899.0, 203.0), (939.0, 144.3), (979.0, 106.4), (1019.0, 91.4), (1059.0, 103.5), (1099.0, 151.0), (1139.0, 223.4), (1179.0, 296.8), (1219.0, 340.8), (1259.0, 311.6), (1299.0, 305.7), (1339.0, 331.3), (1379.0, 348.9), (1419.0, 285.1), (1424.4, 241.8), (1424.4, 254.2), (1424.4, 303.8), (1430.9, 368.0), (1448.4, 304.0), (1473.9, 320.9), (1507.4, 368.0), (1547.4, 304.0), (1587.4, 320.9), (1627.4, 358.1), (1667.4, 326.0), (1707.4, 317.0), (1712.4, 338.1), (1716.9, 368.0), (1748.6, 368.3), (1788.6, 368.0), (1828.6, 339.8), (1868.6, 306.5), (1908.6, 335.9), (1948.6, 331.4), (1988.6, 310.8), (2028.6, 315.3), (2068.6, 354.2), (2108.6, 314.5), (2128.8, 260.9), (2128.8, 228.5), (2128.8, 219.2), (2128.8, 240.0), (2128.8, 296.4), (2131.5, 368.0), (2146.0, 304.0), (2168.5, 320.9), (2199.0, 368.0), (2238.6, 304.0), (2278.6, 320.9), (2318.6, 368.0), (2358.6, 304.0), (2398.6, 320.9), (2438.6, 368.0), (2478.6, 304.0), (2518.6, 320.9), (2558.6, 368.0), (2598.6, 299.1), (2638.6, 250.6), (2672.1, 224.0), (2672.1, 221.1), (2672.1, 250.8), (2673.9, 314.8), (2684.1, 348.9), (2704.6, 285.1), (2733.1, 278.8), (2769.6, 318.5), (2809.6, 348.9), (2849.6, 285.1), (2889.6, 278.8), (2929.6, 318.5), (2969.6, 348.9), (3009.6, 285.1), (3049.6, 241.8), (3089.6, 221.0), (3129.6, 225.2), (3169.6, 263.8), (3209.6, 333.1), (3249.6, 331.0), (3280.1, 272.3), (3285.6, 234.4), (3299.1, 219.4), (3320.6, 231.5), (3350.5, 261.4), (3389.8, 196.1), (3429.8, 151.2), (3469.8, 128.5), (3509.8, 130.1), (3549.8, 165.3), (3589.8, 232.9), (3629.8, 306.2), (3664.0, 358.3), (3665.2, 292.0), (3673.8, 246.0), (3690.2, 222.3), (3714.8, 222.9), (3747.2, 257.0), (3786.5, 323.9), (3826.5, 339.8), (3856.1, 278.6), (3861.6, 237.9), (3875.1, 220.0), (3896.6, 228.1), (3926.1, 271.1), (3965.4, 202.3), (4005.4, 153.7), (4045.4, 127.1), (4085.4, 124.2), (4125.4, 153.9), (4165.4, 217.9), (4205.4, 291.2), (4240.0, 307.8), (4244.5, 246.6), (4257.0, 205.9), (4277.5, 188.0), (4306.0, 196.1), (4342.5, 239.1), (4382.5, 178.6), (4422.5, 127.6), (4462.5, 98.1), (4502.5, 91.9), (4542.5, 117.1), (4582.5, 177.6), (4622.5, 250.9), (4624.8, 324.3), (4633.4, 339.8), (4651.9, 306.5), (4678.4, 335.9), (4713.9, 339.8), (4753.9, 306.5), (4793.9, 335.9), (4833.9, 339.8), (4873.9, 278.6), (4913.9, 237.9), (4953.9, 220.0), (4993.9, 192.9), (5033.9, 131.7), (5073.9, 91.0), (5113.9, 84.8), (5153.9, 121.0), (5193.9, 189.1), (5233.9, 262.4), (5273.9, 210.3), (5313.9, 159.2), (5353.9, 129.7), (5393.9, 123.5), (5433.9, 148.8), (5473.9, 208.0), (5488.0, 139.1), (5488.0, 90.6), (5488.0, 87.4), (5488.0, 128.0), (5488.0, 198.3), (5488.1, 146.1), (5488.1, 95.0), (5488.1, 84.8), (5488.1, 121.0), (5488.1, 189.1), (5488.3, 153.9), (5488.1, 100.3), (5488.1, 82.8), (5488.1, 114.5), (5488.1, 179.9), (5488.8, 162.5), (5488.8, 107.4), (5488.8, 81.3), (5488.8, 108.6), (5488.8, 170.8), (5488.0, 170.5), (5488.1, 111.8), (5488.1, 80.4), (5488.1, 103.2), (5488.1, 161.6), (5488.2, 179.2), (5488.4, 118.0), (5488.4, 80.0), (5488.4, 98.4), (5488.4, 152.4), (5488.0, 188.5), (5488.0, 125.7), (5488.0, 83.5), (5488.0, 94.2), (5488.0, 143.8), (5488.0, 197.7), (5488.4, 131.4)]",0,27.45
novice,mario,Mario1-2,Stuck,4,0,197.88,0.969,"[(112.0, 208.0), (116.5, 226.4), (129.0, 280.4), (149.5, 353.8), (180.2, 314.5), (219.0, 260.9), (259.0, 228.5), (299.0, 219.2), (339.0, 240.0), (379.0, 171.2), (419.0, 122.7), (459.0, 96.1), (499.0, 93.1), (539.0, 122.8), (579.0, 186.8), (619.0, 260.1), (659.0, 275.8), (699.0, 214.6), (739.0, 173.9), (779.0, 156.0), (819.0, 164.1), (859.0, 207.1), (899.0, 203.0), (939.0, 144.3), (979.0, 106.4), (1019.0, 91.4), (1059.0, 103.5), (1099.0, 151.0), (1139.0, 223.4), (1179.0, 296.8), (1219.0, 340.8), (1259.0, 311.6), (1299.0, 305.7), (1339.0, 331.3), (1379.0, 348.9), (1419.0, 285.1), (1424.4, 241.8), (1424.4, 254.2), (1424.4, 303.8), (1430.9, 368.0), (1448.4, 304.0), (1473.9, 320.9), (1507.4, 368.0), (1547.4, 304.0), (1587.4, 320.9), (1627.4, 358.1), (1667.4, 326.0), (1707.4, 317.0), (1712.4, 338.1), (1716.9, 368.0), (1748.6, 368.3), (1788.6, 368.0), (1828.6, 339.8), (1868.6, 306.5), (1908.6, 335.9), (1948.6, 331.4), (1988.6, 310.8), (2028.6, 315.3), (2068.6, 354.2), (2108.6, 314.5), (2128.8, 260.9), (2128.8, 228.5), (2128.8, 219.2), (2128.8, 240.0), (2128.8, 296.4), (2131.5, 368.0), (2146.0, 304.0), (2168.5, 320.9), (2199.0, 368.0), (2238.6, 304.0), (2278.6, 320.9), (2318.6, 368.0), (2358.6, 304.0), (2398.6, 320.9), (2438.6, 368.0), (2478.6, 304.0), (2518.6, 320.9), (2558.6, 368.0), (2598.6, 299.1), (2638.6, 250.6), (2672.0, 224.0), (2672.4, 221.1), (2672.4, 250.8), (2674.6, 314.8), (2685.9, 348.9), (2707.4, 285.1), (2736.9, 278.8), (2774.2, 318.5), (2814.2, 348.9), (2854.2, 285.1), (2894.2, 278.8), (2934.2, 318.5), (2974.2, 348.9), (3014.2, 285.1), (3054.2, 241.8), (3094.2, 221.0), (3134.2, 225.2), (3174.2, 263.8), (3214.2, 333.1), (3254.2, 331.0), (3280.4, 272.3), (3286.9, 234.4), (3301.4, 219.4), (3323.9, 231.5), (3354.8, 261.4), (3394.4, 195.1), (3434.4, 149.2), (3474.4, 125.4), (3514.4, 126.0), (3554.4, 160.1), (3594.4, 227.0), (3634.4, 300.4), (3664.1, 368.0), (3664.4, 299.1), (3670.9, 250.6), (3685.4, 224.0), (3707.9, 221.1), (3738.4, 250.8), (3776.5, 314.8), (3816.5, 348.9), (3856.5, 285.1), (3859.5, 241.8), (3871.0, 221.0), (3890.5, 225.2), (3918.0, 263.8), (3955.8, 209.8), (3995.8, 158.7), (4035.8, 129.2), (4075.8, 123.0), (4115.8, 148.3), (4155.8, 208.7), (4195.8, 282.0), (4235.8, 316.9), (4242.6, 253.1), (4253.1, 209.8), (4271.6, 189.0), (4298.1, 193.2), (4332.6, 231.8), (4372.5, 186.5), (4412.5, 132.9), (4452.5, 100.5), (4492.5, 91.2), (4532.5, 112.0), (4572.5, 168.4), (4612.5, 241.8), (4624.1, 315.1), (4630.4, 348.9), (4646.9, 305.1), (4671.4, 330.4), (4704.6, 348.9), (4744.6, 305.1), (4784.6, 330.4), (4824.6, 348.9), (4864.6, 285.1), (4904.6, 241.8), (4944.6, 221.0), (4984.6, 202.0), (5024.6, 138.2), (5064.6, 94.9), (5104.6, 82.8), (5144.6, 114.5), (5184.6, 179.9), (5224.6, 253.3), (5264.6, 218.1), (5304.6, 164.5), (5344.6, 132.1), (5384.6, 122.8), (5424.6, 143.7), (5464.6, 200.0), (5488.8, 146.6), (5488.8, 95.6), (5488.8, 84.8), (5488.8, 121.0), (5488.8, 189.1), (5488.2, 154.5), (5488.0, 102.0), (5488.0, 82.8), (5488.0, 114.5), (5488.0, 179.9), (5488.0, 162.0), (5488.4, 105.9), (5488.4, 81.3), (5488.4, 108.6), (5488.4, 170.8), (5488.2, 170.5), (5488.8, 111.8), (5488.8, 80.4), (5488.8, 103.2), (5488.8, 161.6), (5488.1, 179.5), (5488.1, 119.3), (5488.1, 80.0), (5488.1, 98.4), (5488.1, 152.4), (5488.0, 188.3), (5488.8, 124.6), (5488.8, 81.3), (5488.8, 94.2), (5488.8, 143.8), (5488.0, 197.7), (5488.0, 131.4), (5488.0, 85.5), (5488.0, 90.5), (5488.0, 135.6), (5488.0, 207.4), (5488.6, 139.5), (5488.4, 92.0)]",0,27.48
novice,mario,Mario1-2,Stuck,1,0,197.9,0.969,"[(112.0, 208.0), (116.5, 226.4), (129.0, 280.4), (149.5, 353.8), (180.2, 314.5), (219.0, 260.9), (259.0, 228.5), (299.0, 219.2), (339.0, 240.0), (379.0, 171.2), (419.0, 122.7), (459.0, 96.1), (499.0, 93.1), (539.0, 122.8), (579.0, 186.8), (619.0, 260.1), (659.0, 275.8), (699.0, 214.6), (739.0, 173.9), (779.0, 156.0), (819.0, 164.1), (859.0, 207.1), (899.0, 203.0), (939.0, 144.3), (979.0, 106.4), (1019.0, 91.4), (1059.0, 103.5), (1099.0, 151.0), (1139.0, 223.4), (1179.0, 296.8), (1219.0, 340.8), (1259.0, 311.6), (1299.0, 305.7), (1339.0, 331.3), (1379.0, 348.9), (1419.0, 285.1), (1424.4, 241.8), (1424.4, 254.2), (1424.4, 303.8), (1430.9, 368.0), (1448.4, 304.0), (1473.9, 320.9), (1507.4, 368.0), (1547.4, 304.0), (1587.4, 320.9), (1627.4, 358.1), (1667.4, 326.0), (1707.4, 317.0), (1712.4, 338.1), (1716.9, 368.0), (1748.6, 368.3), (1788.6, 368.0), (1828.6, 339.8), (1868.6, 306.5), (1908.6, 335.9), (1948.6, 331.4), (1988.6, 310.8), (2028.6, 315.3), (2068.6, 354.2), (2108.6, 314.5), (2128.8, 260.9), (2128.8, 228.5), (2128.8, 219.2), (2128.8, 240.0), (2128.8, 296.4), (2131.5, 368.0), (2146.0, 304.0), (2168.5, 320.9), (2199.0, 368.0), (2238.6, 304.0), (2278.6, 320.9), (2318.6, 368.0), (2358.6, 304.0), (2398.6, 320.9), (2438.6, 368.0), (2478.6, 304.0), (2518.6, 320.9), (2558.6, 368.0), (2598.6, 299.1), (2638.6, 250.6), (2671.9, 224.0), (2671.6, 221.1), (2670.9, 250.8), (2674.4, 314.8), (2686.6, 348.9), (2709.1, 285.1), (2739.6, 278.8), (2777.8, 318.5), (2817.8, 348.9), (2857.8, 285.1), (2897.8, 278.8), (2937.8, 318.5), (2977.8, 348.9), (3017.8, 285.1), (3057.8, 241.8), (3097.8, 221.0), (3137.8, 225.2), (3177.8, 263.8), (3217.8, 333.1), (3257.8, 331.0), (3280.8, 272.3), (3288.2, 234.4), (3303.8, 219.4), (3327.2, 231.5), (3359.1, 261.4), (3399.0, 195.1), (3439.0, 149.2), (3479.0, 125.4), (3519.0, 126.0), (3559.0, 160.1), (3599.0, 227.0), (3639.0, 300.4), (3664.0, 368.0), (3664.8, 299.4), (3672.2, 251.2), (3687.8, 224.9), (3711.2, 222.3), (3742.8, 252.3), (3781.5, 316.4), (3821.5, 348.9), (3856.0, 285.1), (3860.5, 241.8), (3873.0, 221.0), (3893.5, 225.2), (3922.0, 263.8), (3960.4, 209.8), (4000.4, 158.7), (4040.4, 129.2), (4080.4, 123.0), (4120.4, 148.3), (4160.4, 208.7), (4200.4, 282.0), (4240.4, 316.9), (4243.5, 253.1), (4255.0, 209.8), (4274.5, 189.0), (4302.0, 193.2), (4337.5, 231.8), (4377.5, 186.5), (4417.5, 132.9), (4457.5, 100.5), (4497.5, 91.2), (4537.5, 112.0), (4577.5, 168.4), (4617.5, 241.8), (4624.4, 315.1), (4631.6, 348.9), (4649.1, 305.1), (4674.6, 330.4), (4708.9, 348.9), (4748.9, 305.1), (4788.9, 330.4), (4828.9, 348.9), (4868.9, 285.1), (4908.9, 241.8), (4948.9, 221.0), (4988.9, 202.0), (5028.9, 138.2), (5068.9, 94.9), (5108.9, 82.8), (5148.9, 114.5), (5188.9, 179.9), (5228.9, 253.3), (5268.9, 218.1), (5308.9, 164.5), (5348.9, 132.1), (5388.9, 122.8), (5428.9, 143.7), (5468.9, 200.0), (5488.8, 146.6), (5488.8, 95.6), (5488.8, 84.8), (5488.8, 121.0), (5488.6, 189.1), (5488.1, 153.9), (5488.1, 100.3), (5488.1, 82.8), (5488.1, 114.5), (5488.0, 179.9), (5488.0, 162.2), (5488.0, 106.4), (5488.0, 81.3), (5488.0, 108.6), (5488.2, 170.8), (5488.6, 170.6), (5488.4, 112.2), (5488.4, 80.4), (5488.4, 103.2), (5488.2, 161.6), (5488.1, 179.2), (5488.1, 118.0), (5488.1, 80.0), (5488.1, 98.4), (5488.1, 152.4), (5488.8, 188.4), (5488.8, 124.9), (5488.8, 81.9), (5488.8, 94.2), (5488.8, 143.8), (5488.7, 197.8), (5488.1, 131.7), (5488.1, 86.1), (5488.1, 90.5), (5488.1, 135.6), (5488.7, 207.4), (5488.8, 138.6), (5488.8, 90.1)]",0,27.47
novice,mario,Mario1-2,Stuck,1,0,198.12,0.969,"[(112.0, 208.0), (116.5, 226.4), (129.0, 280.4), (149.5, 353.8), (180.2, 314.5), (219.0, 260.9), (259.0, 228.5), (299.0, 219.2), (339.0, 240.0), (379.0, 171.2), (419.0, 122.7), (459.0, 96.1), (499.0, 93.1), (539.0, 122.8), (579.0, 186.8), (619.0, 260.1), (659.0, 275.8), (699.0, 214.6), (739.0, 173.9), (779.0, 156.0), (819.0, 164.1), (859.0, 207.1), (899.0, 203.0), (939.0, 144.3), (979.0, 106.4), (1019.0, 91.4), (1059.0, 103.5), (1099.0, 151.0), (1139.0, 223.4), (1179.0, 296.8), (1219.0, 340.8), (1259.0, 311.6), (1299.0, 305.7), (1339.0, 331.3), (1379.0, 348.9), (1419.0, 285.1), (1424.4, 241.8), (1424.4, 254.2), (1424.4, 303.8), (1430.9, 368.0), (1448.4, 304.0), (1473.9, 320.9), (1507.4, 368.0), (1547.4, 304.0), (1587.4, 320.9), (1627.4, 358.1), (1667.4, 326.0), (1707.4, 317.0), (1712.4, 338.1), (1716.9, 368.0), (1748.6, 368.3), (1788.6, 368.0), (1828.6, 339.8), (1868.6, 306.5), (1908.6, 335.9), (1948.6, 331.4), (1988.6, 310.8), (2028.6, 315.3), (2068.6, 354.2), (2108.6, 314.5), (2128.8, 260.9), (2128.8, 228.5), (2128.8, 219.2), (2128.8, 240.0), (2128.8, 296.4), (2131.5, 368.0), (2146.0, 304.0), (2168.5, 320.9), (2199.0, 368.0), (2238.6, 304.0), (2278.6, 320.9), (2318.6, 368.0), (2358.6, 304.0), (2398.6, 320.9), (2438.6, 368.0), (2478.6, 304.0), (2518.6, 320.9), (2558.6, 368.0), (2598.6, 299.1), (2638.6, 250.6), (2672.1, 224.0), (2672.1, 221.1), (2672.1, 250.8), (2673.9, 314.8), (2684.1, 348.9), (2704.6, 285.1), (2733.1, 278.8), (2769.6, 318.5), (2809.6, 348.9), (2849.6, 285.1), (2889.6, 278.8), (2929.6, 318.5), (2969.6, 348.9), (3009.6, 285.1), (3049.6, 241.8), (3089.6, 221.0), (3129.6, 225.2), (3169.6, 263.8), (3209.6, 333.1), (3249.6, 331.0), (3280.1, 272.3), (3285.6, 234.4), (3299.1, 219.4), (3320.6, 231.5), (3350.5, 261.4), (3389.8, 195.1), (3429.8, 149.2), (3469.8, 125.4), (3509.8, 126.0), (3549.8, 160.1), (3589.8, 227.0), (3629.8, 300.4), (3664.0, 368.0), (3664.4, 299.1), (3670.9, 250.6), (3685.4, 224.0), (3707.9, 221.1), (3738.4, 250.8), (3776.5, 314.8), (3816.5, 348.9), (3856.5, 285.1), (3859.5, 241.8), (3871.0, 221.0), (3890.5, 225.2), (3918.0, 263.8), (3955.8, 209.8), (3995.8, 158.7), (4035.8, 129.2), (4075.8, 123.0), (4115.8, 148.3), (4155.8, 208.7), (4195.8, 282.0), (4235.8, 316.9), (4242.6, 253.1), (4253.1, 209.8), (4271.6, 189.0), (4298.1, 193.2), (4332.6, 231.8), (4372.5, 186.5), (4412.5, 132.9), (4452.5, 100.5), (4492.5, 91.2), (4532.5, 112.0), (4572.5, 168.4), (4612.5, 241.8), (4624.1, 315.1), (4630.4, 348.9), (4646.9, 305.1), (4671.4, 330.4), (4704.6, 348.9), (4744.6, 305.1), (4784.6, 330.4), (4824.6, 348.9), (4864.6, 285.1), (4904.6, 241.8), (4944.6, 221.0), (4984.6, 202.0), (5024.6, 138.2), (5064.6, 94.9), (5104.6, 82.8), (5144.6, 114.5), (5184.6, 179.9), (5224.6, 253.3), (5264.6, 218.1), (5304.6, 164.5), (5344.6, 132.1), (5384.6, 122.8), (5424.6, 143.7), (5464.6, 200.0), (5488.8, 146.6), (5488.8, 95.6), (5488.8, 84.8), (5488.8, 121.0), (5488.8, 189.1), (5488.0, 153.9), (5488.0, 100.3), (5488.0, 82.8), (5488.0, 114.5), (5488.0, 179.9), (5488.0, 162.0), (5488.0, 105.9), (5488.0, 81.3), (5488.0, 108.6), (5488.0, 170.8), (5488.4, 170.5), (5488.4, 111.8), (5488.4, 80.4), (5488.4, 103.2), (5488.4, 161.6), (5488.4, 179.2), (5488.4, 118.0), (5488.4, 80.0), (5488.4, 98.4), (5488.4, 152.4), (5488.0, 188.3), (5488.0, 124.6), (5488.0, 81.3), (5488.0, 94.2), (5488.0, 143.8), (5488.0, 197.7), (5488.0, 131.4), (5488.0, 85.5), (5488.0, 90.5), (5488.0, 135.6), (5488.0, 207.4), (5488.4, 138.6), (5488.4, 90.1)]",0,27.48
novice,mario,Mario1-2,Stuck,1,0,197.5,0.969,"[(112.0, 208.0), (116.5, 226.4), (129.0, 280.4), (149.5, 353.8), (180.2, 314.5), (219.0, 260.9), (259.0, 228.5), (299.0, 219.2), (339.0, 240.0), (379.0, 171.2), (419.0, 122.7), (459.0, 96.1), (499.0, 93.1), (539.0, 122.8), (579.0, 186.8), (619.0, 260.1), (659.0, 275.8), (699.0, 214.6), (739.0, 173.9), (779.0, 156.0), (819.0, 164.1), (859.0, 207.1), (899.0, 203.0), (939.0, 144.3), (979.0, 106.4), (1019.0, 91.4), (1059.0, 103.5), (1099.0, 151.0), (1139.0, 223.4), (1179.0, 296.8), (1219.0, 340.8), (1259.0, 311.6), (1299.0, 305.7), (1339.0, 331.3), (1379.0, 348.9), (1419.0, 285.1), (1424.4, 241.8), (1424.4, 254.2), (1424.4, 303.8), (1430.9, 368.0), (1448.4, 304.0), (1473.9, 320.9), (1507.4, 368.0), (1547.4, 304.0), (1587.4, 320.9), (1627.4, 358.1), (1667.4, 326.0), (1707.4, 317.0), (1712.4, 338.1), (1716.9, 368.0), (1748.6, 368.3), (1788.6, 368.0), (1828.6, 339.8), (1868.6, 306.5), (1908.6, 335.9), (1948.6, 331.4), (1988.6, 310.8), (2028.6, 315.3), (2068.6, 354.2), (2108.6, 314.5), (2128.8, 260.9), (2128.8, 228.5), (2128.8, 219.2), (2128.8, 240.0), (2128.8, 296.4), (2131.5, 368.0), (2146.0, 304.0), (2168.5, 320.9), (2199.0, 368.0), (2238.6, 304.0), (2278.6, 320.9), (2318.6, 368.0), (2358.6, 304.0), (2398.6, 320.9), (2438.6, 368.0), (2478.6, 304.0), (2518.6, 320.9), (2558.6, 368.0), (2598.6, 299.1), (2638.6, 250.6), (2672.0, 224.0), (2672.4, 221.1), (2672.4, 250.8), (2674.6, 314.8), (2685.9, 348.9), (2707.4, 285.1), (2736.9, 278.8), (2774.2, 318.5), (2814.2, 348.9), (2854.2, 285.1), (2894.2, 278.8), (2934.2, 318.5), (2974.2, 348.9), (3014.2, 285.1), (3054.2, 241.8), (3094.2, 221.0), (3134.2, 225.2), (3174.2, 263.8), (3214.2, 333.1), (3254.2, 331.0), (3280.4, 272.3), (3286.9, 234.4), (3301.4, 219.4), (3323.9, 231.5), (3354.8, 261.4), (3394.4, 195.1), (3434.4, 149.2), (3474.4, 125.4), (3514.4, 126.0), (3554.4, 160.1), (3594.4, 227.0), (3634.4, 300.4), (3664.1, 368.0), (3664.4, 299.1), (3670.9, 250.6), (3685.4, 224.0), (3707.9, 221.1), (3738.4, 250.8), (3776.5, 314.8), (3816.5, 348.9), (3856.5, 285.1), (3859.5, 241.8), (3871.0, 221.0), (3890.5, 225.2), (3918.0, 263.8), (3955.8, 209.8), (3995.8, 158.7), (4035.8, 129.2), (4075.8, 123.0), (4115.8, 148.3), (4155.8, 208.7), (4195.8, 282.0), (4235.8, 316.9), (4242.6, 253.1), (4253.1, 209.8), (4271.6, 189.0), (4298.1, 193.2), (4332.6, 231.8), (4372.5, 186.5), (4412.5, 132.9), (4452.5, 100.5), (4492.5, 91.2), (4532.5, 112.0), (4572.5, 168.4), (4612.5, 241.8), (4624.1, 315.1), (4630.4, 348.9), (4646.9, 305.1), (4671.4, 330.4), (4704.6, 348.9), (4744.6, 305.1), (4784.6, 330.4), (4824.6, 348.9), (4864.6, 285.1), (4904.6, 241.8), (4944.6, 221.0), (4984.6, 202.0), (5024.6, 138.2), (5064.6, 94.9), (5104.6, 82.8), (5144.6, 114.5), (5184.6, 179.9), (5224.6, 253.3), (5264.6, 218.1), (5304.6, 164.5), (5344.6, 132.1), (5384.6, 122.8), (5424.6, 143.7), (5464.6, 200.0), (5488.2, 146.6), (5488.3, 95.6), (5488.1, 84.8), (5488.1, 121.0), (5488.1, 189.1), (5488.7, 153.9), (5488.0, 100.3), (5488.0, 82.8), (5488.0, 114.5), (5488.0, 179.9), (5488.0, 162.0), (5488.0, 105.9), (5488.0, 81.3), (5488.0, 108.6), (5488.0, 170.8), (5488.0, 170.5), (5488.0, 111.8), (5488.4, 80.4), (5488.4, 103.2), (5488.4, 161.6), (5488.4, 179.2), (5488.7, 118.0), (5488.1, 80.0), (5488.1, 98.4), (5488.1, 152.4), (5488.0, 188.3), (5488.0, 124.6), (5488.1, 81.3), (5488.1, 94.2), (5488.1, 143.8), (5488.5, 197.7), (5488.0, 131.4), (5488.8, 85.5), (5488.8, 90.5), (5488.8, 135.6), (5488.8, 207.4), (5488.7, 138.6), (5488.4, 90.1)]",0,27.48
novice,mario,Mario1-2,Enemy,1,0,222.44,0.341,"[(112.0, 208.0), (116.5, 226.4), (129.0, 280.4), (149.5, 353.8), (180.2, 314.5), (219.0, 260.9), (259.0, 228.5), (299.0, 219.2), (339.0, 240.0), (379.0, 171.2), (419.0, 122.7), (459.0, 96.1), (499.0, 93.1), (539.0, 122.8), (579.0, 186.8), (619.0, 260.1), (659.0, 275.8), (699.0, 214.6), (739.0, 173.9), (779.0, 156.0), (819.0, 164.1), (859.0, 207.1), (899.0, 203.0), (939.0, 144.3), (979.0, 106.4), (1019.0, 91.4), (1059.0, 103.5), (1099.0, 151.0), (1139.0, 223.4), (1179.0, 296.8), (1219.0, 340.8), (1259.0, 311.6), (1299.0, 305.7), (1339.0, 331.3), (1379.0, 348.9), (1419.0, 285.1), (1424.0, 241.8), (1424.0, 254.2), (1424.0, 303.8), (1428.5, 368.0), (1441.1, 304.0), (1455.2, 320.9), (1477.4, 368.0), (1510.6, 304.0), (1550.1, 320.9), (1590.1, 368.0), (1630.1, 299.1), (1648.0, 250.6), (1648.0, 224.0), (1648.0, 221.1), (1648.8, 250.8), (1648.8, 314.8), (1656.2, 331.0), (1671.8, 307.6), (1695.2, 308.4), (1712.8, 342.9), (1719.2, 368.0), (1753.6, 368.0), (1793.6, 368.3), (1833.6, 331.0), (1873.6, 308.3), (1913.6, 342.1)]",0,8.22
novice,mario,Mario1-2,Enemy,2,0,223.01,0.341,"[(112.0, 208.0), (116.5, 226.4), (129.0, 280.4), (149.5, 353.8), (180.2, 314.5), (219.0, 260.9), (259.0, 228.5), (299.0, 219.2), (339.0, 240.0), (379.0, 171.2), (419.0, 122.7), (459.0, 96.1), (499.0, 93.1), (539.0, 122.8), (579.0, 186.8), (619.0, 260.1), (659.0, 275.8), (699.0, 214.6), (739.0, 173.9), (779.0, 156.0), (819.0, 164.1), (859.0, 207.1), (899.0, 203.0), (939.0, 144.3), (979.0, 106.4), (1019.0, 91.4), (1059.0, 103.5), (1099.0, 151.0), (1139.0, 223.4), (1179.0, 296.8), (1219.0, 340.8), (1259.0, 311.6), (1299.0, 305.7), (1339.0, 331.3), (1379.0, 348.9), (1419.0, 285.1), (1424.4, 241.8), (1424.4, 254.2), (1424.4, 303.8), (1430.9, 368.0), (1445.5, 304.0), (1461.6, 320.9), (1485.8, 368.0), (1521.0, 304.0), (1560.9, 320.9), (1600.9, 368.0), (1640.9, 299.1), (1648.1, 250.6), (1648.9, 224.0), (1648.8, 221.1), (1648.8, 250.8), (1648.8, 314.8), (1656.2, 331.0), (1671.8, 307.6), (1695.2, 308.4), (1712.8, 342.9), (1719.2, 368.0), (1753.6, 368.0), (1793.6, 368.3), (1833.6, 331.0), (1873.6, 308.3), (1913.6, 342.1)]",0,8.22
novice,mario,Mario1-2,Stuck,3,0,199.0,0.969,"[(112.0, 208.0), (116.5, 226.4), (129.0, 280.4), (149.5, 353.8), (180.2, 314.5), (219.0, 260.9), (259.0, 228.5), (299.0, 219.2), (339.0, 240.0), (379.0, 171.2), (419.0, 122.7), (459.0, 96.1), (499.0, 93.1), (539.0, 122.8), (579.0, 186.8), (619.0, 260.1), (659.0, 275.8), (699.0, 214.6), (739.0, 173.9), (779.0, 156.0), (819.0, 164.1), (859.0, 207.1), (899.0, 203.0), (939.0, 144.3), (979.0, 106.4), (1019.0, 91.4), (1059.0, 103.5), (1099.0, 151.0), (1139.0, 223.4), (1179.0, 296.8), (1219.0, 340.8), (1259.0, 311.6), (1299.0, 305.7), (1339.0, 331.3), (1379.0, 348.9), (1419.0, 285.1), (1424.4, 241.8), (1424.4, 254.2), (1424.4, 303.8), (1430.9, 368.0), (1448.4, 304.0), (1473.9, 320.9), (1507.4, 368.0), (1547.4, 304.0), (1587.4, 320.9), (1627.4, 358.1), (1667.4, 326.0), (1707.4, 317.0), (1712.4, 338.1), (1716.9, 368.0), (1748.6, 368.3), (1788.6, 368.0), (1828.6, 339.8), (1868.6, 306.5), (1908.6, 335.9), (1948.6, 331.4), (1988.6, 310.8), (2028.6, 315.3), (2068.6, 354.2), (2108.6, 314.5), (2128.8, 260.9), (2128.8, 228.5), (2128.8, 219.2), (2128.8, 240.0), (2128.8, 296.4), (2131.5, 368.0), (2146.0, 304.0), (2168.5, 320.9), (2199.0, 368.0), (2238.6, 304.0), (2278.6, 320.9), (2318.6, 368.0), (2358.6, 304.0), (2398.6, 320.9), (2438.6, 368.0), (2478.6, 304.0), (2518.6, 320.9), (2558.6, 368.0), (2598.6, 299.1), (2638.6, 250.6), (2671.9, 224.0), (2671.6, 221.1), (2672.1, 250.8), (2673.9, 314.8), (2684.1, 348.9), (2704.6, 285.1), (2733.1, 278.8), (2769.6, 318.5), (2809.6, 348.9), (2849.6, 285.1), (2889.6, 278.8), (2929.6, 318.5), (2969.6, 348.9), (3009.6, 285.1), (3049.6, 241.8), (3089.6, 221.0), (3129.6, 225.2), (3169.6, 263.8), (3209.6, 333.1), (3249.6, 331.0), (3280.1, 272.3), (3285.6, 234.4), (3299.1, 219.4), (3320.6, 231.5), (3350.5, 261.4), (3389.8, 196.1), (3429.8, 151.2), (3469.8, 128.5), (3509.8, 130.1), (3549.8, 165.3), (3589.8, 232.9), (3629.8, 306.2), (3664.0, 358.3), (3665.2, 292.0), (3673.8, 246.0), (3690.2, 222.3), (3714.8, 222.9), (3747.2, 257.0), (3786.5, 323.9), (3826.5, 339.8), (3856.1, 278.6), (3861.6, 237.9), (3875.1, 220.0), (3896.6, 228.1), (3926.1, 271.1), (3965.4, 202.3), (4005.4, 153.7), (4045.4, 127.1), (4085.4, 124.2), (4125.4, 153.9), (4165.4, 217.9), (4205.4, 291.2), (4240.0, 307.8), (4244.5, 246.6), (4257.0, 205.9), (4277.5, 188.0), (4306.0, 196.1), (4342.5, 239.1), (4382.5, 178.6), (4422.5, 127.6), (4462.5, 98.1), (4502.5, 91.9), (4542.5, 117.1), (4582.5, 177.6), (4622.5, 250.9), (4624.8, 324.3), (4633.4, 339.8), (4651.9, 306.5), (4678.4, 335.9), (4713.9, 339.8), (4753.9, 306.5), (4793.9, 335.9), (4833.9, 339.8), (4873.9, 278.6), (4913.9, 237.9), (4953.9, 220.0), (4993.9, 192.9), (5033.9, 131.7), (5073.9, 91.0), (5113.9, 84.8), (5153.9, 121.0), (5193.9, 189.1), (5233.9, 262.4), (5273.9, 210.3), (5313.9, 159.2), (5353.9, 129.7), (5393.9, 123.5), (5433.9, 148.8), (5473.9, 208.0), (5488.0, 139.1), (5488.0, 90.6), (5488.0, 87.4), (5488.0, 128.0), (5488.0, 198.3), (5488.5, 208.0), (5488.5, 208.0), (5488.5, 208.0), (5488.5, 208.0), (5488.5, 208.0), (5488.5, 208.0), (5488.5, 208.0), (5488.5, 208.0), (5488.5, 208.0), (5488.5, 208.0), (5488.5, 208.0), (5488.5, 208.0), (5488.5, 208.0), (5488.5, 208.0), (5488.5, 208.0), (5488.5, 208.0), (5488.5, 208.0), (5488.5, 208.0), (5488.5, 208.0), (5488.5, 208.0), (5488.5, 208.0), (5488.5, 208.0), (5488.5, 208.0), (5488.5, 208.0), (5488.5, 208.0), (5488.5, 208.0), (5488.5, 208.0), (5488.5, 208.0), (5488.5, 208.0), (5488.5, 208.0), (5488.5, 208.0), (5488.5, 208.0)]",0,27.45
novice,mario,Mario1-2,Success,3,0,219.56,0.947,"[(112.0, 208.0), (116.5, 226.4), (129.0, 280.4), (149.5, 353.8), (180.2, 314.5), (219.0, 260.9), (259.0, 228.5), (299.0, 219.2), (339.0, 240.0), (379.0, 171.2), (419.0, 122.7), (458.5, 96.1), (498.5, 93.1), (538.5, 122.8), (578.5, 186.8), (618.5, 260.1), (658.5, 275.8), (698.5, 214.6), (738.5, 173.9), (778.5, 156.0), (818.5, 164.1), (858.5, 207.1), (898.5, 203.0), (938.5, 144.3), (978.5, 106.4), (1018.5, 91.4), (1058.5, 103.5), (1098.5, 151.0), (1138.5, 223.4), (1178.5, 296.8), (1218.5, 340.8), (1258.5, 311.6), (1298.5, 305.7), (1338.5, 331.3), (1378.5, 348.9), (1418.4, 285.1), (1424.4, 241.8), (1424.4, 254.2), (1424.4, 303.8), (1430.9, 368.0), (1445.5, 304.0), (1458.1, 320.9), (1477.6, 368.0), (1508.1, 304.0), (1546.2, 320.9), (1586.2, 345.1), (1626.2, 315.8), (1666.2, 309.9), (1706.2, 335.5), (1716.9, 368.0), (1748.6, 368.3), (1788.6, 368.0), (1828.6, 339.8), (1868.6, 306.5), (1908.6, 335.9), (1948.6, 331.4), (1988.6, 310.8), (2028.6, 315.3), (2068.6, 354.2), (2108.6, 314.5), (2128.0, 260.9), (2128.0, 228.5), (2128.0, 219.2), (2128.0, 240.0), (2128.0, 296.4), (2132.5, 368.0), (2143.9, 304.0), (2151.7, 320.9), (2164.5, 368.0), (2184.2, 304.0), (2202.7, 320.9), (2228.5, 368.0), (2265.3, 299.1), (2288.8, 250.6), (2288.8, 224.0), (2288.8, 221.1), (2288.8, 250.8), (2288.8, 314.8), (2297.0, 348.9), (2308.5, 305.1), (2317.5, 330.4), (2334.1, 348.9), (2358.6, 305.1), (2388.7, 330.4), (2426.6, 348.9), (2466.6, 305.1), (2506.6, 330.4), (2546.6, 348.9), (2586.6, 285.1), (2626.6, 241.8), (2666.6, 221.0), (2672.4, 225.2), (2672.4, 263.8), (2674.6, 333.1), (2686.0, 331.0), (2697.4, 272.3), (2704.4, 285.4), (2713.9, 333.9), (2732.7, 331.0), (2752.6, 272.3), (2768.7, 285.4), (2789.9, 333.9), (2820.5, 331.0), (2859.6, 272.3), (2899.6, 285.4), (2939.6, 333.9), (2979.6, 331.0), (3019.6, 272.3), (3059.6, 234.4), (3099.6, 219.4), (3139.6, 231.5), (3179.6, 279.0), (3219.6, 351.4), (3259.6, 314.5), (3280.8, 260.9), (3288.2, 228.5), (3303.8, 219.2), (3327.2, 240.0), (3359.9, 242.9), (3399.8, 181.7), (3439.8, 141.1), (3479.8, 123.1), (3519.8, 131.2), (3559.8, 174.2), (3599.8, 245.4), (3639.8, 318.7), (3664.4, 335.0), (3664.4, 311.5), (3664.4, 312.4), (3664.4, 346.8), (3664.8, 323.5), (3667.5, 267.3), (3679.0, 232.2), (3698.5, 220.0), (3726.0, 236.4), (3761.5, 288.3), (3801.5, 361.5), (3841.5, 306.6), (3857.2, 255.6), (3865.8, 226.1), (3882.2, 219.9), (3906.8, 245.1), (3940.8, 234.1), (3980.8, 175.5), (4020.8, 137.5), (4060.8, 122.5), (4100.8, 134.6), (4140.8, 182.1), (4180.8, 254.5), (4220.8, 327.9), (4240.8, 274.6), (4248.2, 223.6), (4263.8, 194.1), (4287.2, 187.9), (4318.8, 213.1), (4357.5, 211.8), (4397.5, 150.6), (4437.5, 109.9), (4477.5, 92.0), (4517.5, 100.1), (4557.5, 143.1), (4597.5, 133.0), (4637.1, 80.0), (4677.0, 97.3), (4717.0, 149.9), (4757.0, 223.2), (4797.0, 186.5), (4837.0, 132.9), (4877.0, 100.5), (4917.0, 91.2), (4957.0, 112.0), (4997.0, 168.4), (5037.0, 238.0), (5077.0, 169.1), (5117.0, 120.6), (5157.0, 94.0), (5197.0, 91.1), (5237.0, 120.8), (5277.0, 184.8), (5317.0, 258.1), (5357.0, 218.5)]",0,24.02
novice,mario,Mario1-2,Stuck,1,0,197.5,0.969,"[(112.0, 208.0), (116.5, 226.4), (129.0, 280.4), (149.5, 353.8), (180.2, 314.5), (219.0, 260.9), (259.0, 228.5), (299.0, 219.2), (339.0, 240.0), (379.0, 171.2), (419.0, 122.7), (459.0, 96.1), (499.0, 93.1), (539.0, 122.8), (579.0, 186.8), (619.0, 260.1), (659.0, 275.8), (699.0, 214.6), (739.0, 173.9), (779.0, 156.0), (819.0, 164.1), (859.0, 207.1), (899.0, 203.0), (939.0, 144.3), (979.0, 106.4), (1019.0, 91.4), (1059.0, 103.5), (1099.0, 151.0), (1139.0, 223.4), (1179.0, 296.8), (1219.0, 340.8), (1259.0, 311.6), (1299.0, 305.7), (1339.0, 331.3), (1379.0, 348.9), (1419.0, 285.1), (1424.4, 241.8), (1424.4, 254.2), (1424.4, 303.8), (1430.9, 368.0), (1448.4, 304.0), (1473.9, 320.9), (1507.4, 368.0), (1547.4, 304.0), (1587.4, 320.9), (1627.4, 358.1), (1667.4, 326.0), (1707.4, 317.0), (1712.4, 338.1), (1716.9, 368.0), (1748.6, 368.3), (1788.6, 368.0), (1828.6, 339.8), (1868.6, 306.5), (1908.6, 335.9), (1948.6, 331.4), (1988.6, 310.8), (2028.6, 315.3), (2068.6, 354.2), (2108.6, 314.5), (2128.8, 260.9), (2128.8, 228.5), (2128.8, 219.2), (2128.8, 240.0), (2128.8, 296.4), (2131.5, 368.0), (2146.0, 304.0), (2168.5, 320.9), (2199.0, 368.0), (2238.6, 304.0), (2278.6, 320.9), (2318.6, 368.0), (2358.6, 304.0), (2398.6, 320.9), (2438.6, 368.0), (2478.6, 304.0), (2518.6, 320.9), (2558.6, 368.0), (2598.6, 299.1), (2638.6, 250.6), (2672.0, 224.0), (2672.4, 221.1), (2672.4, 250.8), (2674.6, 314.8), (2685.9, 348.9), (2707.4, 285.1), (2736.9, 278.8), (2774.2, 318.5), (2814.2, 348.9), (2854.2, 285.1), (2894.2, 278.8), (2934.2, 318.5), (2974.2, 348.9), (3014.2, 285.1), (3054.2, 241.8), (3094.2, 221.0), (3134.2, 225.2), (3174.2, 263.8), (3214.2, 333.1), (3254.2, 331.0), (3280.4, 272.3), (3286.9, 234.4), (3301.4, 219.4), (3323.9, 231.5), (3354.8, 261.4), (3394.4, 195.1), (3434.4, 149.2), (3474.4, 125.4), (3514.4, 126.0), (3554.4, 160.1), (3594.4, 227.0), (3634.4, 300.4), (3664.1, 368.0), (3664.4, 299.1), (3670.9, 250.6), (3685.4, 224.0), (3707.9, 221.1), (3738.4, 250.8), (3776.5, 314.8), (3816.5, 348.9), (3856.5, 285.1), (3859.5, 241.8), (3871.0, 221.0), (3890.5, 225.2), (3918.0, 263.8), (3955.8, 209.8), (3995.8, 158.7), (4035.8, 129.2), (4075.8, 123.0), (4115.8, 148.3), (4155.8, 208.7), (4195.8, 282.0), (4235.8, 316.9), (4242.6, 253.1), (4253.1, 209.8), (4271.6, 189.0), (4298.1, 193.2), (4332.6, 231.8), (4372.5, 186.5), (4412.5, 132.9), (4452.5, 100.5), (4492.5, 91.2), (4532.5, 112.0), (4572.5, 168.4), (4612.5, 241.8), (4624.1, 315.1), (4630.4, 348.9), (4646.9, 305.1), (4671.4, 330.4), (4704.6, 348.9), (4744.6, 305.1), (4784.6, 330.4), (4824.6, 348.9), (4864.6, 285.1), (4904.6, 241.8), (4944.6, 221.0), (4984.6, 202.0), (5024.6, 138.2), (5064.6, 94.9), (5104.6, 82.8), (5144.6, 114.5), (5184.6, 179.9), (5224.6, 253.3), (5264.6, 218.1), (5304.6, 164.5), (5344.6, 132.1), (5384.6, 122.8), (5424.6, 143.7), (5464.6, 200.0), (5488.2, 146.6), (5488.3, 95.6), (5488.1, 84.8), (5488.1, 121.0), (5488.1, 189.1), (5488.7, 153.9), (5488.0, 100.3), (5488.0, 82.8), (5488.0, 114.5), (5488.0, 179.9), (5488.0, 162.0), (5488.0, 105.9), (5488.0, 81.3), (5488.0, 108.6), (5488.0, 170.8), (5488.0, 170.5), (5488.0, 111.8), (5488.4, 80.4), (5488.4, 103.2), (5488.4, 161.6), (5488.4, 179.2), (5488.7, 118.0), (5488.1, 80.0), (5488.1, 98.4), (5488.1, 152.4), (5488.0, 188.3), (5488.0, 124.6), (5488.1, 81.3), (5488.1, 94.2), (5488.1, 143.8), (5488.5, 197.7), (5488.0, 131.4), (5488.8, 85.5), (5488.8, 90.5), (5488.8, 135.6), (5488.8, 207.4), (5488.7, 138.6), (5488.4, 90.1)]",0,27.48
novice,mario,Mario1-2,Stuck,1,0,197.9,0.969,"[(112.0, 208.0), (116.5, 226.4), (129.0, 280.4), (149.5, 353.8), (180.2, 314.5), (219.0, 260.9), (259.0, 228.5), (299.0, 219.2), (339.0, 240.0), (379.0, 171.2), (419.0, 122.7), (459.0, 96.1), (499.0, 93.1), (539.0, 122.8), (579.0, 186.8), (619.0, 260.1), (659.0, 275.8), (699.0, 214.6), (739.0, 173.9), (779.0, 156.0), (819.0, 164.1), (859.0, 207.1), (899.0, 203.0), (939.0, 144.3), (979.0, 106.4), (1019.0, 91.4), (1059.0, 103.5), (1099.0, 151.0), (1139.0, 223.4), (1179.0, 296.8), (1219.0, 340.8), (1259.0, 311.6), (1299.0, 305.7), (1339.0, 331.3), (1379.0, 348.9), (1419.0, 285.1), (1424.4, 241.8), (1424.4, 254.2), (1424.4, 303.8), (1430.9, 368.0), (1448.4, 304.0), (1473.9, 320.9), (1507.4, 368.0), (1547.4, 304.0), (1587.4, 320.9), (1627.4, 358.1), (1667.4, 326.0), (1707.4, 317.0), (1712.4, 338.1), (1716.9, 368.0), (1748.6, 368.3), (1788.6, 368.0), (1828.6, 339.8), (1868.6, 306.5), (1908.6, 335.9), (1948.6, 331.4), (1988.6, 310.8), (2028.6, 315.3), (2068.6, 354.2), (2108.6, 314.5), (2128.8, 260.9), (2128.8, 228.5), (2128.8, 219.2), (2128.8, 240.0), (2128.8, 296.4), (2131.5, 368.0), (2146.0, 304.0), (2168.5, 320.9), (2199.0, 368.0), (2238.6, 304.0), (2278.6, 320.9), (2318.6, 368.0), (2358.6, 304.0), (2398.6, 320.9), (2438.6, 368.0), (2478.6, 304.0), (2518.6, 320.9), (2558.6, 368.0), (2598.6, 299.1), (2638.6, 250.6), (2671.9, 224.0), (2671.6, 221.1), (2670.9, 250.8), (2674.4, 314.8), (2686.6, 348.9), (2709.1, 285.1), (2739.6, 278.8), (2777.8, 318.5), (2817.8, 348.9), (2857.8, 285.1), (2897.8, 278.8), (2937.8, 318.5), (2977.8, 348.9), (3017.8, 285.1), (3057.8, 241.8), (3097.8, 221.0), (3137.8, 225.2), (3177.8, 263.8), (3217.8, 333.1), (3257.8, 331.0), (3280.8, 272.3), (3288.2, 234.4), (3303.8, 219.4), (3327.2, 231.5), (3359.1, 261.4), (3399.0, 195.1), (3439.0, 149.2), (3479.0, 125.4), (3519.0, 126.0), (3559.0, 160.1), (3599.0, 227.0), (3639.0, 300.4), (3664.0, 368.0), (3664.8, 299.4), (3672.2, 251.2), (3687.8, 224.9), (3711.2, 222.3), (3742.8, 252.3), (3781.5, 316.4), (3821.5, 348.9), (3856.0, 285.1), (3860.5, 241.8), (3873.0, 221.0), (3893.5, 225.2), (3922.0, 263.8), (3960.4, 209.8), (4000.4, 158.7), (4040.4, 129.2), (4080.4, 123.0), (4120.4, 148.3), (4160.4, 208.7), (4200.4, 282.0), (4240.4, 316.9), (4243.5, 253.1), (4255.0, 209.8), (4274.5, 189.0), (4302.0, 193.2), (4337.5, 231.8), (4377.5, 186.5), (4417.5, 132.9), (4457.5, 100.5), (4497.5, 91.2), (4537.5, 112.0), (4577.5, 168.4), (4617.5, 241.8), (4624.4, 315.1), (4631.6, 348.9), (4649.1, 305.1), (4674.6, 330.4), (4708.9, 348.9), (4748.9, 305.1), (4788.9, 330.4), (4828.9, 348.9), (4868.9, 285.1), (4908.9, 241.8), (4948.9, 221.0), (4988.9, 202.0), (5028.9, 138.2), (5068.9, 94.9), (5108.9, 82.8), (5148.9, 114.5), (5188.9, 179.9), (5228.9, 253.3), (5268.9, 218.1), (5308.9, 164.5), (5348.9, 132.1), (5388.9, 122.8), (5428.9, 143.7), (5468.9, 200.0), (5488.8, 146.6), (5488.8, 95.6), (5488.8, 84.8), (5488.8, 121.0), (5488.6, 189.1), (5488.1, 153.9), (5488.1, 100.3), (5488.1, 82.8), (5488.1, 114.5), (5488.0, 179.9), (5488.0, 162.2), (5488.0, 106.4), (5488.0, 81.3), (5488.0, 108.6), (5488.2, 170.8), (5488.6, 170.6), (5488.4, 112.2), (5488.4, 80.4), (5488.4, 103.2), (5488.2, 161.6), (5488.1, 179.2), (5488.1, 118.0), (5488.1, 80.0), (5488.1, 98.4), (5488.1, 152.4), (5488.8, 188.4), (5488.8, 124.9), (5488.8, 81.9), (5488.8, 94.2), (5488.8, 143.8), (5488.7, 197.8), (5488.1, 131.7), (5488.1, 86.1), (5488.1, 90.5), (5488.1, 135.6), (5488.7, 207.4), (5488.8, 138.6), (5488.8, 90.1)]",0,27.47
novice,mario,Mario1-2,Stuck,4,0,197.88,0.969,"[(112.0, 208.0), (116.5, 226.4), (129.0, 280.4), (149.5, 353.8), (180.2, 314.5), (219.0, 260.9), (259.0, 228.5), (299.0, 219.2), (339.0, 240.0), (379.0, 171.2), (419.0, 122.7), (459.0, 96.1), (499.0, 93.1), (539.0, 122.8), (579.0, 186.8), (619.0, 260.1), (659.0, 275.8), (699.0, 214.6), (739.0, 173.9), (779.0, 156.0), (819.0, 164.1), (859.0, 207.1), (899.0, 203.0), (939.0, 144.3), (979.0, 106.4), (1019.0, 91.4), (1059.0, 103.5), (1099.0, 151.0), (1139.0, 223.4), (1179.0, 296.8), (1219.0, 340.8), (1259.0, 311.6), (1299.0, 305.7), (1339.0, 331.3), (1379.0, 348.9), (1419.0, 285.1), (1424.4, 241.8), (1424.4, 254.2), (1424.4, 303.8), (1430.9, 368.0), (1448.4, 304.0), (1473.9, 320.9), (1507.4, 368.0), (1547.4, 304.0), (1587.4, 320.9), (1627.4, 358.1), (1667.4, 326.0), (1707.4, 317.0), (1712.4, 338.1), (1716.9, 368.0), (1748.6, 368.3), (1788.6, 368.0), (1828.6, 339.8), (1868.6, 306.5), (1908.6, 335.9), (1948.6, 331.4), (1988.6, 310.8), (2028.6, 315.3), (2068.6, 354.2), (2108.6, 314.5), (2128.8, 260.9), (2128.8, 228.5), (2128.8, 219.2), (2128.8, 240.0), (2128.8, 296.4), (2131.5, 368.0), (2146.0, 304.0), (2168.5, 320.9), (2199.0, 368.0), (2238.6, 304.0), (2278.6, 320.9), (2318.6, 368.0), (2358.6, 304.0), (2398.6, 320.9), (2438.6, 368.0), (2478.6, 304.0), (2518.6, 320.9), (2558.6, 368.0), (2598.6, 299.1), (2638.6, 250.6), (2672.0, 224.0), (2672.4, 221.1), (2672.4, 250.8), (2674.6, 314.8), (2685.9, 348.9), (2707.4, 285.1), (2736.9, 278.8), (2774.2, 318.5), (2814.2, 348.9), (2854.2, 285.1), (2894.2, 278.8), (2934.2, 318.5), (2974.2, 348.9), (3014.2, 285.1), (3054.2, 241.8), (3094.2, 221.0), (3134.2, 225.2), (3174.2, 263.8), (3214.2, 333.1), (3254.2, 331.0), (3280.4, 272.3), (3286.9, 234.4), (3301.4, 219.4), (3323.9, 231.5), (3354.8, 261.4), (3394.4, 195.1), (3434.4, 149.2), (3474.4, 125.4), (3514.4, 126.0), (3554.4, 160.1), (3594.4, 227.0), (3634.4, 300.4), (3664.1, 368.0), (3664.4, 299.1), (3670.9, 250.6), (3685.4, 224.0), (3707.9, 221.1), (3738.4, 250.8), (3776.5, 314.8), (3816.5, 348.9), (3856.5, 285.1), (3859.5, 241.8), (3871.0, 221.0), (3890.5, 225.2), (3918.0, 263.8), (3955.8, 209.8), (3995.8, 158.7), (4035.8, 129.2), (4075.8, 123.0), (4115.8, 148.3), (4155.8, 208.7), (4195.8, 282.0), (4235.8, 316.9), (4242.6, 253.1), (4253.1, 209.8), (4271.6, 189.0), (4298.1, 193.2), (4332.6, 231.8), (4372.5, 186.5), (4412.5, 132.9), (4452.5, 100.5), (4492.5, 91.2), (4532.5, 112.0), (4572.5, 168.4), (4612.5, 241.8), (4624.1, 315.1), (4630.4, 348.9), (4646.9, 305.1), (4671.4, 330.4), (4704.6, 348.9), (4744.6, 305.1), (4784.6, 330.4), (4824.6, 348.9), (4864.6, 285.1), (4904.6, 241.8), (4944.6, 221.0), (4984.6, 202.0), (5024.6, 138.2), (5064.6, 94.9), (5104.6, 82.8), (5144.6, 114.5), (5184.6, 179.9), (5224.6, 253.3), (5264.6, 218.1), (5304.6, 164.5), (5344.6, 132.1), (5384.6, 122.8), (5424.6, 143.7), (5464.6, 200.0), (5488.8, 146.6), (5488.8, 95.6), (5488.8, 84.8), (5488.8, 121.0), (5488.8, 189.1), (5488.2, 154.5), (5488.0, 102.0), (5488.0, 82.8), (5488.0, 114.5), (5488.0, 179.9), (5488.0, 162.0), (5488.4, 105.9), (5488.4, 81.3), (5488.4, 108.6), (5488.4, 170.8), (5488.2, 170.5), (5488.8, 111.8), (5488.8, 80.4), (5488.8, 103.2), (5488.8, 161.6), (5488.1, 179.5), (5488.1, 119.3), (5488.1, 80.0), (5488.1, 98.4), (5488.1, 152.4), (5488.0, 188.3), (5488.8, 124.6), (5488.8, 81.3), (5488.8, 94.2), (5488.8, 143.8), (5488.0, 197.7), (5488.0, 131.4), (5488.0, 85.5), (5488.0, 90.5), (5488.0, 135.6), (5488.0, 207.4), (5488.6, 139.5), (5488.4, 92.0)]",0,27.48
novice,mario,Mario1-2,Stuck,6,0,198.47,0.969,"[(112.0, 208.0), (116.5, 226.4), (129.0, 280.4), (149.5, 353.8), (180.2, 314.5), (219.0, 260.9), (259.0, 228.5), (299.0, 219.2), (339.0, 240.0), (379.0, 171.2), (419.0, 122.7), (459.0, 96.1), (499.0, 93.1), (539.0, 122.8), (579.0, 186.8), (619.0, 260.1), (659.0, 275.8), (699.0, 214.6), (739.0, 173.9), (779.0, 156.0), (819.0, 164.1), (859.0, 207.1), (899.0, 203.0), (939.0, 144.3), (979.0, 106.4), (1019.0, 91.4), (1059.0, 103.5), (1099.0, 151.0), (1139.0, 223.4), (1179.0, 296.8), (1219.0, 340.8), (1259.0, 311.6), (1299.0, 305.7), (1339.0, 331.3), (1379.0, 348.9), (1419.0, 285.1), (1424.4, 241.8), (1424.4, 254.2), (1424.4, 303.8), (1430.9, 368.0), (1448.4, 304.0), (1473.9, 320.9), (1507.4, 368.0), (1547.4, 304.0), (1587.4, 320.9), (1627.4, 358.1), (1667.4, 326.0), (1707.4, 317.0), (1712.4, 338.1), (1716.9, 368.0), (1748.6, 368.3), (1788.6, 368.0), (1828.6, 339.8), (1868.6, 306.5), (1908.6, 335.9), (1948.6, 331.4), (1988.6, 310.8), (2028.6, 315.3), (2068.6, 354.2), (2108.6, 314.5), (2128.8, 260.9), (2128.8, 228.5), (2128.8, 219.2), (2128.8, 240.0), (2128.8, 296.4), (2131.5, 368.0), (2146.0, 304.0), (2168.5, 320.9), (2199.0, 368.0), (2238.6, 304.0), (2278.6, 320.9), (2318.6, 368.0), (2358.6, 304.0), (2398.6, 320.9), (2438.6, 368.0), (2478.6, 304.0), (2518.6, 320.9), (2558.6, 368.0), (2598.6, 299.1), (2638.6, 250.6), (2672.1, 224.0), (2672.1, 221.1), (2672.1, 250.8), (2673.9, 314.8), (2684.1, 348.9), (2704.6, 285.1), (2733.1, 278.8), (2769.6, 318.5), (2809.6, 348.9), (2849.6, 285.1), (2889.6, 278.8), (2929.6, 318.5), (2969.6, 348.9), (3009.6, 285.1), (3049.6, 241.8), (3089.6, 221.0), (3129.6, 225.2), (3169.6, 263.8), (3209.6, 333.1), (3249.6, 331.0), (3280.1, 272.3), (3285.6, 234.4), (3299.1, 219.4), (3320.6, 231.5), (3350.5, 261.4), (3389.8, 196.1), (3429.8, 151.2), (3469.8, 128.5), (3509.8, 130.1), (3549.8, 165.3), (3589.8, 232.9), (3629.8, 306.2), (3664.0, 358.3), (3665.2, 292.0), (3673.8, 246.0), (3690.2, 222.3), (3714.8, 222.9), (3747.2, 257.0), (3786.5, 323.9), (3826.5, 339.8), (3856.1, 278.6), (3861.6, 237.9), (3875.1, 220.0), (3896.6, 228.1), (3926.1, 271.1), (3965.4, 202.3), (4005.4, 153.7), (4045.4, 127.1), (4085.4, 124.2), (4125.4, 153.9), (4165.4, 217.9), (4205.4, 291.2), (4240.0, 307.8), (4244.5, 246.6), (4257.0, 205.9), (4277.5, 188.0), (4306.0, 196.1), (4342.5, 239.1), (4382.5, 178.6), (4422.5, 127.6), (4462.5, 98.1), (4502.5, 91.9), (4542.5, 117.1), (4582.5, 177.6), (4622.5, 250.9), (4624.8, 324.3), (4633.4, 339.8), (4651.9, 306.5), (4678.4, 335.9), (4713.9, 339.8), (4753.9, 306.5), (4793.9, 335.9), (4833.9, 339.8), (4873.9, 278.6), (4913.9, 237.9), (4953.9, 220.0), (4993.9, 192.9), (5033.9, 131.7), (5073.9, 91.0), (5113.9, 84.8), (5153.9, 121.0), (5193.9, 189.1), (5233.9, 262.4), (5273.9, 210.3), (5313.9, 159.2), (5353.9, 129.7), (5393.9, 123.5), (5433.9, 148.8), (5473.9, 208.0), (5488.0, 139.1), (5488.0, 90.6), (5488.0, 87.4), (5488.0, 128.0), (5488.0, 198.3), (5488.1, 146.1), (5488.1, 95.0), (5488.1, 84.8), (5488.1, 121.0), (5488.1, 189.1), (5488.1, 153.9), (5488.1, 100.3), (5488.1, 82.8), (5488.1, 114.5), (5488.1, 179.9), (5488.8, 162.5), (5488.8, 107.4), (5488.8, 81.3), (5488.8, 108.6), (5488.8, 170.8), (5488.8, 170.5), (5488.8, 111.8), (5488.8, 80.4), (5488.8, 103.2), (5488.8, 161.6), (5488.1, 179.2), (5488.1, 118.0), (5488.1, 80.0), (5488.1, 98.4), (5488.1, 152.4), (5488.1, 188.5), (5488.1, 125.7), (5488.1, 83.5), (5488.1, 94.2), (5488.1, 143.8), (5488.5, 197.7), (5488.8, 131.4)]",0,27.45
novice,mario,Mario1-2,Enemy,4,0,220.31,0.328,"[(112.0, 208.0), (116.5, 226.4), (129.0, 280.4), (149.5, 353.8), (180.2, 314.5), (219.0, 260.9), (259.0, 228.5), (299.0, 219.2), (339.0, 240.0), (379.0, 171.2), (419.0, 122.7), (459.0, 96.1), (499.0, 93.1), (539.0, 122.8), (579.0, 186.8), (619.0, 260.1), (659.0, 275.8), (699.0, 214.6), (739.0, 173.9), (779.0, 156.0), (819.0, 164.1), (859.0, 207.1), (899.0, 203.0), (939.0, 144.3), (979.0, 106.4), (1019.0, 91.4), (1059.0, 103.5), (1099.0, 151.0), (1139.0, 223.4), (1179.0, 296.8), (1219.0, 340.8), (1259.0, 311.6), (1299.0, 305.7), (1339.0, 331.3), (1379.0, 348.9), (1419.0, 285.1), (1424.4, 241.8), (1424.4, 254.2), (1424.4, 303.8), (1430.9, 368.0), (1445.5, 304.0), (1461.6, 320.9), (1485.8, 368.0), (1521.0, 304.0), (1560.9, 320.9), (1600.9, 368.0), (1640.9, 299.1), (1648.1, 250.6), (1648.9, 224.0), (1648.2, 221.1), (1648.4, 250.8), (1648.4, 314.8), (1654.9, 331.0), (1669.4, 307.6), (1691.9, 308.4), (1712.4, 342.9), (1718.4, 368.0), (1752.1, 368.0), (1792.1, 368.0), (1832.1, 368.0)]",0,7.97
novice,mario,Mario1-2,Enemy,4,0,220.23,0.328,"[(112.0, 208.0), (116.5, 226.4), (129.0, 280.4), (149.5, 353.8), (180.2, 314.5), (219.0, 260.9), (259.0, 228.5), (299.0, 219.2), (339.0, 240.0), (379.0, 171.2), (419.0, 122.7), (459.0, 96.1), (499.0, 93.1), (539.0, 122.8), (579.0, 186.8), (619.0, 260.1), (659.0, 275.8), (699.0, 214.6), (739.0, 173.9), (779.0, 156.0), (819.0, 164.1), (859.0, 207.1), (899.0, 203.0), (939.0, 144.3), (979.0, 106.4), (1019.0, 91.4), (1059.0, 103.5), (1099.0, 151.0), (1139.0, 223.4), (1179.0, 296.8), (1219.0, 340.8), (1259.0, 311.6), (1299.0, 305.7), (1339.0, 331.3), (1379.0, 348.9), (1419.0, 285.1), (1424.4, 241.8), (1424.4, 254.2), (1424.4, 303.8), (1430.9, 368.0), (1445.5, 304.0), (1461.6, 320.9), (1485.8, 368.0), (1521.0, 304.0), (1560.9, 320.9), (1600.9, 368.0), (1640.9, 299.1), (1648.2, 250.6), (1648.2, 224.0), (1648.6, 221.1), (1648.4, 250.8), (1648.4, 314.8), (1654.9, 331.0), (1669.4, 307.6), (1691.9, 308.4), (1712.4, 342.9), (1718.4, 368.0), (1752.1, 368.0), (1792.1, 368.4), (1832.1, 368.4)]",0,7.97
novice,mario,Mario1-2,Pit,4,0,246.61,0.907,"[(112.0, 208.0), (116.5, 226.4), (129.0, 280.4), (149.5, 353.8), (180.2, 314.5), (219.0, 260.9), (259.0, 228.5), (299.0, 219.2), (339.0, 240.0), (379.0, 171.2), (419.0, 122.7), (459.0, 96.1), (499.0, 93.1), (539.0, 122.8), (579.0, 186.8), (619.0, 260.1), (659.0, 275.8), (699.0, 214.6), (739.0, 173.9), (779.0, 156.0), (819.0, 164.1), (859.0, 207.1), (899.0, 203.0), (939.0, 144.3), (979.0, 106.4), (1019.0, 91.4), (1059.0, 103.5), (1099.0, 151.0), (1139.0, 223.4), (1179.0, 296.8), (1219.0, 340.8), (1259.0, 311.6), (1299.0, 305.7), (1339.0, 331.3), (1379.0, 348.9), (1419.0, 285.1), (1424.4, 241.8), (1424.4, 254.2), (1424.4, 303.8), (1430.9, 368.0), (1448.4, 304.0), (1473.9, 320.9), (1507.4, 368.0), (1547.4, 304.0), (1587.4, 320.9), (1627.4, 358.1), (1667.4, 326.0), (1707.4, 317.0), (1712.4, 338.1), (1716.9, 368.0), (1748.6, 368.3), (1788.6, 368.0), (1828.6, 339.8), (1868.6, 306.5), (1908.6, 335.9), (1948.6, 331.4), (1988.6, 310.8), (2028.6, 315.3), (2068.6, 354.2), (2108.6, 314.5), (2128.0, 260.9), (2128.0, 228.5), (2128.0, 219.2), (2128.0, 240.0), (2128.0, 296.4), (2132.5, 368.0), (2148.0, 304.0), (2171.5, 320.9), (2203.0, 368.0), (2242.9, 304.0), (2282.9, 320.9), (2322.9, 368.0), (2362.9, 304.0), (2402.9, 320.9), (2442.9, 368.0), (2482.9, 304.0), (2522.9, 320.9), (2562.9, 368.0), (2602.9, 299.1), (2642.9, 250.6), (2672.0, 224.0), (2672.4, 221.1), (2672.4, 250.8), (2674.6, 314.8), (2685.9, 348.9), (2707.4, 285.1), (2736.9, 278.8), (2774.2, 318.5), (2814.2, 348.9), (2854.2, 285.1), (2894.2, 278.8), (2934.2, 318.5), (2974.2, 348.9), (3014.2, 285.1), (3054.2, 241.8), (3094.2, 221.0), (3134.2, 225.2), (3174.2, 263.8), (3214.2, 333.1), (3254.2, 331.0), (3280.4, 272.3), (3286.9, 234.4), (3301.4, 219.4), (3323.9, 231.5), (3354.8, 261.4), (3394.4, 195.1), (3434.4, 149.2), (3474.4, 125.4), (3514.4, 126.0), (3554.4, 160.1), (3594.4, 227.0), (3634.4, 300.4), (3664.1, 368.0), (3664.0, 299.1), (3668.5, 250.6), (3681.0, 224.0), (3701.5, 221.1), (3730.0, 250.8), (3766.5, 314.8), (3806.5, 348.9), (3846.5, 285.1), (3886.5, 241.8), (3926.5, 221.0), (3966.5, 225.2), (4006.5, 263.8), (4046.5, 333.1), (4086.5, 331.0), (4126.5, 272.3), (4166.5, 234.4), (4206.5, 219.4), (4246.5, 231.5), (4286.5, 261.4), (4326.5, 196.1), (4366.5, 151.2), (4406.5, 128.5), (4446.5, 130.1), (4486.5, 165.3), (4526.5, 232.9), (4566.5, 210.6), (4606.5, 154.4), (4646.5, 119.3), (4686.5, 107.1), (4726.5, 123.5), (4766.5, 175.4), (4806.5, 240.0), (4846.5, 171.1), (4886.5, 122.6), (4926.5, 96.0), (4966.5, 93.1), (5006.5, 122.8), (5046.5, 186.8), (5086.5, 260.1), (5126.5, 333.4), (5136.1, 406.8)]",0,20.45
novice,mario,Mario1-2,Stuck,4,0,198.12,0.969,"[(112.0, 208.0), (116.5, 226.4), (129.0, 280.4), (149.5, 353.8), (180.2, 314.5), (219.0, 260.9), (259.0, 228.5), (299.0, 219.2), (339.0, 240.0), (379.0, 171.2), (419.0, 122.7), (459.0, 96.1), (499.0, 93.1), (539.0, 122.8), (579.0, 186.8), (619.0, 260.1), (659.0, 275.8), (699.0, 214.6), (739.0, 173.9), (779.0, 156.0), (819.0, 164.1), (859.0, 207.1), (899.0, 203.0), (939.0, 144.3), (979.0, 106.4), (1019.0, 91.4), (1059.0, 103.5), (1099.0, 151.0), (1139.0, 223.4), (1179.0, 296.8), (1219.0, 340.8), (1259.0, 311.6), (1299.0, 305.7), (1339.0, 331.3), (1379.0, 348.9), (1419.0, 285.1), (1424.4, 241.8), (1424.4, 254.2), (1424.4, 303.8), (1430.9, 368.0), (1448.4, 304.0), (1473.9, 320.9), (1507.4, 368.0), (1547.4, 304.0), (1587.4, 320.9), (1627.4, 358.1), (1667.4, 326.0), (1707.4, 317.0), (1712.4, 338.1), (1716.9, 368.0), (1748.6, 368.3), (1788.6, 368.0), (1828.6, 339.8), (1868.6, 306.5), (1908.6, 335.9), (1948.6, 331.4), (1988.6, 310.8), (2028.6, 315.3), (2068.6, 354.2), (2108.6, 314.5), (2128.8, 260.9), (2128.8, 228.5), (2128.8, 219.2), (2128.8, 240.0), (2128.8, 296.4), (2131.5, 368.0), (2146.0, 304.0), (2168.5, 320.9), (2199.0, 368.0), (2238.6, 304.0), (2278.6, 320.9), (2318.6, 368.0), (2358.6, 304.0), (2398.6, 320.9), (2438.6, 368.0), (2478.6, 304.0), (2518.6, 320.9), (2558.6, 368.0), (2598.6, 299.1), (2638.6, 250.6), (2672.1, 224.0), (2672.1, 221.1), (2672.1, 250.8), (2673.9, 314.8), (2684.1, 348.9), (2704.6, 285.1), (2733.1, 278.8), (2769.6, 318.5), (2809.6, 348.9), (2849.6, 285.1), (2889.6, 278.8), (2929.6, 318.5), (2969.6, 348.9), (3009.6, 285.1), (3049.6, 241.8), (3089.6, 221.0), (3129.6, 225.2), (3169.6, 263.8), (3209.6, 333.1), (3249.6, 331.0), (3280.1, 272.3), (3285.6, 234.4), (3299.1, 219.4), (3320.6, 231.5), (3350.5, 261.4), (3389.8, 195.1), (3429.8, 149.2), (3469.8, 125.4), (3509.8, 126.0), (3549.8, 160.1), (3589.8, 227.0), (3629.8, 300.4), (3664.0, 368.0), (3664.4, 299.1), (3670.9, 250.6), (3685.4, 224.0), (3707.9, 221.1), (3738.4, 250.8), (3776.5, 314.8), (3816.5, 348.9), (3856.5, 285.1), (3859.5, 241.8), (3871.0, 221.0), (3890.5, 225.2), (3918.0, 263.8), (3955.8, 209.8), (3995.8, 158.7), (4035.8, 129.2), (4075.8, 123.0), (4115.8, 148.3), (4155.8, 208.7), (4195.8, 282.0), (4235.8, 316.9), (4242.6, 253.1), (4253.1, 209.8), (4271.6, 189.0), (4298.1, 193.2), (4332.6, 231.8), (4372.5, 186.5), (4412.5, 132.9), (4452.5, 100.5), (4492.5, 91.2), (4532.5, 112.0), (4572.5, 168.4), (4612.5, 241.8), (4624.1, 315.1), (4630.4, 348.9), (4646.9, 305.1), (4671.4, 330.4), (4704.6, 348.9), (4744.6, 305.1), (4784.6, 330.4), (4824.6, 348.9), (4864.6, 285.1), (4904.6, 241.8), (4944.6, 221.0), (4984.6, 202.0), (5024.6, 138.2), (5064.6, 94.9), (5104.6, 82.8), (5144.6, 114.5), (5184.6, 179.9), (5224.6, 253.3), (5264.6, 218.1), (5304.6, 164.5), (5344.6, 132.1), (5384.6, 122.8), (5424.6, 143.7), (5464.6, 200.0), (5488.8, 146.6), (5488.8, 95.6), (5488.8, 84.8), (5488.8, 121.0), (5488.8, 189.1), (5488.0, 154.5), (5488.0, 102.0), (5488.0, 82.8), (5488.0, 114.5), (5488.0, 179.9), (5488.0, 162.0), (5488.0, 105.9), (5488.0, 81.3), (5488.0, 108.6), (5488.0, 170.8), (5488.4, 170.5), (5488.4, 111.8), (5488.4, 80.4), (5488.4, 103.2), (5488.4, 161.6), (5488.4, 179.5), (5488.4, 119.3), (5488.4, 80.0), (5488.4, 98.4), (5488.4, 152.4), (5488.0, 188.3), (5488.0, 124.6), (5488.0, 81.3), (5488.0, 94.2), (5488.0, 143.8), (5488.0, 197.7), (5488.0, 131.4), (5488.0, 85.5), (5488.0, 90.5), (5488.0, 135.6), (5488.0, 207.4), (5488.4, 139.5), (5488.4, 92.0)]",0,27.48
novice,mario,Mario1-2,Stuck,5,0,198.47,0.969,"[(112.0, 208.0), (116.5, 226.4), (129.0, 280.4), (149.5, 353.8), (180.2, 314.5), (219.0, 260.9), (259.0, 228.5), (299.0, 219.2), (339.0, 240.0), (379.0, 171.2), (419.0, 122.7), (459.0, 96.1), (499.0, 93.1), (539.0, 122.8), (579.0, 186.8), (619.0, 260.1), (659.0, 275.8), (699.0, 214.6), (739.0, 173.9), (779.0, 156.0), (819.0, 164.1), (859.0, 207.1), (899.0, 203.0), (939.0, 144.3), (979.0, 106.4), (1019.0, 91.4), (1059.0, 103.5), (1099.0, 151.0), (1139.0, 223.4), (1179.0, 296.8), (1219.0, 340.8), (1259.0, 311.6), (1299.0, 305.7), (1339.0, 331.3), (1379.0, 348.9), (1419.0, 285.1), (1424.4, 241.8), (1424.4, 254.2), (1424.4, 303.8), (1430.9, 368.0), (1448.4, 304.0), (1473.9, 320.9), (1507.4, 368.0), (1547.4, 304.0), (1587.4, 320.9), (1627.4, 358.1), (1667.4, 326.0), (1707.4, 317.0), (1712.4, 338.1), (1716.9, 368.0), (1748.6, 368.3), (1788.6, 368.0), (1828.6, 339.8), (1868.6, 306.5), (1908.6, 335.9), (1948.6, 331.4), (1988.6, 310.8), (2028.6, 315.3), (2068.6, 354.2), (2108.6, 314.5), (2128.8, 260.9), (2128.8, 228.5), (2128.8, 219.2), (2128.8, 240.0), (2128.8, 296.4), (2131.5, 368.0), (2146.0, 304.0), (2168.5, 320.9), (2199.0, 368.0), (2238.6, 304.0), (2278.6, 320.9), (2318.6, 368.0), (2358.6, 304.0), (2398.6, 320.9), (2438.6, 368.0), (2478.6, 304.0), (2518.6, 320.9), (2558.6, 368.0), (2598.6, 299.1), (2638.6, 250.6), (2672.1, 224.0), (2672.1, 221.1), (2672.1, 250.8), (2673.9, 314.8), (2684.1, 348.9), (2704.6, 285.1), (2733.1, 278.8), (2769.6, 318.5), (2809.6, 348.9), (2849.6, 285.1), (2889.6, 278.8), (2929.6, 318.5), (2969.6, 348.9), (3009.6, 285.1), (3049.6, 241.8), (3089.6, 221.0), (3129.6, 225.2), (3169.6, 263.8), (3209.6, 333.1), (3249.6, 331.0), (3280.1, 272.3), (3285.6, 234.4), (3299.1, 219.4), (3320.6, 231.5), (3350.5, 261.4), (3389.8, 196.1), (3429.8, 151.2), (3469.8, 128.5), (3509.8, 130.1), (3549.8, 165.3), (3589.8, 232.9), (3629.8, 306.2), (3664.0, 358.3), (3665.2, 292.0), (3673.8, 246.0), (3690.2, 222.3), (3714.8, 222.9), (3747.2, 257.0), (3786.5, 323.9), (3826.5, 339.8), (3856.1, 278.6), (3861.6, 237.9), (3875.1, 220.0), (3896.6, 228.1), (3926.1, 271.1), (3965.4, 202.3), (4005.4, 153.7), (4045.4, 127.1), (4085.4, 124.2), (4125.4, 153.9), (4165.4, 217.9), (4205.4, 291.2), (4240.0, 307.8), (4244.5, 246.6), (4257.0, 205.9), (4277.5, 188.0), (4306.0, 196.1), (4342.5, 239.1), (4382.5, 178.6), (4422.5, 127.6), (4462.5, 98.1), (4502.5, 91.9), (4542.5, 117.1), (4582.5, 177.6), (4622.5, 250.9), (4624.8, 324.3), (4633.4, 339.8), (4651.9, 306.5), (4678.4, 335.9), (4713.9, 339.8), (4753.9, 306.5), (4793.9, 335.9), (4833.9, 339.8), (4873.9, 278.6), (4913.9, 237.9), (4953.9, 220.0), (4993.9, 192.9), (5033.9, 131.7), (5073.9, 91.0), (5113.9, 84.8), (5153.9, 121.0), (5193.9, 189.1), (5233.9, 262.4), (5273.9, 210.3), (5313.9, 159.2), (5353.9, 129.7), (5393.9, 123.5), (5433.9, 148.8), (5473.9, 208.0), (5488.0, 139.1), (5488.0, 90.6), (5488.0, 87.4), (5488.0, 128.0), (5488.0, 198.3), (5488.1, 146.1), (5488.1, 95.0), (5488.1, 84.8), (5488.1, 121.0), (5488.1, 189.1), (5488.1, 153.9), (5488.1, 100.3), (5488.1, 82.8), (5488.1, 114.5), (5488.1, 179.9), (5488.8, 162.5), (5488.8, 107.4), (5488.8, 81.3), (5488.8, 108.6), (5488.8, 170.8), (5488.8, 170.5), (5488.8, 111.8), (5488.8, 80.4), (5488.8, 103.2), (5488.8, 161.6), (5488.1, 179.2), (5488.1, 118.0), (5488.1, 80.0), (5488.1, 98.4), (5488.1, 152.4), (5488.1, 188.5), (5488.1, 125.7), (5488.1, 83.5), (5488.1, 94.2), (5488.1, 143.8), (5488.5, 197.7), (5488.8, 131.4)]",0,27.45
novice,mario,Mario1-2,Success,3,0,219.56,0.947,"[(112.0, 208.0), (116.5, 226.4), (129.0, 280.4), (149.5, 353.8), (180.2, 314.5), (219.0, 260.9), (259.0, 228.5), (299.0, 219.2), (339.0, 240.0), (379.0, 171.2), (419.0, 122.7), (458.5, 96.1), (498.5, 93.1), (538.5, 122.8), (578.5, 186.8), (618.5, 260.1), (658.5, 275.8), (698.5, 214.6), (738.5, 173.9), (778.5, 156.0), (818.5, 164.1), (858.5, 207.1), (898.5, 203.0), (938.5, 144.3), (978.5, 106.4), (1018.5, 91.4), (1058.5, 103.5), (1098.5, 151.0), (1138.5, 223.4), (1178.5, 296.8), (1218.5, 340.8), (1258.5, 311.6), (1298.5, 305.7), (1338.5, 331.3), (1378.5, 348.9), (1418.4, 285.1), (1424.4, 241.8), (1424.4, 254.2), (1424.4, 303.8), (1430.9, 368.0), (1445.5, 304.0), (1458.1, 320.9), (1477.6, 368.0), (1508.1, 304.0), (1546.2, 320.9), (1586.2, 345.1), (1626.2, 315.8), (1666.2, 309.9), (1706.2, 335.5), (1716.9, 368.0), (1748.6, 368.3), (1788.6, 368.0), (1828.6, 339.8), (1868.6, 306.5), (1908.6, 335.9), (1948.6, 331.4), (1988.6, 310.8), (2028.6, 315.3), (2068.6, 354.2), (2108.6, 314.5), (2128.0, 260.9), (2128.0, 228.5), (2128.0, 219.2), (2128.0, 240.0), (2128.0, 296.4), (2132.5, 368.0), (2143.9, 304.0), (2151.7, 320.9), (2164.5, 368.0), (2184.2, 304.0), (2202.7, 320.9), (2228.5, 368.0), (2265.3, 299.1), (2288.8, 250.6), (2288.8, 224.0), (2288.8, 221.1), (2288.8, 250.8), (2288.8, 314.8), (2297.0, 348.9), (2308.5, 305.1), (2317.5, 330.4), (2334.1, 348.9), (2358.6, 305.1), (2388.7, 330.4), (2426.6, 348.9), (2466.6, 305.1), (2506.6, 330.4), (2546.6, 348.9), (2586.6, 285.1), (2626.6, 241.8), (2666.6, 221.0), (2672.4, 225.2), (2672.4, 263.8), (2674.6, 333.1), (2686.0, 331.0), (2697.4, 272.3), (2704.4, 285.4), (2713.9, 333.9), (2732.7, 331.0), (2752.6, 272.3), (2768.7, 285.4), (2789.9, 333.9), (2820.5, 331.0), (2859.6, 272.3), (2899.6, 285.4), (2939.6, 333.9), (2979.6, 331.0), (3019.6, 272.3), (3059.6, 234.4), (3099.6, 219.4), (3139.6, 231.5), (3179.6, 279.0), (3219.6, 351.4), (3259.6, 314.5), (3280.8, 260.9), (3288.2, 228.5), (3303.8, 219.2), (3327.2, 240.0), (3359.9, 242.9), (3399.8, 181.7), (3439.8, 141.1), (3479.8, 123.1), (3519.8, 131.2), (3559.8, 174.2), (3599.8, 245.4), (3639.8, 318.7), (3664.4, 335.0), (3664.4, 311.5), (3664.4, 312.4), (3664.4, 346.8), (3664.8, 323.5), (3667.5, 267.3), (3679.0, 232.2), (3698.5, 220.0), (3726.0, 236.4), (3761.5, 288.3), (3801.5, 361.5), (3841.5, 306.6), (3857.2, 255.6), (3865.8, 226.1), (3882.2, 219.9), (3906.8, 245.1), (3940.8, 234.1), (3980.8, 175.5), (4020.8, 137.5), (4060.8, 122.5), (4100.8, 134.6), (4140.8, 182.1), (4180.8, 254.5), (4220.8, 327.9), (4240.8, 274.6), (4248.2, 223.6), (4263.8, 194.1), (4287.2, 187.9), (4318.8, 213.1), (4357.5, 211.8), (4397.5, 150.6), (4437.5, 109.9), (4477.5, 92.0), (4517.5, 100.1), (4557.5, 143.1), (4597.5, 133.0), (4637.1, 80.0), (4677.0, 97.3), (4717.0, 149.9), (4757.0, 223.2), (4797.0, 186.5), (4837.0, 132.9), (4877.0, 100.5), (4917.0, 91.2), (4957.0, 112.0), (4997.0, 168.4), (5037.0, 238.0), (5077.0, 169.1), (5117.0, 120.6), (5157.0, 94.0), (5197.0, 91.1), (5237.0, 120.8), (5277.0, 184.8), (5317.0, 258.1), (5357.0, 218.5)]",0,24.02
novice,mario,Mario1-2,Stuck,4,0,197.88,0.969,"[(112.0, 208.0), (116.5, 226.4), (129.0, 280.4), (149.5, 353.8), (180.2, 314.5), (219.0, 260.9), (259.0, 228.5), (299.0, 219.2), (339.0, 240.0), (379.0, 171.2), (419.0, 122.7), (459.0, 96.1), (499.0, 93.1), (539.0, 122.8), (579.0, 186.8), (619.0, 260.1), (659.0, 275.8), (699.0, 214.6), (739.0, 173.9), (779.0, 156.0), (819.0, 164.1), (859.0, 207.1), (899.0, 203.0), (939.0, 144.3), (979.0, 106.4), (1019.0, 91.4), (1059.0, 103.5), (1099.0, 151.0), (1139.0, 223.4), (1179.0, 296.8), (1219.0, 340.8), (1259.0, 311.6), (1299.0, 305.7), (1339.0, 331.3), (1379.0, 348.9), (1419.0, 285.1), (1424.4, 241.8), (1424.4, 254.2), (1424.4, 303.8), (1430.9, 368.0), (1448.4, 304.0), (1473.9, 320.9), (1507.4, 368.0), (1547.4, 304.0), (1587.4, 320.9), (1627.4, 358.1), (1667.4, 326.0), (1707.4, 317.0), (1712.4, 338.1), (1716.9, 368.0), (1748.6, 368.3), (1788.6, 368.0), (1828.6, 339.8), (1868.6, 306.5), (1908.6, 335.9), (1948.6, 331.4), (1988.6, 310.8), (2028.6, 315.3), (2068.6, 354.2), (2108.6, 314.5), (2128.8, 260.9), (2128.8, 228.5), (2128.8, 219.2), (2128.8, 240.0), (2128.8, 296.4), (2131.5, 368.0), (2146.0, 304.0), (2168.5, 320.9), (2199.0, 368.0), (2238.6, 304.0), (2278.6, 320.9), (2318.6, 368.0), (2358.6, 304.0), (2398.6, 320.9), (2438.6, 368.0), (2478.6, 304.0), (2518.6, 320.9), (2558.6, 368.0), (2598.6, 299.1), (2638.6, 250.6), (2672.0, 224.0), (2672.4, 221.1), (2672.4, 250.8), (2674.6, 314.8), (2685.9, 348.9), (2707.4, 285.1), (2736.9, 278.8), (2774.2, 318.5), (2814.2, 348.9), (2854.2, 285.1), (2894.2, 278.8), (2934.2, 318.5), (2974.2, 348.9), (3014.2, 285.1), (3054.2, 241.8), (3094.2, 221.0), (3134.2, 225.2), (3174.2, 263.8), (3214.2, 333.1), (3254.2, 331.0), (3280.4, 272.3), (3286.9, 234.4), (3301.4, 219.4), (3323.9, 231.5), (3354.8, 261.4), (3394.4, 195.1), (3434.4, 149.2), (3474.4, 125.4), (3514.4, 126.0), (3554.4, 160.1), (3594.4, 227.0), (3634.4, 300.4), (3664.1, 368.0), (3664.4, 299.1), (3670.9, 250.6), (3685.4, 224.0), (3707.9, 221.1), (3738.4, 250.8), (3776.5, 314.8), (3816.5, 348.9), (3856.5, 285.1), (3859.5, 241.8), (3871.0, 221.0), (3890.5, 225.2), (3918.0, 263.8), (3955.8, 209.8), (3995.8, 158.7), (4035.8, 129.2), (4075.8, 123.0), (4115.8, 148.3), (4155.8, 208.7), (4195.8, 282.0), (4235.8, 316.9), (4242.6, 253.1), (4253.1, 209.8), (4271.6, 189.0), (4298.1, 193.2), (4332.6, 231.8), (4372.5, 186.5), (4412.5, 132.9), (4452.5, 100.5), (4492.5, 91.2), (4532.5, 112.0), (4572.5, 168.4), (4612.5, 241.8), (4624.1, 315.1), (4630.4, 348.9), (4646.9, 305.1), (4671.4, 330.4), (4704.6, 348.9), (4744.6, 305.1), (4784.6, 330.4), (4824.6, 348.9), (4864.6, 285.1), (4904.6, 241.8), (4944.6, 221.0), (4984.6, 202.0), (5024.6, 138.2), (5064.6, 94.9), (5104.6, 82.8), (5144.6, 114.5), (5184.6, 179.9), (5224.6, 253.3), (5264.6, 218.1), (5304.6, 164.5), (5344.6, 132.1), (5384.6, 122.8), (5424.6, 143.7), (5464.6, 200.0), (5488.8, 146.6), (5488.8, 95.6), (5488.8, 84.8), (5488.8, 121.0), (5488.8, 189.1), (5488.2, 154.5), (5488.0, 102.0), (5488.0, 82.8), (5488.0, 114.5), (5488.0, 179.9), (5488.0, 162.0), (5488.4, 105.9), (5488.4, 81.3), (5488.4, 108.6), (5488.4, 170.8), (5488.2, 170.5), (5488.8, 111.8), (5488.8, 80.4), (5488.8, 103.2), (5488.8, 161.6), (5488.1, 179.5), (5488.1, 119.3), (5488.1, 80.0), (5488.1, 98.4), (5488.1, 152.4), (5488.0, 188.3), (5488.8, 124.6), (5488.8, 81.3), (5488.8, 94.2), (5488.8, 143.8), (5488.0, 197.7), (5488.0, 131.4), (5488.0, 85.5), (5488.0, 90.5), (5488.0, 135.6), (5488.0, 207.4), (5488.6, 139.5), (5488.4, 92.0)]",0,27.48
novice,mario,Mario1-2,Stuck,1,0,197.9,0.969,"[(112.0, 208.0), (116.5, 226.4), (129.0, 280.4), (149.5, 353.8), (180.2, 314.5), (219.0, 260.9), (259.0, 228.5), (299.0, 219.2), (339.0, 240.0), (379.0, 171.2), (419.0, 122.7), (459.0, 96.1), (499.0, 93.1), (539.0, 122.8), (579.0, 186.8), (619.0, 260.1), (659.0, 275.8), (699.0, 214.6), (739.0, 173.9), (779.0, 156.0), (819.0, 164.1), (859.0, 207.1), (899.0, 203.0), (939.0, 144.3), (979.0, 106.4), (1019.0, 91.4), (1059.0, 103.5), (1099.0, 151.0), (1139.0, 223.4), (1179.0, 296.8), (1219.0, 340.8), (1259.0, 311.6), (1299.0, 305.7), (1339.0, 331.3), (1379.0, 348.9), (1419.0, 285.1), (1424.4, 241.8), (1424.4, 254.2), (1424.4, 303.8), (1430.9, 368.0), (1448.4, 304.0), (1473.9, 320.9), (1507.4, 368.0), (1547.4, 304.0), (1587.4, 320.9), (1627.4, 358.1), (1667.4, 326.0), (1707.4, 317.0), (1712.4, 338.1), (1716.9, 368.0), (1748.6, 368.3), (1788.6, 368.0), (1828.6, 339.8), (1868.6, 306.5), (1908.6, 335.9), (1948.6, 331.4), (1988.6, 310.8), (2028.6, 315.3), (2068.6, 354.2), (2108.6, 314.5), (2128.8, 260.9), (2128.8, 228.5), (2128.8, 219.2), (2128.8, 240.0), (2128.8, 296.4), (2131.5, 368.0), (2146.0, 304.0), (2168.5, 320.9), (2199.0, 368.0), (2238.6, 304.0), (2278.6, 320.9), (2318.6, 368.0), (2358.6, 304.0), (2398.6, 320.9), (2438.6, 368.0), (2478.6, 304.0), (2518.6, 320.9), (2558.6, 368.0), (2598.6, 299.1), (2638.6, 250.6), (2671.9, 224.0), (2671.6, 221.1), (2670.9, 250.8), (2674.4, 314.8), (2686.6, 348.9), (2709.1, 285.1), (2739.6, 278.8), (2777.8, 318.5), (2817.8, 348.9), (2857.8, 285.1), (2897.8, 278.8), (2937.8, 318.5), (2977.8, 348.9), (3017.8, 285.1), (3057.8, 241.8), (3097.8, 221.0), (3137.8, 225.2), (3177.8, 263.8), (3217.8, 333.1), (3257.8, 331.0), (3280.8, 272.3), (3288.2, 234.4), (3303.8, 219.4), (3327.2, 231.5), (3359.1, 261.4), (3399.0, 195.1), (3439.0, 149.2), (3479.0, 125.4), (3519.0, 126.0), (3559.0, 160.1), (3599.0, 227.0), (3639.0, 300.4), (3664.0, 368.0), (3664.8, 299.4), (3672.2, 251.2), (3687.8, 224.9), (3711.2, 222.3), (3742.8, 252.3), (3781.5, 316.4), (3821.5, 348.9), (3856.0, 285.1), (3860.5, 241.8), (3873.0, 221.0), (3893.5, 225.2), (3922.0, 263.8), (3960.4, 209.8), (4000.4, 158.7), (4040.4, 129.2), (4080.4, 123.0), (4120.4, 148.3), (4160.4, 208.7), (4200.4, 282.0), (4240.4, 316.9), (4243.5, 253.1), (4255.0, 209.8), (4274.5, 189.0), (4302.0, 193.2), (4337.5, 231.8), (4377.5, 186.5), (4417.5, 132.9), (4457.5, 100.5), (4497.5, 91.2), (4537.5, 112.0), (4577.5, 168.4), (4617.5, 241.8), (4624.4, 315.1), (4631.6, 348.9), (4649.1, 305.1), (4674.6, 330.4), (4708.9, 348.9), (4748.9, 305.1), (4788.9, 330.4), (4828.9, 348.9), (4868.9, 285.1), (4908.9, 241.8), (4948.9, 221.0), (4988.9, 202.0), (5028.9, 138.2), (5068.9, 94.9), (5108.9, 82.8), (5148.9, 114.5), (5188.9, 179.9), (5228.9, 253.3), (5268.9, 218.1), (5308.9, 164.5), (5348.9, 132.1), (5388.9, 122.8), (5428.9, 143.7), (5468.9, 200.0), (5488.8, 146.6), (5488.8, 95.6), (5488.8, 84.8), (5488.8, 121.0), (5488.6, 189.1), (5488.1, 153.9), (5488.1, 100.3), (5488.1, 82.8), (5488.1, 114.5), (5488.0, 179.9), (5488.0, 162.2), (5488.0, 106.4), (5488.0, 81.3), (5488.0, 108.6), (5488.2, 170.8), (5488.6, 170.6), (5488.4, 112.2), (5488.4, 80.4), (5488.4, 103.2), (5488.2, 161.6), (5488.1, 179.2), (5488.1, 118.0), (5488.1, 80.0), (5488.1, 98.4), (5488.1, 152.4), (5488.8, 188.4), (5488.8, 124.9), (5488.8, 81.9), (5488.8, 94.2), (5488.8, 143.8), (5488.7, 197.8), (5488.1, 131.7), (5488.1, 86.1), (5488.1, 90.5), (5488.1, 135.6), (5488.7, 207.4), (5488.8, 138.6), (5488.8, 90.1)]",0,27.47
novice,mario,Mario1-2,Stuck,1,0,197.5,0.969,"[(112.0, 208.0), (116.5, 226.4), (129.0, 280.4), (149.5, 353.8), (180.2, 314.5), (219.0, 260.9), (259.0, 228.5), (299.0, 219.2), (339.0, 240.0), (379.0, 171.2), (419.0, 122.7), (459.0, 96.1), (499.0, 93.1), (539.0, 122.8), (579.0, 186.8), (619.0, 260.1), (659.0, 275.8), (699.0, 214.6), (739.0, 173.9), (779.0, 156.0), (819.0, 164.1), (859.0, 207.1), (899.0, 203.0), (939.0, 144.3), (979.0, 106.4), (1019.0, 91.4), (1059.0, 103.5), (1099.0, 151.0), (1139.0, 223.4), (1179.0, 296.8), (1219.0, 340.8), (1259.0, 311.6), (1299.0, 305.7), (1339.0, 331.3), (1379.0, 348.9), (1419.0, 285.1), (1424.4, 241.8), (1424.4, 254.2), (1424.4, 303.8), (1430.9, 368.0), (1448.4, 304.0), (1473.9, 320.9), (1507.4, 368.0), (1547.4, 304.0), (1587.4, 320.9), (1627.4, 358.1), (1667.4, 326.0), (1707.4, 317.0), (1712.4, 338.1), (1716.9, 368.0), (1748.6, 368.3), (1788.6, 368.0), (1828.6, 339.8), (1868.6, 306.5), (1908.6, 335.9), (1948.6, 331.4), (1988.6, 310.8), (2028.6, 315.3), (2068.6, 354.2), (2108.6, 314.5), (2128.8, 260.9), (2128.8, 228.5), (2128.8, 219.2), (2128.8, 240.0), (2128.8, 296.4), (2131.5, 368.0), (2146.0, 304.0), (2168.5, 320.9), (2199.0, 368.0), (2238.6, 304.0), (2278.6, 320.9), (2318.6, 368.0), (2358.6, 304.0), (2398.6, 320.9), (2438.6, 368.0), (2478.6, 304.0), (2518.6, 320.9), (2558.6, 368.0), (2598.6, 299.1), (2638.6, 250.6), (2672.0, 224.0), (2672.4, 221.1), (2672.4, 250.8), (2674.6, 314.8), (2685.9, 348.9), (2707.4, 285.1), (2736.9, 278.8), (2774.2, 318.5), (2814.2, 348.9), (2854.2, 285.1), (2894.2, 278.8), (2934.2, 318.5), (2974.2, 348.9), (3014.2, 285.1), (3054.2, 241.8), (3094.2, 221.0), (3134.2, 225.2), (3174.2, 263.8), (3214.2, 333.1), (3254.2, 331.0), (3280.4, 272.3), (3286.9, 234.4), (3301.4, 219.4), (3323.9, 231.5), (3354.8, 261.4), (3394.4, 195.1), (3434.4, 149.2), (3474.4, 125.4), (3514.4, 126.0), (3554.4, 160.1), (3594.4, 227.0), (3634.4, 300.4), (3664.1, 368.0), (3664.4, 299.1), (3670.9, 250.6), (3685.4, 224.0), (3707.9, 221.1), (3738.4, 250.8), (3776.5, 314.8), (3816.5, 348.9), (3856.5, 285.1), (3859.5, 241.8), (3871.0, 221.0), (3890.5, 225.2), (3918.0, 263.8), (3955.8, 209.8), (3995.8, 158.7), (4035.8, 129.2), (4075.8, 123.0), (4115.8, 148.3), (4155.8, 208.7), (4195.8, 282.0), (4235.8, 316.9), (4242.6, 253.1), (4253.1, 209.8), (4271.6, 189.0), (4298.1, 193.2), (4332.6, 231.8), (4372.5, 186.5), (4412.5, 132.9), (4452.5, 100.5), (4492.5, 91.2), (4532.5, 112.0), (4572.5, 168.4), (4612.5, 241.8), (4624.1, 315.1), (4630.4, 348.9), (4646.9, 305.1), (4671.4, 330.4), (4704.6, 348.9), (4744.6, 305.1), (4784.6, 330.4), (4824.6, 348.9), (4864.6, 285.1), (4904.6, 241.8), (4944.6, 221.0), (4984.6, 202.0), (5024.6, 138.2), (5064.6, 94.9), (5104.6, 82.8), (5144.6, 114.5), (5184.6, 179.9), (5224.6, 253.3), (5264.6, 218.1), (5304.6, 164.5), (5344.6, 132.1), (5384.6, 122.8), (5424.6, 143.7), (5464.6, 200.0), (5488.2, 146.6), (5488.3, 95.6), (5488.1, 84.8), (5488.1, 121.0), (5488.1, 189.1), (5488.7, 153.9), (5488.0, 100.3), (5488.0, 82.8), (5488.0, 114.5), (5488.0, 179.9), (5488.0, 162.0), (5488.0, 105.9), (5488.0, 81.3), (5488.0, 108.6), (5488.0, 170.8), (5488.0, 170.5), (5488.0, 111.8), (5488.4, 80.4), (5488.4, 103.2), (5488.4, 161.6), (5488.4, 179.2), (5488.7, 118.0), (5488.1, 80.0), (5488.1, 98.4), (5488.1, 152.4), (5488.0, 188.3), (5488.0, 124.6), (5488.1, 81.3), (5488.1, 94.2), (5488.1, 143.8), (5488.5, 197.7), (5488.0, 131.4), (5488.8, 85.5), (5488.8, 90.5), (5488.8, 135.6), (5488.8, 207.4), (5488.7, 138.6), (5488.4, 90.1)]",0,27.48
novice,mario,Mario1-2,Stuck,1,2,143.81,0.348,"[(112.0, 208.0), (116.5, 226.4), (129.0, 280.4), (149.5, 353.8), (180.2, 314.5), (219.0, 260.9), (259.0, 228.5), (299.0, 219.2), (339.0, 240.0), (379.0, 171.2), (419.0, 122.7), (459.0, 96.1), (499.0, 93.1), (539.0, 122.8), (579.0, 186.8), (619.0, 260.1), (659.0, 275.8), (699.0, 214.6), (739.0, 173.9), (779.0, 156.0), (819.0, 164.1), (859.0, 207.1), (899.0, 203.0), (939.0, 144.3), (979.0, 106.4), (1019.0, 91.4), (1059.0, 103.5), (1099.0, 151.0), (1139.0, 223.4), (1179.0, 296.8), (1219.0, 340.8), (1259.0, 311.6), (1299.0, 305.7), (1339.0, 331.3), (1379.0, 348.9), (1419.0, 285.1), (1424.4, 241.8), (1424.4, 254.2), (1424.2, 303.8), (1426.8, 368.0), (1440.3, 304.0), (1461.8, 320.9), (1491.3, 368.0), (1530.6, 304.0), (1570.6, 320.9), (1610.6, 368.0), (1650.6, 304.0), (1690.6, 320.9), (1712.8, 345.1), (1712.8, 315.8), (1712.8, 309.9), (1712.8, 335.5), (1712.0, 339.9), (1712.0, 279.0), (1712.0, 238.6), (1716.5, 221.0), (1729.0, 229.3), (1751.4, 194.6), (1782.9, 144.0), (1821.6, 161.5), (1861.6, 214.5), (1901.6, 194.6), (1941.6, 144.0), (1968.4, 161.5), (1968.4, 214.5), (1968.8, 194.6), (1968.8, 144.0), (1968.8, 161.5), (1968.8, 214.5), (1968.0, 194.6), (1968.0, 144.0), (1968.0, 161.5), (1968.0, 214.5), (1968.0, 194.6), (1968.0, 144.0), (1968.0, 161.5), (1968.0, 214.5), (1968.0, 194.6), (1968.0, 144.0), (1968.0, 161.5), (1968.0, 214.5), (1968.0, 194.6), (1968.0, 144.0), (1968.0, 161.5), (1968.0, 214.5), (1968.0, 194.6), (1968.0, 144.0), (1968.0, 161.5), (1968.0, 214.5), (1968.0, 194.6), (1968.0, 144.0), (1968.0, 161.5), (1968.0, 214.5), (1968.0, 194.6), (1968.0, 144.0), (1968.0, 161.5), (1968.0, 214.5), (1968.0, 194.6), (1968.0, 144.0), (1968.0, 161.5), (1968.0, 214.5)]",0,13.37
novice,mario,Mario1-2,Stuck,5,0,197.58,0.969,"[(112.0, 208.0), (116.5, 226.4), (129.0, 280.4), (149.5, 353.8), (180.2, 314.5), (219.0, 260.9), (259.0, 228.5), (299.0, 219.2), (339.0, 240.0), (379.0, 171.2), (419.0, 122.7), (459.0, 96.1), (499.0, 93.1), (539.0, 122.8), (579.0, 186.8), (619.0, 260.1), (659.0, 275.8), (699.0, 214.6), (739.0, 173.9), (779.0, 156.0), (819.0, 164.1), (859.0, 207.1), (899.0, 203.0), (939.0, 144.3), (979.0, 106.4), (1019.0, 91.4), (1059.0, 103.5), (1099.0, 151.0), (1139.0, 223.4), (1179.0, 296.8), (1219.0, 340.8), (1259.0, 311.6), (1299.0, 305.7), (1339.0, 331.3), (1379.0, 348.9), (1419.0, 285.1), (1424.4, 241.8), (1424.4, 254.2), (1424.4, 303.8), (1430.9, 368.0), (1448.4, 304.0), (1473.9, 320.9), (1507.4, 368.0), (1547.4, 304.0), (1587.4, 320.9), (1627.4, 358.1), (1667.4, 326.0), (1707.4, 317.0), (1712.4, 338.1), (1716.9, 368.0), (1748.6, 368.3), (1788.6, 368.0), (1828.6, 339.8), (1868.6, 306.5), (1908.6, 335.9), (1948.6, 331.4), (1988.6, 310.8), (2028.6, 315.3), (2068.6, 354.2), (2108.6, 314.5), (2128.8, 260.9), (2128.8, 228.5), (2128.8, 219.2), (2128.8, 240.0), (2128.8, 296.4), (2131.5, 368.0), (2146.0, 304.0), (2168.5, 320.9), (2199.0, 368.0), (2238.6, 304.0), (2278.6, 320.9), (2318.6, 368.0), (2358.6, 304.0), (2398.6, 320.9), (2438.6, 368.0), (2478.6, 304.0), (2518.6, 320.9), (2558.6, 368.0), (2598.6, 299.1), (2638.6, 250.6), (2672.0, 224.0), (2672.4, 221.1), (2672.4, 250.8), (2674.6, 314.8), (2685.9, 348.9), (2707.4, 285.1), (2736.9, 278.8), (2774.2, 318.5), (2814.2, 348.9), (2854.2, 285.1), (2894.2, 278.8), (2934.2, 318.5), (2974.2, 348.9), (3014.2, 285.1), (3054.2, 241.8), (3094.2, 221.0), (3134.2, 225.2), (3174.2, 263.8), (3214.2, 333.1), (3254.2, 331.0), (3280.4, 272.3), (3286.9, 234.4), (3301.4, 219.4), (3323.9, 231.5), (3354.8, 261.4), (3394.4, 195.1), (3434.4, 149.2), (3474.4, 125.4), (3514.4, 126.0), (3554.4, 160.1), (3594.4, 227.0), (3634.4, 300.4), (3664.1, 368.0), (3664.4, 299.1), (3670.9, 250.6), (3685.4, 224.0), (3707.9, 221.1), (3738.4, 250.8), (3776.5, 314.8), (3816.5, 348.9), (3856.5, 285.1), (3859.5, 241.8), (3871.0, 221.0), (3890.5, 225.2), (3918.0, 263.8), (3955.8, 209.8), (3995.8, 158.7), (4035.8, 129.2), (4075.8, 123.0), (4115.8, 148.3), (4155.8, 208.7), (4195.8, 282.0), (4235.8, 316.9), (4242.6, 253.1), (4253.1, 209.8), (4271.6, 189.0), (4298.1, 193.2), (4332.6, 231.8), (4372.5, 186.5), (4412.5, 132.9), (4452.5, 100.5), (4492.5, 91.2), (4532.5, 112.0), (4572.5, 168.4), (4612.5, 241.8), (4624.1, 315.1), (4630.4, 348.9), (4646.9, 305.1), (4671.4, 330.4), (4704.6, 348.9), (4744.6, 305.1), (4784.6, 330.4), (4824.6, 348.9), (4864.6, 285.1), (4904.6, 241.8), (4944.6, 221.0), (4984.6, 202.0), (5024.6, 138.2), (5064.6, 94.9), (5104.6, 82.8), (5144.6, 114.5), (5184.6, 179.9), (5224.6, 253.3), (5264.6, 218.1), (5304.6, 164.5), (5344.6, 132.1), (5384.6, 122.8), (5424.6, 143.7), (5464.6, 200.0), (5488.2, 146.6), (5488.0, 95.6), (5488.0, 84.8), (5488.0, 121.0), (5488.0, 189.1), (5488.7, 154.5), (5488.0, 102.0), (5488.0, 82.8), (5488.0, 114.5), (5488.0, 179.9), (5488.0, 162.0), (5488.8, 105.9), (5488.8, 81.3), (5488.8, 108.6), (5488.8, 170.8), (5488.2, 170.5), (5488.3, 111.8), (5488.1, 80.4), (5488.1, 103.2), (5488.1, 161.6), (5488.4, 179.5), (5488.7, 119.3), (5488.1, 80.0), (5488.1, 98.4), (5488.1, 152.4), (5488.0, 188.3), (5488.0, 124.6), (5488.0, 81.3), (5488.0, 94.2), (5488.0, 143.8), (5488.0, 197.7), (5488.2, 131.4), (5488.4, 85.5), (5488.4, 90.5), (5488.4, 135.6), (5488.4, 207.4), (5488.7, 139.5), (5488.4, 92.0)]",0,27.48
novice,mario,Mario1-2,Pit,1,0,246.44,0.907,"[(112.0, 208.0), (116.5, 226.4), (129.0, 280.4), (149.5, 353.8), (180.2, 314.5), (219.0, 260.9), (259.0, 228.5), (299.0, 219.2), (339.0, 240.0), (379.0, 171.2), (419.0, 122.7), (459.0, 96.1), (499.0, 93.1), (539.0, 122.8), (579.0, 186.8), (619.0, 260.1), (659.0, 275.8), (699.0, 214.6), (739.0, 173.9), (779.0, 156.0), (819.0, 164.1), (859.0, 207.1), (899.0, 203.0), (939.0, 144.3), (979.0, 106.4), (1019.0, 91.4), (1059.0, 103.5), (1099.0, 151.0), (1139.0, 223.4), (1179.0, 296.8), (1219.0, 340.8), (1259.0, 311.6), (1299.0, 305.7), (1339.0, 331.3), (1379.0, 348.9), (1419.0, 285.1), (1424.4, 241.8), (1424.4, 254.2), (1424.4, 303.8), (1430.9, 368.0), (1448.4, 304.0), (1473.9, 320.9), (1507.4, 368.0), (1547.4, 304.0), (1587.4, 320.9), (1627.4, 358.1), (1667.4, 326.0), (1707.4, 317.0), (1712.4, 338.1), (1716.9, 368.0), (1748.6, 368.3), (1788.6, 368.0), (1828.6, 339.8), (1868.6, 306.5), (1908.6, 335.9), (1948.6, 331.4), (1988.6, 310.8), (2028.6, 315.3), (2068.6, 354.2), (2108.6, 314.5), (2128.8, 260.9), (2128.8, 228.5), (2128.8, 219.2), (2128.8, 240.0), (2128.8, 296.4), (2131.5, 368.0), (2146.0, 304.0), (2168.5, 320.9), (2199.0, 368.0), (2238.6, 304.0), (2278.6, 320.9), (2318.6, 368.0), (2358.6, 304.0), (2398.6, 320.9), (2438.6, 368.0), (2478.6, 304.0), (2518.6, 320.9), (2558.6, 368.0), (2598.6, 299.1), (2638.6, 250.6), (2672.0, 224.0), (2672.4, 221.1), (2672.4, 250.8), (2674.6, 314.8), (2685.9, 348.9), (2707.4, 285.1), (2736.9, 278.8), (2774.2, 318.5), (2814.2, 348.9), (2854.2, 285.1), (2894.2, 278.8), (2934.2, 318.5), (2974.2, 348.9), (3014.2, 285.1), (3054.2, 241.8), (3094.2, 221.0), (3134.2, 225.2), (3174.2, 263.8), (3214.2, 333.1), (3254.2, 331.0), (3280.4, 272.3), (3286.9, 234.4), (3301.4, 219.4), (3323.9, 231.5), (3354.8, 261.4), (3394.4, 195.1), (3434.4, 149.2), (3474.4, 125.4), (3514.4, 126.0), (3554.4, 160.1), (3594.4, 227.0), (3634.4, 300.4), (3664.1, 368.0), (3664.0, 299.1), (3668.5, 250.6), (3681.0, 224.0), (3701.5, 221.1), (3730.0, 250.8), (3766.5, 314.8), (3806.5, 348.9), (3846.5, 285.1), (3886.5, 241.8), (3926.5, 221.0), (3966.5, 225.2), (4006.5, 263.8), (4046.5, 333.1), (4086.5, 331.0), (4126.5, 272.3), (4166.5, 234.4), (4206.5, 219.4), (4246.5, 231.5), (4286.5, 261.4), (4326.5, 195.1), (4366.5, 149.2), (4406.5, 125.4), (4446.5, 126.0), (4486.5, 160.1), (4526.5, 227.0), (4566.5, 220.0), (4606.5, 161.3), (4646.5, 123.4), (4686.5, 108.4), (4726.5, 120.5), (4766.5, 168.0), (4806.5, 240.4), (4846.5, 171.6), (4886.5, 123.1), (4926.5, 96.4), (4966.5, 93.5), (5006.5, 123.2), (5046.5, 187.2), (5086.5, 260.5), (5126.5, 333.9), (5136.1, 407.2)]",0,20.45
novice,mario,Mario1-2,Stuck,3,2,140.87,0.347,"[(112.0, 208.0), (116.5, 226.4), (129.0, 280.4), (149.5, 353.8), (180.2, 314.5), (219.0, 260.9), (259.0, 228.5), (299.0, 219.2), (339.0, 240.0), (379.0, 171.2), (419.0, 122.7), (459.0, 96.1), (499.0, 93.1), (539.0, 122.8), (579.0, 186.8), (619.0, 260.1), (659.0, 275.8), (699.0, 214.6), (739.0, 173.9), (779.0, 156.0), (819.0, 164.1), (859.0, 207.1), (899.0, 203.0), (939.0, 144.3), (979.0, 106.4), (1019.0, 91.4), (1059.0, 103.5), (1099.0, 151.0), (1139.0, 223.4), (1179.0, 296.8), (1219.0, 340.8), (1259.0, 311.6), (1299.0, 305.7), (1339.0, 331.3), (1379.0, 348.9), (1417.1, 285.1), (1424.4, 241.8), (1424.4, 254.2), (1424.4, 303.8), (1430.9, 368.0), (1445.5, 304.0), (1456.4, 320.9), (1471.2, 368.0), (1494.1, 304.0), (1515.1, 320.9), (1543.0, 345.1), (1578.8, 315.8), (1618.8, 309.9), (1658.8, 335.5), (1698.8, 329.6), (1712.1, 309.1), (1712.1, 313.6), (1712.1, 352.5), (1712.0, 322.6), (1712.8, 266.4), (1712.8, 231.3), (1720.2, 219.1), (1735.8, 235.5), (1761.9, 178.7), (1796.4, 145.1), (1836.2, 171.4), (1876.2, 232.8), (1916.2, 178.6), (1956.2, 145.1), (1968.1, 171.4), (1968.1, 232.8), (1968.0, 178.6), (1968.4, 145.1), (1968.4, 171.4), (1968.4, 232.8), (1968.2, 178.6), (1968.3, 145.1), (1968.1, 171.4), (1968.1, 232.8), (1968.7, 178.6), (1968.7, 145.1), (1968.4, 171.4), (1968.4, 232.8), (1968.0, 178.6), (1968.4, 145.1), (1968.4, 171.4), (1968.4, 232.8), (1968.2, 178.6), (1968.3, 145.1), (1968.1, 171.4), (1968.1, 232.8), (1968.7, 178.6), (1968.7, 145.1), (1968.4, 171.4), (1968.4, 232.8), (1968.0, 178.6), (1968.4, 145.1), (1968.4, 171.4), (1968.4, 232.8), (1968.2, 178.6), (1968.3, 145.1), (1968.1, 171.4), (1968.1, 232.8), (1968.7, 178.6), (1968.7, 145.1), (1968.4, 171.4)]",0,13.45
novice,mario,Mario1-2,Enemy,1,0,222.99,0.341,"[(112.0, 208.0), (116.5, 226.4), (129.0, 280.4), (149.5, 353.8), (180.2, 314.5), (219.0, 260.9), (259.0, 228.5), (299.0, 219.2), (339.0, 240.0), (379.0, 171.2), (419.0, 122.7), (459.0, 96.1), (498.2, 93.1), (531.5, 122.8), (568.9, 186.8), (608.9, 260.1), (648.9, 275.8), (688.9, 214.6), (728.9, 173.9), (768.9, 156.0), (808.9, 164.1), (848.9, 207.1), (888.9, 203.0), (928.9, 144.3), (968.9, 106.4), (1008.9, 91.4), (1048.9, 103.5), (1088.9, 151.0), (1128.9, 223.4), (1168.9, 296.8), (1208.9, 340.8), (1248.9, 311.6), (1288.9, 305.7), (1328.9, 331.3), (1368.9, 348.9), (1408.9, 285.1), (1424.0, 241.8), (1424.0, 254.2), (1424.0, 303.8), (1424.8, 368.0), (1436.2, 304.0), (1455.8, 320.9), (1483.2, 368.0), (1521.4, 304.0), (1561.4, 320.9), (1601.4, 368.0), (1641.4, 299.1), (1648.4, 250.6), (1648.4, 224.0), (1648.4, 221.1), (1647.9, 250.8), (1648.4, 314.8), (1651.9, 331.0), (1663.4, 307.6), (1682.9, 308.4), (1710.4, 342.9), (1719.2, 368.0), (1753.6, 368.0), (1793.6, 368.3), (1833.6, 331.0), (1873.6, 308.3), (1913.6, 342.1)]",0,8.22
novice,mario,Mario1-2,Enemy,5,0,220.37,0.327,"[(112.0, 208.0), (116.5, 226.4), (129.0, 280.4), (149.5, 353.8), (180.2, 314.5), (219.0, 260.9), (259.0, 228.5), (299.0, 219.2), (339.0, 240.0), (379.0, 171.2), (419.0, 122.7), (458.5, 96.1), (498.5, 93.1), (538.5, 122.8), (578.5, 186.8), (618.5, 260.1), (658.5, 275.8), (698.5, 214.6), (738.5, 173.9), (778.5, 156.0), (818.5, 164.1), (858.5, 207.1), (898.5, 203.0), (938.5, 144.3), (978.5, 106.4), (1018.5, 91.4), (1058.5, 103.5), (1098.5, 151.0), (1138.5, 223.4), (1178.5, 296.8), (1218.5, 340.8), (1258.5, 311.6), (1298.5, 305.7), (1338.5, 331.3), (1378.5, 348.9), (1418.5, 285.1), (1424.4, 241.8), (1424.4, 254.2), (1424.4, 303.8), (1430.9, 368.0), (1445.5, 304.0), (1461.6, 320.9), (1485.8, 368.0), (1521.0, 304.0), (1560.9, 320.9), (1600.9, 368.0), (1640.9, 299.1), (1648.1, 250.6), (1648.9, 224.0), (1648.8, 221.1), (1648.8, 250.8), (1648.8, 314.8), (1656.2, 331.0), (1671.8, 307.6), (1695.2, 308.4), (1712.8, 342.9), (1719.2, 368.0), (1753.6, 368.0), (1793.6, 368.0), (1833.6, 368.0)]",0,7.95
novice,mario,Mario1-2,Success,3,0,219.56,0.947,"[(112.0, 208.0), (116.5, 226.4), (129.0, 280.4), (149.5, 353.8), (180.2, 314.5), (219.0, 260.9), (259.0, 228.5), (299.0, 219.2), (339.0, 240.0), (379.0, 171.2), (419.0, 122.7), (458.5, 96.1), (498.5, 93.1), (538.5, 122.8), (578.5, 186.8), (618.5, 260.1), (658.5, 275.8), (698.5, 214.6), (738.5, 173.9), (778.5, 156.0), (818.5, 164.1), (858.5, 207.1), (898.5, 203.0), (938.5, 144.3), (978.5, 106.4), (1018.5, 91.4), (1058.5, 103.5), (1098.5, 151.0), (1138.5, 223.4), (1178.5, 296.8), (1218.5, 340.8), (1258.5, 311.6), (1298.5, 305.7), (1338.5, 331.3), (1378.5, 348.9), (1418.4, 285.1), (1424.4, 241.8), (1424.4, 254.2), (1424.4, 303.8), (1430.9, 368.0), (1445.5, 304.0), (1458.1, 320.9), (1477.6, 368.0), (1508.1, 304.0), (1546.2, 320.9), (1586.2, 345.1), (1626.2, 315.8), (1666.2, 309.9), (1706.2, 335.5), (1716.9, 368.0), (1748.6, 368.3), (1788.6, 368.0), (1828.6, 339.8), (1868.6, 306.5), (1908.6, 335.9), (1948.6, 331.4), (1988.6, 310.8), (2028.6, 315.3), (2068.6, 354.2), (2108.6, 314.5), (2128.0, 260.9), (2128.0, 228.5), (2128.0, 219.2), (2128.0, 240.0), (2128.0, 296.4), (2132.5, 368.0), (2143.9, 304.0), (2151.7, 320.9), (2164.5, 368.0), (2184.2, 304.0), (2202.7, 320.9), (2228.5, 368.0), (2265.3, 299.1), (2288.8, 250.6), (2288.8, 224.0), (2288.8, 221.1), (2288.8, 250.8), (2288.8, 314.8), (2297.0, 348.9), (2308.5, 305.1), (2317.5, 330.4), (2334.1, 348.9), (2358.6, 305.1), (2388.7, 330.4), (2426.6, 348.9), (2466.6, 305.1), (2506.6, 330.4), (2546.6, 348.9), (2586.6, 285.1), (2626.6, 241.8), (2666.6, 221.0), (2672.4, 225.2), (2672.4, 263.8), (2674.6, 333.1), (2686.0, 331.0), (2697.4, 272.3), (2704.4, 285.4), (2713.9, 333.9), (2732.7, 331.0), (2752.6, 272.3), (2768.7, 285.4), (2789.9, 333.9), (2820.5, 331.0), (2859.6, 272.3), (2899.6, 285.4), (2939.6, 333.9), (2979.6, 331.0), (3019.6, 272.3), (3059.6, 234.4), (3099.6, 219.4), (3139.6, 231.5), (3179.6, 279.0), (3219.6, 351.4), (3259.6, 314.5), (3280.8, 260.9), (3288.2, 228.5), (3303.8, 219.2), (3327.2, 240.0), (3359.9, 242.9), (3399.8, 181.7), (3439.8, 141.1), (3479.8, 123.1), (3519.8, 131.2), (3559.8, 174.2), (3599.8, 245.4), (3639.8, 318.7), (3664.4, 335.0), (3664.4, 311.5), (3664.4, 312.4), (3664.4, 346.8), (3664.8, 323.5), (3667.5, 267.3), (3679.0, 232.2), (3698.5, 220.0), (3726.0, 236.4), (3761.5, 288.3), (3801.5, 361.5), (3841.5, 306.6), (3857.2, 255.6), (3865.8, 226.1), (3882.2, 219.9), (3906.8, 245.1), (3940.8, 234.1), (3980.8, 175.5), (4020.8, 137.5), (4060.8, 122.5), (4100.8, 134.6), (4140.8, 182.1), (4180.8, 254.5), (4220.8, 327.9), (4240.8, 274.6), (4248.2, 223.6), (4263.8, 194.1), (4287.2, 187.9), (4318.8, 213.1), (4357.5, 211.8), (4397.5, 150.6), (4437.5, 109.9), (4477.5, 92.0), (4517.5, 100.1), (4557.5, 143.1), (4597.5, 133.0), (4637.1, 80.0), (4677.0, 97.3), (4717.0, 149.9), (4757.0, 223.2), (4797.0, 186.5), (4837.0, 132.9), (4877.0, 100.5), (4917.0, 91.2), (4957.0, 112.0), (4997.0, 168.4), (5037.0, 238.0), (5077.0, 169.1), (5117.0, 120.6), (5157.0, 94.0), (5197.0, 91.1), (5237.0, 120.8), (5277.0, 184.8), (5317.0, 258.1), (5357.0, 218.5)]",0,24.02
novice,mario,Mario1-2,Stuck,5,0,197.58,0.969,"[(112.0, 208.0), (116.5, 226.4), (129.0, 280.4), (149.5, 353.8), (180.2, 314.5), (219.0, 260.9), (259.0, 228.5), (299.0, 219.2), (339.0, 240.0), (379.0, 171.2), (419.0, 122.7), (459.0, 96.1), (499.0, 93.1), (539.0, 122.8), (579.0, 186.8), (619.0, 260.1), (659.0, 275.8), (699.0, 214.6), (739.0, 173.9), (779.0, 156.0), (819.0, 164.1), (859.0, 207.1), (899.0, 203.0), (939.0, 144.3), (979.0, 106.4), (1019.0, 91.4), (1059.0, 103.5), (1099.0, 151.0), (1139.0, 223.4), (1179.0, 296.8), (1219.0, 340.8), (1259.0, 311.6), (1299.0, 305.7), (1339.0, 331.3), (1379.0, 348.9), (1419.0, 285.1), (1424.4, 241.8), (1424.4, 254.2), (1424.4, 303.8), (1430.9, 368.0), (1448.4, 304.0), (1473.9, 320.9), (1507.4, 368.0), (1547.4, 304.0), (1587.4, 320.9), (1627.4, 358.1), (1667.4, 326.0), (1707.4, 317.0), (1712.4, 338.1), (1716.9, 368.0), (1748.6, 368.3), (1788.6, 368.0), (1828.6, 339.8), (1868.6, 306.5), (1908.6, 335.9), (1948.6, 331.4), (1988.6, 310.8), (2028.6, 315.3), (2068.6, 354.2), (2108.6, 314.5), (2128.8, 260.9), (2128.8, 228.5), (2128.8, 219.2), (2128.8, 240.0), (2128.8, 296.4), (2131.5, 368.0), (2146.0, 304.0), (2168.5, 320.9), (2199.0, 368.0), (2238.6, 304.0), (2278.6, 320.9), (2318.6, 368.0), (2358.6, 304.0), (2398.6, 320.9), (2438.6, 368.0), (2478.6, 304.0), (2518.6, 320.9), (2558.6, 368.0), (2598.6, 299.1), (2638.6, 250.6), (2672.0, 224.0), (2672.4, 221.1), (2672.4, 250.8), (2674.6, 314.8), (2685.9, 348.9), (2707.4, 285.1), (2736.9, 278.8), (2774.2, 318.5), (2814.2, 348.9), (2854.2, 285.1), (2894.2, 278.8), (2934.2, 318.5), (2974.2, 348.9), (3014.2, 285.1), (3054.2, 241.8), (3094.2, 221.0), (3134.2, 225.2), (3174.2, 263.8), (3214.2, 333.1), (3254.2, 331.0), (3280.4, 272.3), (3286.9, 234.4), (3301.4, 219.4), (3323.9, 231.5), (3354.8, 261.4), (3394.4, 195.1), (3434.4, 149.2), (3474.4, 125.4), (3514.4, 126.0), (3554.4, 160.1), (3594.4, 227.0), (3634.4, 300.4), (3664.1, 368.0), (3664.4, 299.1), (3670.9, 250.6), (3685.4, 224.0), (3707.9, 221.1), (3738.4, 250.8), (3776.5, 314.8), (3816.5, 348.9), (3856.5, 285.1), (3859.5, 241.8), (3871.0, 221.0), (3890.5, 225.2), (3918.0, 263.8), (3955.8, 209.8), (3995.8, 158.7), (4035.8, 129.2), (4075.8, 123.0), (4115.8, 148.3), (4155.8, 208.7), (4195.8, 282.0), (4235.8, 316.9), (4242.6, 253.1), (4253.1, 209.8), (4271.6, 189.0), (4298.1, 193.2), (4332.6, 231.8), (4372.5, 186.5), (4412.5, 132.9), (4452.5, 100.5), (4492.5, 91.2), (4532.5, 112.0), (4572.5, 168.4), (4612.5, 241.8), (4624.1, 315.1), (4630.4, 348.9), (4646.9, 305.1), (4671.4, 330.4), (4704.6, 348.9), (4744.6, 305.1), (4784.6, 330.4), (4824.6, 348.9), (4864.6, 285.1), (4904.6, 241.8), (4944.6, 221.0), (4984.6, 202.0), (5024.6, 138.2), (5064.6, 94.9), (5104.6, 82.8), (5144.6, 114.5), (5184.6, 179.9), (5224.6, 253.3), (5264.6, 218.1), (5304.6, 164.5), (5344.6, 132.1), (5384.6, 122.8), (5424.6, 143.7), (5464.6, 200.0), (5488.2, 146.6), (5488.0, 95.6), (5488.0, 84.8), (5488.0, 121.0), (5488.0, 189.1), (5488.7, 154.5), (5488.0, 102.0), (5488.0, 82.8), (5488.0, 114.5), (5488.0, 179.9), (5488.0, 162.0), (5488.8, 105.9), (5488.8, 81.3), (5488.8, 108.6), (5488.8, 170.8), (5488.2, 170.5), (5488.3, 111.8), (5488.1, 80.4), (5488.1, 103.2), (5488.1, 161.6), (5488.4, 179.5), (5488.7, 119.3), (5488.1, 80.0), (5488.1, 98.4), (5488.1, 152.4), (5488.0, 188.3), (5488.0, 124.6), (5488.0, 81.3), (5488.0, 94.2), (5488.0, 143.8), (5488.0, 197.7), (5488.2, 131.4), (5488.4, 85.5), (5488.4, 90.5), (5488.4, 135.6), (5488.4, 207.4), (5488.7, 139.5), (5488.4, 92.0)]",0,27.48
novice,mario,Mario1-2,Stuck,1,0,197.5,0.969,"[(112.0, 208.0), (116.5, 226.4), (129.0, 280.4), (149.5, 353.8), (180.2, 314.5), (219.0, 260.9), (259.0, 228.5), (299.0, 219.2), (339.0, 240.0), (379.0, 171.2), (419.0, 122.7), (459.0, 96.1), (499.0, 93.1), (539.0, 122.8), (579.0, 186.8), (619.0, 260.1), (659.0, 275.8), (699.0, 214.6), (739.0, 173.9), (779.0, 156.0), (819.0, 164.1), (859.0, 207.1), (899.0, 203.0), (939.0, 144.3), (979.0, 106.4), (1019.0, 91.4), (1059.0, 103.5), (1099.0, 151.0), (1139.0, 223.4), (1179.0, 296.8), (1219.0, 340.8), (1259.0, 311.6), (1299.0, 305.7), (1339.0, 331.3), (1379.0, 348.9), (1419.0, 285.1), (1424.4, 241.8), (1424.4, 254.2), (1424.4, 303.8), (1430.9, 368.0), (1448.4, 304.0), (1473.9, 320.9), (1507.4, 368.0), (1547.4, 304.0), (1587.4, 320.9), (1627.4, 358.1), (1667.4, 326.0), (1707.4, 317.0), (1712.4, 338.1), (1716.9, 368.0), (1748.6, 368.3), (1788.6, 368.0), (1828.6, 339.8), (1868.6, 306.5), (1908.6, 335.9), (1948.6, 331.4), (1988.6, 310.8), (2028.6, 315.3), (2068.6, 354.2), (2108.6, 314.5), (2128.8, 260.9), (2128.8, 228.5), (2128.8, 219.2), (2128.8, 240.0), (2128.8, 296.4), (2131.5, 368.0), (2146.0, 304.0), (2168.5, 320.9), (2199.0, 368.0), (2238.6, 304.0), (2278.6, 320.9), (2318.6, 368.0), (2358.6, 304.0), (2398.6, 320.9), (2438.6, 368.0), (2478.6, 304.0), (2518.6, 320.9), (2558.6, 368.0), (2598.6, 299.1), (2638.6, 250.6), (2672.0, 224.0), (2672.4, 221.1), (2672.4, 250.8), (2674.6, 314.8), (2685.9, 348.9), (2707.4, 285.1), (2736.9, 278.8), (2774.2, 318.5), (2814.2, 348.9), (2854.2, 285.1), (2894.2, 278.8), (2934.2, 318.5), (2974.2, 348.9), (3014.2, 285.1), (3054.2, 241.8), (3094.2, 221.0), (3134.2, 225.2), (3174.2, 263.8), (3214.2, 333.1), (3254.2, 331.0), (3280.4, 272.3), (3286.9, 234.4), (3301.4, 219.4), (3323.9, 231.5), (3354.8, 261.4), (3394.4, 195.1), (3434.4, 149.2), (3474.4, 125.4), (3514.4, 126.0), (3554.4, 160.1), (3594.4, 227.0), (3634.4, 300.4), (3664.1, 368.0), (3664.4, 299.1), (3670.9, 250.6), (3685.4, 224.0), (3707.9, 221.1), (3738.4, 250.8), (3776.5, 314.8), (3816.5, 348.9), (3856.5, 285.1), (3859.5, 241.8), (3871.0, 221.0), (3890.5, 225.2), (3918.0, 263.8), (3955.8, 209.8), (3995.8, 158.7), (4035.8, 129.2), (4075.8, 123.0), (4115.8, 148.3), (4155.8, 208.7), (4195.8, 282.0), (4235.8, 316.9), (4242.6, 253.1), (4253.1, 209.8), (4271.6, 189.0), (4298.1, 193.2), (4332.6, 231.8), (4372.5, 186.5), (4412.5, 132.9), (4452.5, 100.5), (4492.5, 91.2), (4532.5, 112.0), (4572.5, 168.4), (4612.5, 241.8), (4624.1, 315.1), (4630.4, 348.9), (4646.9, 305.1), (4671.4, 330.4), (4704.6, 348.9), (4744.6, 305.1), (4784.6, 330.4), (4824.6, 348.9), (4864.6, 285.1), (4904.6, 241.8), (4944.6, 221.0), (4984.6, 202.0), (5024.6, 138.2), (5064.6, 94.9), (5104.6, 82.8), (5144.6, 114.5), (5184.6, 179.9), (5224.6, 253.3), (5264.6, 218.1), (5304.6, 164.5), (5344.6, 132.1), (5384.6, 122.8), (5424.6, 143.7), (5464.6, 200.0), (5488.2, 146.6), (5488.3, 95.6), (5488.1, 84.8), (5488.1, 121.0), (5488.1, 189.1), (5488.7, 153.9), (5488.0, 100.3), (5488.0, 82.8), (5488.0, 114.5), (5488.0, 179.9), (5488.0, 162.0), (5488.0, 105.9), (5488.0, 81.3), (5488.0, 108.6), (5488.0, 170.8), (5488.0, 170.5), (5488.0, 111.8), (5488.4, 80.4), (5488.4, 103.2), (5488.4, 161.6), (5488.4, 179.2), (5488.7, 118.0), (5488.1, 80.0), (5488.1, 98.4), (5488.1, 152.4), (5488.0, 188.3), (5488.0, 124.6), (5488.1, 81.3), (5488.1, 94.2), (5488.1, 143.8), (5488.5, 197.7), (5488.0, 131.4), (5488.8, 85.5), (5488.8, 90.5), (5488.8, 135.6), (5488.8, 207.4), (5488.7, 138.6), (5488.4, 90.1)]",0,27.48
novice,mario,Mario1-2,Stuck,1,0,197.9,0.969,"[(112.0, 208.0), (116.5, 226.4), (129.0, 280.4), (149.5, 353.8), (180.2, 314.5), (219.0, 260.9), (259.0, 228.5), (299.0, 219.2), (339.0, 240.0), (379.0, 171.2), (419.0, 122.7), (459.0, 96.1), (499.0, 93.1), (539.0, 122.8), (579.0, 186.8), (619.0, 260.1), (659.0, 275.8), (699.0, 214.6), (739.0, 173.9), (779.0, 156.0), (819.0, 164.1), (859.0, 207.1), (899.0, 203.0), (939.0, 144.3), (979.0, 106.4), (1019.0, 91.4), (1059.0, 103.5), (1099.0, 151.0), (1139.0, 223.4), (1179.0, 296.8), (1219.0, 340.8), (1259.0, 311.6), (1299.0, 305.7), (1339.0, 331.3), (1379.0, 348.9), (1419.0, 285.1), (1424.4, 241.8), (1424.4, 254.2), (1424.4, 303.8), (1430.9, 368.0), (1448.4, 304.0), (1473.9, 320.9), (1507.4, 368.0), (1547.4, 304.0), (1587.4, 320.9), (1627.4, 358.1), (1667.4, 326.0), (1707.4, 317.0), (1712.4, 338.1), (1716.9, 368.0), (1748.6, 368.3), (1788.6, 368.0), (1828.6, 339.8), (1868.6, 306.5), (1908.6, 335.9), (1948.6, 331.4), (1988.6, 310.8), (2028.6, 315.3), (2068.6, 354.2), (2108.6, 314.5), (2128.8, 260.9), (2128.8, 228.5), (2128.8, 219.2), (2128.8, 240.0), (2128.8, 296.4), (2131.5, 368.0), (2146.0, 304.0), (2168.5, 320.9), (2199.0, 368.0), (2238.6, 304.0), (2278.6, 320.9), (2318.6, 368.0), (2358.6, 304.0), (2398.6, 320.9), (2438.6, 368.0), (2478.6, 304.0), (2518.6, 320.9), (2558.6, 368.0), (2598.6, 299.1), (2638.6, 250.6), (2671.9, 224.0), (2671.6, 221.1), (2670.9, 250.8), (2674.4, 314.8), (2686.6, 348.9), (2709.1, 285.1), (2739.6, 278.8), (2777.8, 318.5), (2817.8, 348.9), (2857.8, 285.1), (2897.8, 278.8), (2937.8, 318.5), (2977.8, 348.9), (3017.8, 285.1), (3057.8, 241.8), (3097.8, 221.0), (3137.8, 225.2), (3177.8, 263.8), (3217.8, 333.1), (3257.8, 331.0), (3280.8, 272.3), (3288.2, 234.4), (3303.8, 219.4), (3327.2, 231.5), (3359.1, 261.4), (3399.0, 195.1), (3439.0, 149.2), (3479.0, 125.4), (3519.0, 126.0), (3559.0, 160.1), (3599.0, 227.0), (3639.0, 300.4), (3664.0, 368.0), (3664.8, 299.4), (3672.2, 251.2), (3687.8, 224.9), (3711.2, 222.3), (3742.8, 252.3), (3781.5, 316.4), (3821.5, 348.9), (3856.0, 285.1), (3860.5, 241.8), (3873.0, 221.0), (3893.5, 225.2), (3922.0, 263.8), (3960.4, 209.8), (4000.4, 158.7), (4040.4, 129.2), (4080.4, 123.0), (4120.4, 148.3), (4160.4, 208.7), (4200.4, 282.0), (4240.4, 316.9), (4243.5, 253.1), (4255.0, 209.8), (4274.5, 189.0), (4302.0, 193.2), (4337.5, 231.8), (4377.5, 186.5), (4417.5, 132.9), (4457.5, 100.5), (4497.5, 91.2), (4537.5, 112.0), (4577.5, 168.4), (4617.5, 241.8), (4624.4, 315.1), (4631.6, 348.9), (4649.1, 305.1), (4674.6, 330.4), (4708.9, 348.9), (4748.9, 305.1), (4788.9, 330.4), (4828.9, 348.9), (4868.9, 285.1), (4908.9, 241.8), (4948.9, 221.0), (4988.9, 202.0), (5028.9, 138.2), (5068.9, 94.9), (5108.9, 82.8), (5148.9, 114.5), (5188.9, 179.9), (5228.9, 253.3), (5268.9, 218.1), (5308.9, 164.5), (5348.9, 132.1), (5388.9, 122.8), (5428.9, 143.7), (5468.9, 200.0), (5488.8, 146.6), (5488.8, 95.6), (5488.8, 84.8), (5488.8, 121.0), (5488.6, 189.1), (5488.1, 153.9), (5488.1, 100.3), (5488.1, 82.8), (5488.1, 114.5), (5488.0, 179.9), (5488.0, 162.2), (5488.0, 106.4), (5488.0, 81.3), (5488.0, 108.6), (5488.2, 170.8), (5488.6, 170.6), (5488.4, 112.2), (5488.4, 80.4), (5488.4, 103.2), (5488.2, 161.6), (5488.1, 179.2), (5488.1, 118.0), (5488.1, 80.0), (5488.1, 98.4), (5488.1, 152.4), (5488.8, 188.4), (5488.8, 124.9), (5488.8, 81.9), (5488.8, 94.2), (5488.8, 143.8), (5488.7, 197.8), (5488.1, 131.7), (5488.1, 86.1), (5488.1, 90.5), (5488.1, 135.6), (5488.7, 207.4), (5488.8, 138.6), (5488.8, 90.1)]",0,27.47
novice,mario,Mario1-2,Stuck,6,0,197.54,0.969,"[(112.0, 208.0), (116.5, 226.4), (129.0, 280.4), (149.5, 353.8), (180.2, 314.5), (219.0, 260.9), (259.0, 228.5), (299.0, 219.2), (339.0, 240.0), (379.0, 171.2), (419.0, 122.7), (459.0, 96.1), (499.0, 93.1), (539.0, 122.8), (579.0, 186.8), (619.0, 260.1), (659.0, 275.8), (699.0, 214.6), (739.0, 173.9), (779.0, 156.0), (819.0, 164.1), (859.0, 207.1), (899.0, 203.0), (939.0, 144.3), (979.0, 106.4), (1019.0, 91.4), (1059.0, 103.5), (1099.0, 151.0), (1139.0, 223.4), (1179.0, 296.8), (1219.0, 340.8), (1259.0, 311.6), (1299.0, 305.7), (1339.0, 331.3), (1379.0, 348.9), (1419.0, 285.1), (1424.4, 241.8), (1424.4, 254.2), (1424.4, 303.8), (1430.9, 368.0), (1448.4, 304.0), (1473.9, 320.9), (1507.4, 368.0), (1547.4, 304.0), (1587.4, 320.9), (1627.4, 358.1), (1667.4, 326.0), (1707.4, 317.0), (1712.4, 338.1), (1716.9, 368.0), (1748.6, 368.3), (1788.6, 368.0), (1828.6, 339.8), (1868.6, 306.5), (1908.6, 335.9), (1948.6, 331.4), (1988.6, 310.8), (2028.6, 315.3), (2068.6, 354.2), (2108.6, 314.5), (2128.8, 260.9), (2128.8, 228.5), (2128.8, 219.2), (2128.8, 240.0), (2128.8, 296.4), (2131.5, 368.0), (2146.0, 304.0), (2168.5, 320.9), (2199.0, 368.0), (2238.6, 304.0), (2278.6, 320.9), (2318.6, 368.0), (2358.6, 304.0), (2398.6, 320.9), (2438.6, 368.0), (2478.6, 304.0), (2518.6, 320.9), (2558.6, 368.0), (2598.6, 299.1), (2638.6, 250.6), (2672.0, 224.0), (2672.4, 221.1), (2672.4, 250.8), (2674.6, 314.8), (2685.9, 348.9), (2707.4, 285.1), (2736.9, 278.8), (2774.2, 318.5), (2814.2, 348.9), (2854.2, 285.1), (2894.2, 278.8), (2934.2, 318.5), (2974.2, 348.9), (3014.2, 285.1), (3054.2, 241.8), (3094.2, 221.0), (3134.2, 225.2), (3174.2, 263.8), (3214.2, 333.1), (3254.2, 331.0), (3280.4, 272.3), (3286.9, 234.4), (3301.4, 219.4), (3323.9, 231.5), (3354.8, 261.4), (3394.4, 195.1), (3434.4, 149.2), (3474.4, 125.4), (3514.4, 126.0), (3554.4, 160.1), (3594.4, 227.0), (3634.4, 300.4), (3664.1, 368.0), (3664.4, 299.1), (3670.9, 250.6), (3685.4, 224.0), (3707.9, 221.1), (3738.4, 250.8), (3776.5, 314.8), (3816.5, 348.9), (3856.5, 285.1), (3859.5, 241.8), (3871.0, 221.0), (3890.5, 225.2), (3918.0, 263.8), (3955.8, 209.8), (3995.8, 158.7), (4035.8, 129.2), (4075.8, 123.0), (4115.8, 148.3), (4155.8, 208.7), (4195.8, 282.0), (4235.8, 316.9), (4242.6, 253.1), (4253.1, 209.8), (4271.6, 189.0), (4298.1, 193.2), (4332.6, 231.8), (4372.5, 186.5), (4412.5, 132.9), (4452.5, 100.5), (4492.5, 91.2), (4532.5, 112.0), (4572.5, 168.4), (4612.5, 241.8), (4624.1, 315.1), (4630.4, 348.9), (4646.9, 305.1), (4671.4, 330.4), (4704.6, 348.9), (4744.6, 305.1), (4784.6, 330.4), (4824.6, 348.9), (4864.6, 285.1), (4904.6, 241.8), (4944.6, 221.0), (4984.6, 202.0), (5024.6, 138.2), (5064.6, 94.9), (5104.6, 82.8), (5144.6, 114.5), (5184.6, 179.9), (5224.6, 253.3), (5264.6, 218.1), (5304.6, 164.5), (5344.6, 132.1), (5384.6, 122.8), (5424.6, 143.7), (5464.6, 200.0), (5488.2, 146.6), (5488.0, 95.6), (5488.0, 84.8), (5488.0, 121.0), (5488.0, 189.1), (5488.7, 154.5), (5488.0, 102.0), (5488.0, 82.8), (5488.0, 114.5), (5488.0, 179.9), (5488.0, 162.0), (5488.0, 105.9), (5488.0, 81.3), (5488.0, 108.6), (5488.0, 170.8), (5488.0, 170.5), (5488.1, 111.8), (5488.1, 80.4), (5488.1, 103.2), (5488.1, 161.6), (5488.4, 179.5), (5488.7, 119.3), (5488.1, 80.0), (5488.1, 98.4), (5488.1, 152.4), (5488.0, 188.3), (5488.0, 124.6), (5488.1, 81.3), (5488.1, 94.2), (5488.1, 143.8), (5488.5, 197.7), (5488.0, 131.4), (5488.4, 85.5), (5488.4, 90.5), (5488.4, 135.6), (5488.4, 207.4), (5488.7, 139.5), (5488.4, 92.0)]",0,27.48
novice,mario,Mario1-2,Stuck,1,0,198.12,0.969,"[(112.0, 208.0), (116.5, 226.4), (129.0, 280.4), (149.5, 353.8), (180.2, 314.5), (219.0, 260.9), (259.0, 228.5), (299.0, 219.2), (339.0, 240.0), (379.0, 171.2), (419.0, 122.7), (459.0, 96.1), (499.0, 93.1), (539.0, 122.8), (579.0, 186.8), (619.0, 260.1), (659.0, 275.8), (699.0, 214.6), (739.0, 173.9), (779.0, 156.0), (819.0, 164.1), (859.0, 207.1), (899.0, 203.0), (939.0, 144.3), (979.0, 106.4), (1019.0, 91.4), (1059.0, 103.5), (1099.0, 151.0), (1139.0, 223.4), (1179.0, 296.8), (1219.0, 340.8), (1259.0, 311.6), (1299.0, 305.7), (1339.0, 331.3), (1379.0, 348.9), (1419.0, 285.1), (1424.4, 241.8), (1424.4, 254.2), (1424.4, 303.8), (1430.9, 368.0), (1448.4, 304.0), (1473.9, 320.9), (1507.4, 368.0), (1547.4, 304.0), (1587.4, 320.9), (1627.4, 358.1), (1667.4, 326.0), (1707.4, 317.0), (1712.4, 338.1), (1716.9, 368.0), (1748.6, 368.3), (1788.6, 368.0), (1828.6, 339.8), (1868.6, 306.5), (1908.6, 335.9), (1948.6, 331.4), (1988.6, 310.8), (2028.6, 315.3), (2068.6, 354.2), (2108.6, 314.5), (2128.8, 260.9), (2128.8, 228.5), (2128.8, 219.2), (2128.8, 240.0), (2128.8, 296.4), (2131.5, 368.0), (2146.0, 304.0), (2168.5, 320.9), (2199.0, 368.0), (2238.6, 304.0), (2278.6, 320.9), (2318.6, 368.0), (2358.6, 304.0), (2398.6, 320.9), (2438.6, 368.0), (2478.6, 304.0), (2518.6, 320.9), (2558.6, 368.0), (2598.6, 299.1), (2638.6, 250.6), (2672.1, 224.0), (2672.1, 221.1), (2672.1, 250.8), (2673.9, 314.8), (2684.1, 348.9), (2704.6, 285.1), (2733.1, 278.8), (2769.6, 318.5), (2809.6, 348.9), (2849.6, 285.1), (2889.6, 278.8), (2929.6, 318.5), (2969.6, 348.9), (3009.6, 285.1), (3049.6, 241.8), (3089.6, 221.0), (3129.6, 225.2), (3169.6, 263.8), (3209.6, 333.1), (3249.6, 331.0), (3280.1, 272.3), (3285.6, 234.4), (3299.1, 219.4), (3320.6, 231.5), (3350.5, 261.4), (3389.8, 195.1), (3429.8, 149.2), (3469.8, 125.4), (3509.8, 126.0), (3549.8, 160.1), (3589.8, 227.0), (3629.8, 300.4), (3664.0, 368.0), (3664.4, 299.1), (3670.9, 250.6), (3685.4, 224.0), (3707.9, 221.1), (3738.4, 250.8), (3776.5, 314.8), (3816.5, 348.9), (3856.5, 285.1), (3859.5, 241.8), (3871.0, 221.0), (3890.5, 225.2), (3918.0, 263.8), (3955.8, 209.8), (3995.8, 158.7), (4035.8, 129.2), (4075.8, 123.0), (4115.8, 148.3), (4155.8, 208.7), (4195.8, 282.0), (4235.8, 316.9), (4242.6, 253.1), (4253.1, 209.8), (4271.6, 189.0), (4298.1, 193.2), (4332.6, 231.8), (4372.5, 186.5), (4412.5, 132.9), (4452.5, 100.5), (4492.5, 91.2), (4532.5, 112.0), (4572.5, 168.4), (4612.5, 241.8), (4624.1, 315.1), (4630.4, 348.9), (4646.9, 305.1), (4671.4, 330.4), (4704.6, 348.9), (4744.6, 305.1), (4784.6, 330.4), (4824.6, 348.9), (4864.6, 285.1), (4904.6, 241.8), (4944.6, 221.0), (4984.6, 202.0), (5024.6, 138.2), (5064.6, 94.9), (5104.6, 82.8), (5144.6, 114.5), (5184.6, 179.9), (5224.6, 253.3), (5264.6, 218.1), (5304.6, 164.5), (5344.6, 132.1), (5384.6, 122.8), (5424.6, 143.7), (5464.6, 200.0), (5488.8, 146.6), (5488.8, 95.6), (5488.8, 84.8), (5488.8, 121.0), (5488.8, 189.1), (5488.0, 153.9), (5488.0, 100.3), (5488.0, 82.8), (5488.0, 114.5), (5488.0, 179.9), (5488.0, 162.0), (5488.0, 105.9), (5488.0, 81.3), (5488.0, 108.6), (5488.0, 170.8), (5488.4, 170.5), (5488.4, 111.8), (5488.4, 80.4), (5488.4, 103.2), (5488.4, 161.6), (5488.4, 179.2), (5488.4, 118.0), (5488.4, 80.0), (5488.4, 98.4), (5488.4, 152.4), (5488.0, 188.3), (5488.0, 124.6), (5488.0, 81.3), (5488.0, 94.2), (5488.0, 143.8), (5488.0, 197.7), (5488.0, 131.4), (5488.0, 85.5), (5488.0, 90.5), (5488.0, 135.6), (5488.0, 207.4), (5488.4, 138.6), (5488.4, 90.1)]",0,27.48
novice,mario,Mario1-2,Stuck,1,2,143.81,0.348,"[(112.0, 208.0), (116.5, 226.4), (129.0, 280.4), (149.5, 353.8), (180.2, 314.5), (219.0, 260.9), (259.0, 228.5), (299.0, 219.2), (339.0, 240.0), (379.0, 171.2), (419.0, 122.7), (459.0, 96.1), (499.0, 93.1), (539.0, 122.8), (579.0, 186.8), (619.0, 260.1), (659.0, 275.8), (699.0, 214.6), (739.0, 173.9), (779.0, 156.0), (819.0, 164.1), (859.0, 207.1), (899.0, 203.0), (939.0, 144.3), (979.0, 106.4), (1019.0, 91.4), (1059.0, 103.5), (1099.0, 151.0), (1139.0, 223.4), (1179.0, 296.8), (1219.0, 340.8), (1259.0, 311.6), (1299.0, 305.7), (1339.0, 331.3), (1379.0, 348.9), (1419.0, 285.1), (1424.4, 241.8), (1424.4, 254.2), (1424.2, 303.8), (1426.8, 368.0), (1440.3, 304.0), (1461.8, 320.9), (1491.3, 368.0), (1530.6, 304.0), (1570.6, 320.9), (1610.6, 368.0), (1650.6, 304.0), (1690.6, 320.9), (1712.8, 345.1), (1712.8, 315.8), (1712.8, 309.9), (1712.8, 335.5), (1712.0, 339.9), (1712.0, 279.0), (1712.0, 238.6), (1716.5, 221.0), (1729.0, 229.3), (1751.4, 194.6), (1782.9, 144.0), (1821.6, 161.5), (1861.6, 214.5), (1901.6, 194.6), (1941.6, 144.0), (1968.4, 161.5), (1968.4, 214.5), (1968.8, 194.6), (1968.8, 144.0), (1968.8, 161.5), (1968.8, 214.5), (1968.0, 194.6), (1968.0, 144.0), (1968.0, 161.5), (1968.0, 214.5), (1968.0, 194.6), (1968.0, 144.0), (1968.0, 161.5), (1968.0, 214.5), (1968.0, 194.6), (1968.0, 144.0), (1968.0, 161.5), (1968.0, 214.5), (1968.0, 194.6), (1968.0, 144.0), (1968.0, 161.5), (1968.0, 214.5), (1968.0, 194.6), (1968.0, 144.0), (1968.0, 161.5), (1968.0, 214.5), (1968.0, 194.6), (1968.0, 144.0), (1968.0, 161.5), (1968.0, 214.5), (1968.0, 194.6), (1968.0, 144.0), (1968.0, 161.5), (1968.0, 214.5), (1968.0, 194.6), (1968.0, 144.0), (1968.0, 161.5), (1968.0, 214.5)]",0,13.37
novice,mario,Mario1-2,Stuck,1,0,198.0,0.969,"[(112.0, 208.0), (116.5, 226.4), (129.0, 280.4), (149.5, 353.8), (180.2, 314.5), (219.0, 260.9), (259.0, 228.5), (299.0, 219.2), (339.0, 240.0), (379.0, 171.2), (419.0, 122.7), (459.0, 96.1), (499.0, 93.1), (539.0, 122.8), (579.0, 186.8), (619.0, 260.1), (659.0, 275.8), (699.0, 214.6), (739.0, 173.9), (779.0, 156.0), (819.0, 164.1), (859.0, 207.1), (899.0, 203.0), (939.0, 144.3), (979.0, 106.4), (1019.0, 91.4), (1059.0, 103.5), (1099.0, 151.0), (1139.0, 223.4), (1179.0, 296.8), (1219.0, 340.8), (1259.0, 311.6), (1299.0, 305.7), (1339.0, 331.3), (1379.0, 348.9), (1419.0, 285.1), (1424.4, 241.8), (1424.4, 254.2), (1424.4, 303.8), (1430.9, 368.0), (1448.4, 304.0), (1473.9, 320.9), (1507.4, 368.0), (1547.4, 304.0), (1587.4, 320.9), (1627.4, 358.1), (1667.4, 326.0), (1707.4, 317.0), (1712.4, 338.1), (1716.9, 368.0), (1748.6, 368.3), (1788.6, 368.0), (1828.6, 339.8), (1868.6, 306.5), (1908.6, 335.9), (1948.6, 331.4), (1988.6, 310.8), (2028.6, 315.3), (2068.6, 354.2), (2108.6, 314.5), (2128.8, 260.9), (2128.8, 228.5), (2128.8, 219.2), (2128.8, 240.0), (2128.8, 296.4), (2131.5, 368.0), (2146.0, 304.0), (2168.5, 320.9), (2199.0, 368.0), (2238.6, 304.0), (2278.6, 320.9), (2318.6, 368.0), (2358.6, 304.0), (2398.6, 320.9), (2438.6, 368.0), (2478.6, 304.0), (2518.6, 320.9), (2558.6, 368.0), (2598.6, 299.1), (2638.6, 250.6), (2671.9, 224.0), (2671.6, 221.1), (2672.1, 250.8), (2673.9, 314.8), (2684.1, 348.9), (2704.6, 285.1), (2733.1, 278.8), (2769.6, 318.5), (2809.6, 348.9), (2849.6, 285.1), (2889.6, 278.8), (2929.6, 318.5), (2969.6, 348.9), (3009.6, 285.1), (3049.6, 241.8), (3089.6, 221.0), (3129.6, 225.2), (3169.6, 263.8), (3209.6, 333.1), (3249.6, 331.0), (3280.1, 272.3), (3285.6, 234.4), (3299.1, 219.4), (3320.6, 231.5), (3350.5, 261.4), (3389.8, 195.1), (3429.8, 149.2), (3469.8, 125.4), (3509.8, 126.0), (3549.8, 160.1), (3589.8, 227.0), (3629.8, 300.4), (3664.0, 368.0), (3664.4, 299.1), (3670.9, 250.6), (3685.4, 224.0), (3707.9, 221.1), (3738.4, 250.8), (3776.5, 314.8), (3816.5, 348.9), (3856.5, 285.1), (3859.5, 241.8), (3871.0, 221.0), (3890.5, 225.2), (3918.0, 263.8), (3955.8, 209.8), (3995.8, 158.7), (4035.8, 129.2), (4075.8, 123.0), (4115.8, 148.3), (4155.8, 208.7), (4195.8, 282.0), (4235.8, 316.9), (4242.6, 253.1), (4253.1, 209.8), (4271.6, 189.0), (4298.1, 193.2), (4332.6, 231.8), (4372.5, 186.5), (4412.5, 132.9), (4452.5, 100.5), (4492.5, 91.2), (4532.5, 112.0), (4572.5, 168.4), (4612.5, 241.8), (4624.1, 315.1), (4630.4, 348.9), (4646.9, 305.1), (4671.4, 330.4), (4704.6, 348.9), (4744.6, 305.1), (4784.6, 330.4), (4824.6, 348.9), (4864.6, 285.1), (4904.6, 241.8), (4944.6, 221.0), (4984.6, 202.0), (5024.6, 138.2), (5064.6, 94.9), (5104.6, 82.8), (5144.6, 114.5), (5184.6, 179.9), (5224.6, 253.3), (5264.6, 218.1), (5304.6, 164.5), (5344.6, 132.1), (5384.6, 122.8), (5424.6, 143.7), (5464.6, 200.0), (5488.8, 146.6), (5488.8, 95.6), (5488.8, 84.8), (5488.8, 121.0), (5488.8, 189.1), (5488.0, 153.9), (5488.0, 100.3), (5488.0, 82.8), (5488.0, 114.5), (5488.0, 179.9), (5488.1, 162.0), (5488.1, 105.9), (5488.1, 81.3), (5488.1, 108.6), (5488.1, 170.8), (5488.0, 170.5), (5488.8, 111.8), (5488.8, 80.4), (5488.8, 103.2), (5488.8, 161.6), (5488.1, 179.2), (5488.1, 118.0), (5488.1, 80.0), (5488.1, 98.4), (5488.1, 152.4), (5488.0, 188.3), (5488.4, 124.6), (5488.4, 81.3), (5488.4, 94.2), (5488.4, 143.8), (5488.8, 197.7), (5488.0, 131.4), (5488.0, 85.5), (5488.0, 90.5), (5488.0, 135.6), (5488.0, 207.4), (5488.4, 138.6), (5488.4, 90.1)]",0,27.48
novice,mario,Mario1-2,Pit,1,0,246.25,0.907,"[(112.0, 208.0), (116.5, 226.4), (129.0, 280.4), (149.5, 353.8), (180.2, 314.5), (219.0, 260.9), (259.0, 228.5), (299.0, 219.2), (339.0, 240.0), (379.0, 171.2), (419.0, 122.7), (459.0, 96.1), (499.0, 93.1), (539.0, 122.8), (579.0, 186.8), (619.0, 260.1), (659.0, 275.8), (699.0, 214.6), (739.0, 173.9), (779.0, 156.0), (819.0, 164.1), (859.0, 207.1), (899.0, 203.0), (939.0, 144.3), (979.0, 106.4), (1019.0, 91.4), (1059.0, 103.5), (1099.0, 151.0), (1139.0, 223.4), (1179.0, 296.8), (1219.0, 340.8), (1259.0, 311.6), (1299.0, 305.7), (1339.0, 331.3), (1379.0, 348.9), (1419.0, 285.1), (1424.4, 241.8), (1424.4, 254.2), (1424.4, 303.8), (1430.9, 368.0), (1448.4, 304.0), (1473.9, 320.9), (1507.4, 368.0), (1547.4, 304.0), (1587.4, 320.9), (1627.4, 358.1), (1667.4, 326.0), (1707.4, 317.0), (1712.4, 338.1), (1716.9, 368.0), (1748.6, 368.3), (1788.6, 368.0), (1828.6, 339.8), (1868.6, 306.5), (1908.6, 335.9), (1948.6, 331.4), (1988.6, 310.8), (2028.6, 315.3), (2068.6, 354.2), (2108.6, 314.5), (2128.8, 260.9), (2128.8, 228.5), (2128.8, 219.2), (2128.8, 240.0), (2128.8, 296.4), (2131.5, 368.0), (2146.0, 304.0), (2168.5, 320.9), (2199.0, 368.0), (2238.6, 304.0), (2278.6, 320.9), (2318.6, 368.0), (2358.6, 304.0), (2398.6, 320.9), (2438.6, 368.0), (2478.6, 304.0), (2518.6, 320.9), (2558.6, 368.0), (2598.6, 299.1), (2638.6, 250.6), (2672.0, 224.0), (2672.4, 221.1), (2672.6, 250.8), (2673.2, 314.8), (2682.5, 348.9), (2702.0, 285.1), (2729.5, 278.8), (2765.0, 318.5), (2805.0, 348.9), (2845.0, 285.1), (2885.0, 278.8), (2925.0, 318.5), (2965.0, 348.9), (3005.0, 285.1), (3045.0, 241.8), (3085.0, 221.0), (3125.0, 225.2), (3165.0, 263.8), (3205.0, 333.1), (3245.0, 331.0), (3280.0, 272.3), (3284.5, 234.4), (3297.0, 219.4), (3317.5, 231.5), (3346.4, 261.4), (3385.1, 195.1), (3425.1, 149.2), (3465.1, 125.4), (3505.1, 126.0), (3545.1, 160.1), (3585.1, 227.0), (3625.1, 300.4), (3664.0, 368.0), (3664.0, 299.1), (3668.5, 250.6), (3681.0, 224.0), (3701.5, 221.1), (3730.0, 250.8), (3766.5, 314.8), (3806.5, 348.9), (3846.5, 285.1), (3886.5, 241.8), (3926.5, 221.0), (3966.5, 225.2), (4006.5, 263.8), (4046.5, 333.1), (4086.5, 331.0), (4126.5, 272.3), (4166.5, 234.4), (4206.5, 219.4), (4246.5, 231.5), (4286.5, 261.4), (4326.5, 195.1), (4366.5, 149.2), (4406.5, 125.4), (4446.5, 126.0), (4486.5, 160.1), (4526.5, 227.0), (4566.5, 220.0), (4606.5, 161.3), (4646.5, 123.4), (4686.5, 108.4), (4726.5, 120.5), (4766.5, 168.0), (4806.5, 240.4), (4846.5, 171.6), (4886.5, 123.1), (4926.5, 96.4), (4966.5, 93.5), (5006.5, 123.2), (5046.5, 187.2), (5086.5, 260.5), (5126.5, 333.9), (5136.1, 407.2)]",0,20.45
novice,mario,Mario1-2,Stuck,1,5,137.69,0.348,"[(112.0, 208.0), (107.5, 226.4), (95.2, 280.4), (85.8, 353.8), (86.8, 314.6), (96.8, 261.2), (114.7, 229.1), (140.7, 220.1), (174.6, 241.1), (214.3, 297.7), (254.3, 368.0), (294.3, 299.1), (304.1, 250.6), (305.9, 224.0), (315.4, 221.1), (333.6, 220.9), (362.1, 157.2), (398.6, 113.9), (436.0, 93.0), (465.5, 97.2), (489.5, 135.8), (520.0, 205.1), (558.1, 278.5), (598.1, 326.3), (638.1, 260.0), (678.1, 214.0), (718.1, 190.3), (758.1, 190.9), (798.1, 225.0), (838.1, 194.6), (878.1, 138.4), (918.1, 103.3), (956.9, 91.1), (988.4, 107.5), (1011.9, 159.4), (1034.4, 232.6), (1066.0, 243.8), (1105.6, 182.6), (1145.6, 141.9), (1185.6, 124.0), (1221.9, 132.1), (1261.1, 175.1), (1301.1, 114.6), (1341.1, 81.1), (1377.9, 107.4), (1416.6, 168.8), (1456.6, 114.6), (1496.5, 81.1), (1531.0, 107.4), (1557.5, 168.8), (1576.0, 242.1), (1586.5, 315.4), (1598.0, 331.7), (1617.5, 308.3), (1645.0, 309.1), (1680.5, 343.6), (1712.1, 331.0), (1712.1, 272.3), (1712.1, 234.4), (1717.6, 219.4), (1731.1, 231.5), (1754.9, 186.5), (1787.4, 144.3), (1824.1, 166.2), (1864.0, 223.6), (1904.0, 186.5), (1944.0, 144.3), (1968.8, 166.2), (1968.8, 223.6), (1968.0, 186.5), (1968.0, 144.3), (1968.0, 166.2), (1968.0, 223.6), (1968.1, 186.5), (1968.1, 144.3), (1968.1, 166.2), (1968.1, 223.6), (1968.1, 186.5), (1968.1, 144.3), (1968.1, 166.2), (1968.1, 223.6), (1968.1, 186.5), (1968.1, 144.3), (1968.1, 166.2), (1968.1, 223.6), (1968.1, 186.5), (1968.1, 144.3), (1968.1, 166.2), (1968.1, 223.6), (1968.1, 186.5), (1968.1, 144.3), (1968.1, 166.2), (1968.1, 223.6), (1968.1, 186.5), (1968.1, 144.3), (1968.1, 166.2), (1968.1, 223.6), (1968.1, 186.5), (1968.1, 144.3), (1968.1, 166.2), (1968.1, 223.6), (1968.1, 186.5), (1968.1, 144.3), (1968.1, 166.2), (1968.1, 223.6)]",0,13.88
novice,mario,Mario1-2,Success,3,0,219.56,0.947,"[(112.0, 208.0), (116.5, 226.4), (129.0, 280.4), (149.5, 353.8), (180.2, 314.5), (219.0, 260.9), (259.0, 228.5), (299.0, 219.2), (339.0, 240.0), (379.0, 171.2), (419.0, 122.7), (458.5, 96.1), (498.5, 93.1), (538.5, 122.8), (578.5, 186.8), (618.5, 260.1), (658.5, 275.8), (698.5, 214.6), (738.5, 173.9), (778.5, 156.0), (818.5, 164.1), (858.5, 207.1), (898.5, 203.0), (938.5, 144.3), (978.5, 106.4), (1018.5, 91.4), (1058.5, 103.5), (1098.5, 151.0), (1138.5, 223.4), (1178.5, 296.8), (1218.5, 340.8), (1258.5, 311.6), (1298.5, 305.7), (1338.5, 331.3), (1378.5, 348.9), (1418.4, 285.1), (1424.4, 241.8), (1424.4, 254.2), (1424.4, 303.8), (1430.9, 368.0), (1445.5, 304.0), (1458.1, 320.9), (1477.6, 368.0), (1508.1, 304.0), (1546.2, 320.9), (1586.2, 345.1), (1626.2, 315.8), (1666.2, 309.9), (1706.2, 335.5), (1716.9, 368.0), (1748.6, 368.3), (1788.6, 368.0), (1828.6, 339.8), (1868.6, 306.5), (1908.6, 335.9), (1948.6, 331.4), (1988.6, 310.8), (2028.6, 315.3), (2068.6, 354.2), (2108.6, 314.5), (2128.0, 260.9), (2128.0, 228.5), (2128.0, 219.2), (2128.0, 240.0), (2128.0, 296.4), (2132.5, 368.0), (2143.9, 304.0), (2151.7, 320.9), (2164.5, 368.0), (2184.2, 304.0), (2202.7, 320.9), (2228.5, 368.0), (2265.3, 299.1), (2288.8, 250.6), (2288.8, 224.0), (2288.8, 221.1), (2288.8, 250.8), (2288.8, 314.8), (2297.0, 348.9), (2308.5, 305.1), (2317.5, 330.4), (2334.1, 348.9), (2358.6, 305.1), (2388.7, 330.4), (2426.6, 348.9), (2466.6, 305.1), (2506.6, 330.4), (2546.6, 348.9), (2586.6, 285.1), (2626.6, 241.8), (2666.6, 221.0), (2672.4, 225.2), (2672.4, 263.8), (2674.6, 333.1), (2686.0, 331.0), (2697.4, 272.3), (2704.4, 285.4), (2713.9, 333.9), (2732.7, 331.0), (2752.6, 272.3), (2768.7, 285.4), (2789.9, 333.9), (2820.5, 331.0), (2859.6, 272.3), (2899.6, 285.4), (2939.6, 333.9), (2979.6, 331.0), (3019.6, 272.3), (3059.6, 234.4), (3099.6, 219.4), (3139.6, 231.5), (3179.6, 279.0), (3219.6, 351.4), (3259.6, 314.5), (3280.8, 260.9), (3288.2, 228.5), (3303.8, 219.2), (3327.2, 240.0), (3359.9, 242.9), (3399.8, 181.7), (3439.8, 141.1), (3479.8, 123.1), (3519.8, 131.2), (3559.8, 174.2), (3599.8, 245.4), (3639.8, 318.7), (3664.4, 335.0), (3664.4, 311.5), (3664.4, 312.4), (3664.4, 346.8), (3664.8, 323.5), (3667.5, 267.3), (3679.0, 232.2), (3698.5, 220.0), (3726.0, 236.4), (3761.5, 288.3), (3801.5, 361.5), (3841.5, 306.6), (3857.2, 255.6), (3865.8, 226.1), (3882.2, 219.9), (3906.8, 245.1), (3940.8, 234.1), (3980.8, 175.5), (4020.8, 137.5), (4060.8, 122.5), (4100.8, 134.6), (4140.8, 182.1), (4180.8, 254.5), (4220.8, 327.9), (4240.8, 274.6), (4248.2, 223.6), (4263.8, 194.1), (4287.2, 187.9), (4318.8, 213.1), (4357.5, 211.8), (4397.5, 150.6), (4437.5, 109.9), (4477.5, 92.0), (4517.5, 100.1), (4557.5, 143.1), (4597.5, 133.0), (4637.1, 80.0), (4677.0, 97.3), (4717.0, 149.9), (4757.0, 223.2), (4797.0, 186.5), (4837.0, 132.9), (4877.0, 100.5), (4917.0, 91.2), (4957.0, 112.0), (4997.0, 168.4), (5037.0, 238.0), (5077.0, 169.1), (5117.0, 120.6), (5157.0, 94.0), (5197.0, 91.1), (5237.0, 120.8), (5277.0, 184.8), (5317.0, 258.1), (5357.0, 218.5)]",0,24.02
novice,mario,Mario1-2,Stuck,6,0,197.54,0.969,"[(112.0, 208.0), (116.5, 226.4), (129.0, 280.4), (149.5, 353.8), (180.2, 314.5), (219.0, 260.9), (259.0, 228.5), (299.0, 219.2), (339.0, 240.0), (379.0, 171.2), (419.0, 122.7), (459.0, 96.1), (499.0, 93.1), (539.0, 122.8), (579.0, 186.8), (619.0, 260.1), (659.0, 275.8), (699.0, 214.6), (739.0, 173.9), (779.0, 156.0), (819.0, 164.1), (859.0, 207.1), (899.0, 203.0), (939.0, 144.3), (979.0, 106.4), (1019.0, 91.4), (1059.0, 103.5), (1099.0, 151.0), (1139.0, 223.4), (1179.0, 296.8), (1219.0, 340.8), (1259.0, 311.6), (1299.0, 305.7), (1339.0, 331.3), (1379.0, 348.9), (1419.0, 285.1), (1424.4, 241.8), (1424.4, 254.2), (1424.4, 303.8), (1430.9, 368.0), (1448.4, 304.0), (1473.9, 320.9), (1507.4, 368.0), (1547.4, 304.0), (1587.4, 320.9), (1627.4, 358.1), (1667.4, 326.0), (1707.4, 317.0), (1712.4, 338.1), (1716.9, 368.0), (1748.6, 368.3), (1788.6, 368.0), (1828.6, 339.8), (1868.6, 306.5), (1908.6, 335.9), (1948.6, 331.4), (1988.6, 310.8), (2028.6, 315.3), (2068.6, 354.2), (2108.6, 314.5), (2128.8, 260.9), (2128.8, 228.5), (2128.8, 219.2), (2128.8, 240.0), (2128.8, 296.4), (2131.5, 368.0), (2146.0, 304.0), (2168.5, 320.9), (2199.0, 368.0), (2238.6, 304.0), (2278.6, 320.9), (2318.6, 368.0), (2358.6, 304.0), (2398.6, 320.9), (2438.6, 368.0), (2478.6, 304.0), (2518.6, 320.9), (2558.6, 368.0), (2598.6, 299.1), (2638.6, 250.6), (2672.0, 224.0), (2672.4, 221.1), (2672.4, 250.8), (2674.6, 314.8), (2685.9, 348.9), (2707.4, 285.1), (2736.9, 278.8), (2774.2, 318.5), (2814.2, 348.9), (2854.2, 285.1), (2894.2, 278.8), (2934.2, 318.5), (2974.2, 348.9), (3014.2, 285.1), (3054.2, 241.8), (3094.2, 221.0), (3134.2, 225.2), (3174.2, 263.8), (3214.2, 333.1), (3254.2, 331.0), (3280.4, 272.3), (3286.9, 234.4), (3301.4, 219.4), (3323.9, 231.5), (3354.8, 261.4), (3394.4, 195.1), (3434.4, 149.2), (3474.4, 125.4), (3514.4, 126.0), (3554.4, 160.1), (3594.4, 227.0), (3634.4, 300.4), (3664.1, 368.0), (3664.4, 299.1), (3670.9, 250.6), (3685.4, 224.0), (3707.9, 221.1), (3738.4, 250.8), (3776.5, 314.8), (3816.5, 348.9), (3856.5, 285.1), (3859.5, 241.8), (3871.0, 221.0), (3890.5, 225.2), (3918.0, 263.8), (3955.8, 209.8), (3995.8, 158.7), (4035.8, 129.2), (4075.8, 123.0), (4115.8, 148.3), (4155.8, 208.7), (4195.8, 282.0), (4235.8, 316.9), (4242.6, 253.1), (4253.1, 209.8), (4271.6, 189.0), (4298.1, 193.2), (4332.6, 231.8), (4372.5, 186.5), (4412.5, 132.9), (4452.5, 100.5), (4492.5, 91.2), (4532.5, 112.0), (4572.5, 168.4), (4612.5, 241.8), (4624.1, 315.1), (4630.4, 348.9), (4646.9, 305.1), (4671.4, 330.4), (4704.6, 348.9), (4744.6, 305.1), (4784.6, 330.4), (4824.6, 348.9), (4864.6, 285.1), (4904.6, 241.8), (4944.6, 221.0), (4984.6, 202.0), (5024.6, 138.2), (5064.6, 94.9), (5104.6, 82.8), (5144.6, 114.5), (5184.6, 179.9), (5224.6, 253.3), (5264.6, 218.1), (5304.6, 164.5), (5344.6, 132.1), (5384.6, 122.8), (5424.6, 143.7), (5464.6, 200.0), (5488.2, 146.6), (5488.0, 95.6), (5488.0, 84.8), (5488.0, 121.0), (5488.0, 189.1), (5488.7, 154.5), (5488.0, 102.0), (5488.0, 82.8), (5488.0, 114.5), (5488.0, 179.9), (5488.0, 162.0), (5488.0, 105.9), (5488.0, 81.3), (5488.0, 108.6), (5488.0, 170.8), (5488.0, 170.5), (5488.1, 111.8), (5488.1, 80.4), (5488.1, 103.2), (5488.1, 161.6), (5488.4, 179.5), (5488.7, 119.3), (5488.1, 80.0), (5488.1, 98.4), (5488.1, 152.4), (5488.0, 188.3), (5488.0, 124.6), (5488.1, 81.3), (5488.1, 94.2), (5488.1, 143.8), (5488.5, 197.7), (5488.0, 131.4), (5488.4, 85.5), (5488.4, 90.5), (5488.4, 135.6), (5488.4, 207.4), (5488.7, 139.5), (5488.4, 92.0)]",0,27.48
novice,mario,Mario1-2,Stuck,1,0,197.9,0.969,"[(112.0, 208.0), (116.5, 226.4), (129.0, 280.4), (149.5, 353.8), (180.2, 314.5), (219.0, 260.9), (259.0, 228.5), (299.0, 219.2), (339.0, 240.0), (379.0, 171.2), (419.0, 122.7), (459.0, 96.1), (499.0, 93.1), (539.0, 122.8), (579.0, 186.8), (619.0, 260.1), (659.0, 275.8), (699.0, 214.6), (739.0, 173.9), (779.0, 156.0), (819.0, 164.1), (859.0, 207.1), (899.0, 203.0), (939.0, 144.3), (979.0, 106.4), (1019.0, 91.4), (1059.0, 103.5), (1099.0, 151.0), (1139.0, 223.4), (1179.0, 296.8), (1219.0, 340.8), (1259.0, 311.6), (1299.0, 305.7), (1339.0, 331.3), (1379.0, 348.9), (1419.0, 285.1), (1424.4, 241.8), (1424.4, 254.2), (1424.4, 303.8), (1430.9, 368.0), (1448.4, 304.0), (1473.9, 320.9), (1507.4, 368.0), (1547.4, 304.0), (1587.4, 320.9), (1627.4, 358.1), (1667.4, 326.0), (1707.4, 317.0), (1712.4, 338.1), (1716.9, 368.0), (1748.6, 368.3), (1788.6, 368.0), (1828.6, 339.8), (1868.6, 306.5), (1908.6, 335.9), (1948.6, 331.4), (1988.6, 310.8), (2028.6, 315.3), (2068.6, 354.2), (2108.6, 314.5), (2128.8, 260.9), (2128.8, 228.5), (2128.8, 219.2), (2128.8, 240.0), (2128.8, 296.4), (2131.5, 368.0), (2146.0, 304.0), (2168.5, 320.9), (2199.0, 368.0), (2238.6, 304.0), (2278.6, 320.9), (2318.6, 368.0), (2358.6, 304.0), (2398.6, 320.9), (2438.6, 368.0), (2478.6, 304.0), (2518.6, 320.9), (2558.6, 368.0), (2598.6, 299.1), (2638.6, 250.6), (2671.9, 224.0), (2671.6, 221.1), (2670.9, 250.8), (2674.4, 314.8), (2686.6, 348.9), (2709.1, 285.1), (2739.6, 278.8), (2777.8, 318.5), (2817.8, 348.9), (2857.8, 285.1), (2897.8, 278.8), (2937.8, 318.5), (2977.8, 348.9), (3017.8, 285.1), (3057.8, 241.8), (3097.8, 221.0), (3137.8, 225.2), (3177.8, 263.8), (3217.8, 333.1), (3257.8, 331.0), (3280.8, 272.3), (3288.2, 234.4), (3303.8, 219.4), (3327.2, 231.5), (3359.1, 261.4), (3399.0, 195.1), (3439.0, 149.2), (3479.0, 125.4), (3519.0, 126.0), (3559.0, 160.1), (3599.0, 227.0), (3639.0, 300.4), (3664.0, 368.0), (3664.8, 299.4), (3672.2, 251.2), (3687.8, 224.9), (3711.2, 222.3), (3742.8, 252.3), (3781.5, 316.4), (3821.5, 348.9), (3856.0, 285.1), (3860.5, 241.8), (3873.0, 221.0), (3893.5, 225.2), (3922.0, 263.8), (3960.4, 209.8), (4000.4, 158.7), (4040.4, 129.2), (4080.4, 123.0), (4120.4, 148.3), (4160.4, 208.7), (4200.4, 282.0), (4240.4, 316.9), (4243.5, 253.1), (4255.0, 209.8), (4274.5, 189.0), (4302.0, 193.2), (4337.5, 231.8), (4377.5, 186.5), (4417.5, 132.9), (4457.5, 100.5), (4497.5, 91.2), (4537.5, 112.0), (4577.5, 168.4), (4617.5, 241.8), (4624.4, 315.1), (4631.6, 348.9), (4649.1, 305.1), (4674.6, 330.4), (4708.9, 348.9), (4748.9, 305.1), (4788.9, 330.4), (4828.9, 348.9), (4868.9, 285.1), (4908.9, 241.8), (4948.9, 221.0), (4988.9, 202.0), (5028.9, 138.2), (5068.9, 94.9), (5108.9, 82.8), (5148.9, 114.5), (5188.9, 179.9), (5228.9, 253.3), (5268.9, 218.1), (5308.9, 164.5), (5348.9, 132.1), (5388.9, 122.8), (5428.9, 143.7), (5468.9, 200.0), (5488.8, 146.6), (5488.8, 95.6), (5488.8, 84.8), (5488.8, 121.0), (5488.6, 189.1), (5488.1, 153.9), (5488.1, 100.3), (5488.1, 82.8), (5488.1, 114.5), (5488.0, 179.9), (5488.0, 162.2), (5488.0, 106.4), (5488.0, 81.3), (5488.0, 108.6), (5488.2, 170.8), (5488.6, 170.6), (5488.4, 112.2), (5488.4, 80.4), (5488.4, 103.2), (5488.2, 161.6), (5488.1, 179.2), (5488.1, 118.0), (5488.1, 80.0), (5488.1, 98.4), (5488.1, 152.4), (5488.8, 188.4), (5488.8, 124.9), (5488.8, 81.9), (5488.8, 94.2), (5488.8, 143.8), (5488.7, 197.8), (5488.1, 131.7), (5488.1, 86.1), (5488.1, 90.5), (5488.1, 135.6), (5488.7, 207.4), (5488.8, 138.6), (5488.8, 90.1)]",0,27.47
novice,mario,Mario1-2,Stuck,1,0,197.5,0.969,"[(112.0, 208.0), (116.5, 226.4), (129.0, 280.4), (149.5, 353.8), (180.2, 314.5), (219.0, 260.9), (259.0, 228.5), (299.0, 219.2), (339.0, 240.0), (379.0, 171.2), (419.0, 122.7), (459.0, 96.1), (499.0, 93.1), (539.0, 122.8), (579.0, 186.8), (619.0, 260.1), (659.0, 275.8), (699.0, 214.6), (739.0, 173.9), (779.0, 156.0), (819.0, 164.1), (859.0, 207.1), (899.0, 203.0), (939.0, 144.3), (979.0, 106.4), (1019.0, 91.4), (1059.0, 103.5), (1099.0, 151.0), (1139.0, 223.4), (1179.0, 296.8), (1219.0, 340.8), (1259.0, 311.6), (1299.0, 305.7), (1339.0, 331.3), (1379.0, 348.9), (1419.0, 285.1), (1424.4, 241.8), (1424.4, 254.2), (1424.4, 303.8), (1430.9, 368.0), (1448.4, 304.0), (1473.9, 320.9), (1507.4, 368.0), (1547.4, 304.0), (1587.4, 320.9), (1627.4, 358.1), (1667.4, 326.0), (1707.4, 317.0), (1712.4, 338.1), (1716.9, 368.0), (1748.6, 368.3), (1788.6, 368.0), (1828.6, 339.8), (1868.6, 306.5), (1908.6, 335.9), (1948.6, 331.4), (1988.6, 310.8), (2028.6, 315.3), (2068.6, 354.2), (2108.6, 314.5), (2128.8, 260.9), (2128.8, 228.5), (2128.8, 219.2), (2128.8, 240.0), (2128.8, 296.4), (2131.5, 368.0), (2146.0, 304.0), (2168.5, 320.9), (2199.0, 368.0), (2238.6, 304.0), (2278.6, 320.9), (2318.6, 368.0), (2358.6, 304.0), (2398.6, 320.9), (2438.6, 368.0), (2478.6, 304.0), (2518.6, 320.9), (2558.6, 368.0), (2598.6, 299.1), (2638.6, 250.6), (2672.0, 224.0), (2672.4, 221.1), (2672.4, 250.8), (2674.6, 314.8), (2685.9, 348.9), (2707.4, 285.1), (2736.9, 278.8), (2774.2, 318.5), (2814.2, 348.9), (2854.2, 285.1), (2894.2, 278.8), (2934.2, 318.5), (2974.2, 348.9), (3014.2, 285.1), (3054.2, 241.8), (3094.2, 221.0), (3134.2, 225.2), (3174.2, 263.8), (3214.2, 333.1), (3254.2, 331.0), (3280.4, 272.3), (3286.9, 234.4), (3301.4, 219.4), (3323.9, 231.5), (3354.8, 261.4), (3394.4, 195.1), (3434.4, 149.2), (3474.4, 125.4), (3514.4, 126.0), (3554.4, 160.1), (3594.4, 227.0), (3634.4, 300.4), (3664.1, 368.0), (3664.4, 299.1), (3670.9, 250.6), (3685.4, 224.0), (3707.9, 221.1), (3738.4, 250.8), (3776.5, 314.8), (3816.5, 348.9), (3856.5, 285.1), (3859.5, 241.8), (3871.0, 221.0), (3890.5, 225.2), (3918.0, 263.8), (3955.8, 209.8), (3995.8, 158.7), (4035.8, 129.2), (4075.8, 123.0), (4115.8, 148.3), (4155.8, 208.7), (4195.8, 282.0), (4235.8, 316.9), (4242.6, 253.1), (4253.1, 209.8), (4271.6, 189.0), (4298.1, 193.2), (4332.6, 231.8), (4372.5, 186.5), (4412.5, 132.9), (4452.5, 100.5), (4492.5, 91.2), (4532.5, 112.0), (4572.5, 168.4), (4612.5, 241.8), (4624.1, 315.1), (4630.4, 348.9), (4646.9, 305.1), (4671.4, 330.4), (4704.6, 348.9), (4744.6, 305.1), (4784.6, 330.4), (4824.6, 348.9), (4864.6, 285.1), (4904.6, 241.8), (4944.6, 221.0), (4984.6, 202.0), (5024.6, 138.2), (5064.6, 94.9), (5104.6, 82.8), (5144.6, 114.5), (5184.6, 179.9), (5224.6, 253.3), (5264.6, 218.1), (5304.6, 164.5), (5344.6, 132.1), (5384.6, 122.8), (5424.6, 143.7), (5464.6, 200.0), (5488.2, 146.6), (5488.3, 95.6), (5488.1, 84.8), (5488.1, 121.0), (5488.1, 189.1), (5488.7, 153.9), (5488.0, 100.3), (5488.0, 82.8), (5488.0, 114.5), (5488.0, 179.9), (5488.0, 162.0), (5488.0, 105.9), (5488.0, 81.3), (5488.0, 108.6), (5488.0, 170.8), (5488.0, 170.5), (5488.0, 111.8), (5488.4, 80.4), (5488.4, 103.2), (5488.4, 161.6), (5488.4, 179.2), (5488.7, 118.0), (5488.1, 80.0), (5488.1, 98.4), (5488.1, 152.4), (5488.0, 188.3), (5488.0, 124.6), (5488.1, 81.3), (5488.1, 94.2), (5488.1, 143.8), (5488.5, 197.7), (5488.0, 131.4), (5488.8, 85.5), (5488.8, 90.5), (5488.8, 135.6), (5488.8, 207.4), (5488.7, 138.6), (5488.4, 90.1)]",0,27.48
novice,mario,Mario1-2,Stuck,1,2,141.63,0.347,"[(112.0, 208.0), (113.9, 226.4), (123.4, 280.4), (140.9, 353.8), (168.6, 314.5), (205.1, 260.9), (245.1, 228.5), (285.1, 219.2), (325.1, 240.0), (365.1, 171.2), (405.1, 122.7), (445.1, 96.1), (485.1, 93.1), (525.1, 122.8), (565.1, 186.8), (605.1, 260.1), (645.1, 275.8), (685.1, 214.6), (725.1, 173.9), (765.1, 156.0), (805.1, 164.1), (845.1, 207.1), (885.1, 203.0), (925.1, 144.3), (965.1, 106.4), (1005.1, 91.4), (1045.1, 103.5), (1085.1, 151.0), (1125.1, 223.4), (1165.1, 296.8), (1205.1, 340.8), (1245.1, 311.6), (1285.1, 305.7), (1325.1, 331.3), (1365.1, 348.9), (1405.1, 285.1), (1424.0, 241.8), (1424.0, 254.2), (1424.0, 303.8), (1426.6, 368.0), (1437.2, 304.0), (1443.9, 320.9), (1450.3, 368.0), (1466.9, 304.0), (1482.1, 320.9), (1501.3, 368.0), (1531.5, 304.0), (1569.3, 320.9), (1609.3, 345.1), (1649.3, 315.8), (1689.3, 309.9), (1712.8, 335.5), (1712.0, 339.8), (1712.1, 278.6), (1712.1, 237.9), (1717.6, 220.0), (1731.1, 228.1), (1754.5, 194.6), (1787.0, 144.0), (1826.2, 161.5), (1866.2, 214.5), (1906.2, 194.6), (1946.2, 144.0), (1968.8, 161.5), (1968.8, 214.5), (1968.0, 194.6), (1968.0, 144.0), (1968.0, 161.5), (1968.0, 214.5), (1968.2, 194.6), (1968.2, 144.0), (1968.8, 161.5), (1968.8, 214.5), (1968.7, 194.6), (1968.7, 144.0), (1968.0, 161.5), (1968.0, 214.5), (1968.0, 194.6), (1968.0, 144.0), (1968.0, 161.5), (1968.0, 214.5), (1968.2, 194.6), (1968.2, 144.0), (1968.8, 161.5), (1968.8, 214.5), (1968.7, 194.6), (1968.7, 144.0), (1968.0, 161.5), (1968.0, 214.5), (1968.0, 194.6), (1968.0, 144.0), (1968.0, 161.5), (1968.0, 214.5), (1968.2, 194.6), (1968.2, 144.0), (1968.8, 161.5), (1968.8, 214.5), (1968.7, 194.6), (1968.7, 144.0), (1968.0, 161.5), (1968.0, 214.5)]",0,13.35
novice,mario,Mario1-2,Pit,1,0,246.44,0.907,"[(112.0, 208.0), (116.5, 226.4), (129.0, 280.4), (149.5, 353.8), (180.2, 314.5), (219.0, 260.9), (259.0, 228.5), (299.0, 219.2), (339.0, 240.0), (379.0, 171.2), (419.0, 122.7), (459.0, 96.1), (499.0, 93.1), (539.0, 122.8), (579.0, 186.8), (619.0, 260.1), (659.0, 275.8), (699.0, 214.6), (739.0, 173.9), (779.0, 156.0), (819.0, 164.1), (859.0, 207.1), (899.0, 203.0), (939.0, 144.3), (979.0, 106.4), (1019.0, 91.4), (1059.0, 103.5), (1099.0, 151.0), (1139.0, 223.4), (1179.0, 296.8), (1219.0, 340.8), (1259.0, 311.6), (1299.0, 305.7), (1339.0, 331.3), (1379.0, 348.9), (1419.0, 285.1), (1424.4, 241.8), (1424.4, 254.2), (1424.4, 303.8), (1430.9, 368.0), (1448.4, 304.0), (1473.9, 320.9), (1507.4, 368.0), (1547.4, 304.0), (1587.4, 320.9), (1627.4, 358.1), (1667.4, 326.0), (1707.4, 317.0), (1712.4, 338.1), (1716.9, 368.0), (1748.6, 368.3), (1788.6, 368.0), (1828.6, 339.8), (1868.6, 306.5), (1908.6, 335.9), (1948.6, 331.4), (1988.6, 310.8), (2028.6, 315.3), (2068.6, 354.2), (2108.6, 314.5), (2128.8, 260.9), (2128.8, 228.5), (2128.8, 219.2), (2128.8, 240.0), (2128.8, 296.4), (2131.5, 368.0), (2146.0, 304.0), (2168.5, 320.9), (2199.0, 368.0), (2238.6, 304.0), (2278.6, 320.9), (2318.6, 368.0), (2358.6, 304.0), (2398.6, 320.9), (2438.6, 368.0), (2478.6, 304.0), (2518.6, 320.9), (2558.6, 368.0), (2598.6, 299.1), (2638.6, 250.6), (2672.0, 224.0), (2672.4, 221.1), (2672.4, 250.8), (2674.6, 314.8), (2685.9, 348.9), (2707.4, 285.1), (2736.9, 278.8), (2774.2, 318.5), (2814.2, 348.9), (2854.2, 285.1), (2894.2, 278.8), (2934.2, 318.5), (2974.2, 348.9), (3014.2, 285.1), (3054.2, 241.8), (3094.2, 221.0), (3134.2, 225.2), (3174.2, 263.8), (3214.2, 333.1), (3254.2, 331.0), (3280.4, 272.3), (3286.9, 234.4), (3301.4, 219.4), (3323.9, 231.5), (3354.8, 261.4), (3394.4, 195.1), (3434.4, 149.2), (3474.4, 125.4), (3514.4, 126.0), (3554.4, 160.1), (3594.4, 227.0), (3634.4, 300.4), (3664.1, 368.0), (3664.0, 299.1), (3668.5, 250.6), (3681.0, 224.0), (3701.5, 221.1), (3730.0, 250.8), (3766.5, 314.8), (3806.5, 348.9), (3846.5, 285.1), (3886.5, 241.8), (3926.5, 221.0), (3966.5, 225.2), (4006.5, 263.8), (4046.5, 333.1), (4086.5, 331.0), (4126.5, 272.3), (4166.5, 234.4), (4206.5, 219.4), (4246.5, 231.5), (4286.5, 261.4), (4326.5, 195.1), (4366.5, 149.2), (4406.5, 125.4), (4446.5, 126.0), (4486.5, 160.1), (4526.5, 227.0), (4566.5, 220.0), (4606.5, 161.3), (4646.5, 123.4), (4686.5, 108.4), (4726.5, 120.5), (4766.5, 168.0), (4806.5, 240.4), (4846.5, 171.6), (4886.5, 123.1), (4926.5, 96.4), (4966.5, 93.5), (5006.5, 123.2), (5046.5, 187.2), (5086.5, 260.5), (5126.5, 333.9), (5136.1, 407.2)]",0,20.45
novice,mario,Mario1-2,Enemy,1,0,223.08,0.342,"[(112.0, 208.0), (116.5, 226.4), (129.0, 280.4), (149.5, 353.8), (180.2, 314.5), (219.0, 260.9), (259.0, 228.5), (299.0, 219.2), (339.0, 240.0), (379.0, 171.2), (419.0, 122.7), (459.0, 96.1), (499.0, 93.1), (539.0, 122.8), (579.0, 186.8), (619.0, 260.1), (659.0, 275.8), (699.0, 214.6), (739.0, 173.9), (779.0, 156.0), (819.0, 164.1), (859.0, 207.1), (899.0, 203.0), (939.0, 144.3), (979.0, 106.4), (1019.0, 91.4), (1059.0, 103.5), (1099.0, 151.0), (1139.0, 223.4), (1179.0, 296.8), (1219.0, 340.8), (1259.0, 311.6), (1299.0, 305.7), (1339.0, 331.3), (1379.0, 348.9), (1419.0, 285.1), (1424.4, 241.8), (1424.4, 254.2), (1424.4, 303.8), (1430.9, 368.0), (1445.5, 304.0), (1461.6, 320.9), (1485.8, 368.0), (1521.0, 304.0), (1560.9, 320.9), (1600.9, 368.0), (1640.9, 299.1), (1648.2, 250.6), (1648.4, 224.0), (1648.4, 221.1), (1648.4, 250.8), (1648.4, 314.8), (1654.9, 331.0), (1669.4, 307.6), (1691.9, 308.4), (1712.4, 342.9), (1718.4, 368.0), (1752.1, 368.0), (1792.1, 368.3), (1832.1, 331.0), (1872.1, 308.3), (1912.1, 342.1)]",0,8.23
novice,mario,Mario1-2,Pit,1,0,246.44,0.907,"[(112.0, 208.0), (116.5, 226.4), (129.0, 280.4), (149.5, 353.8), (180.2, 314.5), (219.0, 260.9), (259.0, 228.5), (299.0, 219.2), (339.0, 240.0), (379.0, 171.2), (419.0, 122.7), (459.0, 96.1), (499.0, 93.1), (539.0, 122.8), (579.0, 186.8), (619.0, 260.1), (659.0, 275.8), (699.0, 214.6), (739.0, 173.9), (779.0, 156.0), (819.0, 164.1), (859.0, 207.1), (899.0, 203.0), (939.0, 144.3), (979.0, 106.4), (1019.0, 91.4), (1059.0, 103.5), (1099.0, 151.0), (1139.0, 223.4), (1179.0, 296.8), (1219.0, 340.8), (1259.0, 311.6), (1299.0, 305.7), (1339.0, 331.3), (1379.0, 348.9), (1419.0, 285.1), (1424.4, 241.8), (1424.4, 254.2), (1424.4, 303.8), (1430.9, 368.0), (1448.4, 304.0), (1473.9, 320.9), (1507.4, 368.0), (1547.4, 304.0), (1587.4, 320.9), (1627.4, 358.1), (1667.4, 326.0), (1707.4, 317.0), (1712.4, 338.1), (1716.9, 368.0), (1748.6, 368.3), (1788.6, 368.0), (1828.6, 339.8), (1868.6, 306.5), (1908.6, 335.9), (1948.6, 331.4), (1988.6, 310.8), (2028.6, 315.3), (2068.6, 354.2), (2108.6, 314.5), (2128.8, 260.9), (2128.8, 228.5), (2128.8, 219.2), (2128.8, 240.0), (2128.8, 296.4), (2131.5, 368.0), (2146.0, 304.0), (2168.5, 320.9), (2199.0, 368.0), (2238.6, 304.0), (2278.6, 320.9), (2318.6, 368.0), (2358.6, 304.0), (2398.6, 320.9), (2438.6, 368.0), (2478.6, 304.0), (2518.6, 320.9), (2558.6, 368.0), (2598.6, 299.1), (2638.6, 250.6), (2672.0, 224.0), (2672.4, 221.1), (2672.4, 250.8), (2674.6, 314.8), (2685.9, 348.9), (2707.4, 285.1), (2736.9, 278.8), (2774.2, 318.5), (2814.2, 348.9), (2854.2, 285.1), (2894.2, 278.8), (2934.2, 318.5), (2974.2, 348.9), (3014.2, 285.1), (3054.2, 241.8), (3094.2, 221.0), (3134.2, 225.2), (3174.2, 263.8), (3214.2, 333.1), (3254.2, 331.0), (3280.4, 272.3), (3286.9, 234.4), (3301.4, 219.4), (3323.9, 231.5), (3354.8, 261.4), (3394.4, 195.1), (3434.4, 149.2), (3474.4, 125.4), (3514.4, 126.0), (3554.4, 160.1), (3594.4, 227.0), (3634.4, 300.4), (3664.1, 368.0), (3664.0, 299.1), (3668.5, 250.6), (3681.0, 224.0), (3701.5, 221.1), (3730.0, 250.8), (3766.5, 314.8), (3806.5, 348.9), (3846.5, 285.1), (3886.5, 241.8), (3926.5, 221.0), (3966.5, 225.2), (4006.5, 263.8), (4046.5, 333.1), (4086.5, 331.0), (4126.5, 272.3), (4166.5, 234.4), (4206.5, 219.4), (4246.5, 231.5), (4286.5, 261.4), (4326.5, 195.1), (4366.5, 149.2), (4406.5, 125.4), (4446.5, 126.0), (4486.5, 160.1), (4526.5, 227.0), (4566.5, 220.0), (4606.5, 161.3), (4646.5, 123.4), (4686.5, 108.4), (4726.5, 120.5), (4766.5, 168.0), (4806.5, 240.4), (4846.5, 171.6), (4886.5, 123.1), (4926.5, 96.4), (4966.5, 93.5), (5006.5, 123.2), (5046.5, 187.2), (5086.5, 260.5), (5126.5, 333.9), (5136.1, 407.2)]",0,20.45
novice,mario,Mario1-2,Stuck,4,0,197.84,0.969,"[(112.0, 208.0), (116.5, 226.4), (129.0, 280.4), (149.5, 353.8), (180.2, 314.5), (219.0, 260.9), (259.0, 228.5), (299.0, 219.2), (339.0, 240.0), (379.0, 171.2), (419.0, 122.7), (459.0, 96.1), (499.0, 93.1), (539.0, 122.8), (579.0, 186.8), (619.0, 260.1), (659.0, 275.8), (699.0, 214.6), (739.0, 173.9), (779.0, 156.0), (819.0, 164.1), (859.0, 207.1), (899.0, 203.0), (939.0, 144.3), (979.0, 106.4), (1019.0, 91.4), (1059.0, 103.5), (1099.0, 151.0), (1139.0, 223.4), (1179.0, 296.8), (1219.0, 340.8), (1259.0, 311.6), (1299.0, 305.7), (1339.0, 331.3), (1379.0, 348.9), (1419.0, 285.1), (1424.4, 241.8), (1424.4, 254.2), (1424.4, 303.8), (1430.9, 368.0), (1448.4, 304.0), (1473.9, 320.9), (1507.4, 368.0), (1547.4, 304.0), (1587.4, 320.9), (1627.4, 358.1), (1667.4, 326.0), (1707.4, 317.0), (1712.4, 338.1), (1716.9, 368.0), (1748.6, 368.3), (1788.6, 368.0), (1828.6, 339.8), (1868.6, 306.5), (1908.6, 335.9), (1948.6, 331.4), (1988.6, 310.8), (2028.6, 315.3), (2068.6, 354.2), (2108.6, 314.5), (2128.8, 260.9), (2128.8, 228.5), (2128.8, 219.2), (2128.8, 240.0), (2128.8, 296.4), (2131.5, 368.0), (2146.0, 304.0), (2168.5, 320.9), (2199.0, 368.0), (2238.6, 304.0), (2278.6, 320.9), (2318.6, 368.0), (2358.6, 304.0), (2398.6, 320.9), (2438.6, 368.0), (2478.6, 304.0), (2518.6, 320.9), (2558.6, 368.0), (2598.6, 299.1), (2638.6, 250.6), (2672.0, 224.0), (2672.4, 221.1), (2672.4, 250.8), (2674.6, 314.8), (2685.9, 348.9), (2707.4, 285.1), (2736.9, 278.8), (2774.2, 318.5), (2814.2, 348.9), (2854.2, 285.1), (2894.2, 278.8), (2934.2, 318.5), (2974.2, 348.9), (3014.2, 285.1), (3054.2, 241.8), (3094.2, 221.0), (3134.2, 225.2), (3174.2, 263.8), (3214.2, 333.1), (3254.2, 331.0), (3280.4, 272.3), (3286.9, 234.4), (3301.4, 219.4), (3323.9, 231.5), (3354.8, 261.4), (3394.4, 195.1), (3434.4, 149.2), (3474.4, 125.4), (3514.4, 126.0), (3554.4, 160.1), (3594.4, 227.0), (3634.4, 300.4), (3664.1, 368.0), (3664.4, 299.1), (3670.9, 250.6), (3685.4, 224.0), (3707.9, 221.1), (3738.4, 250.8), (3776.5, 314.8), (3816.5, 348.9), (3856.5, 285.1), (3859.5, 241.8), (3871.0, 221.0), (3890.5, 225.2), (3918.0, 263.8), (3955.8, 209.8), (3995.8, 158.7), (4035.8, 129.2), (4075.8, 123.0), (4115.8, 148.3), (4155.8, 208.7), (4195.8, 282.0), (4235.8, 316.9), (4242.6, 253.1), (4253.1, 209.8), (4271.6, 189.0), (4298.1, 193.2), (4332.6, 231.8), (4372.5, 186.5), (4412.5, 132.9), (4452.5, 100.5), (4492.5, 91.2), (4532.5, 112.0), (4572.5, 168.4), (4612.5, 241.8), (4624.1, 315.1), (4630.4, 348.9), (4646.9, 305.1), (4671.4, 330.4), (4704.6, 348.9), (4744.6, 305.1), (4784.6, 330.4), (4824.6, 348.9), (4864.6, 285.1), (4904.6, 241.8), (4944.6, 221.0), (4984.6, 202.0), (5024.6, 138.2), (5064.6, 94.9), (5104.6, 82.8), (5144.6, 114.5), (5184.6, 179.9), (5224.6, 253.3), (5264.6, 218.1), (5304.6, 164.5), (5344.6, 132.1), (5384.6, 122.8), (5424.6, 143.7), (5464.6, 200.0), (5488.8, 146.6), (5488.8, 95.6), (5488.8, 84.8), (5488.8, 121.0), (5488.8, 189.1), (5488.2, 154.5), (5488.0, 102.0), (5488.0, 82.8), (5488.0, 114.5), (5488.0, 179.9), (5488.0, 162.0), (5488.4, 105.9), (5488.4, 81.3), (5488.4, 108.6), (5488.4, 170.8), (5488.2, 170.5), (5488.0, 111.8), (5488.0, 80.4), (5488.0, 103.2), (5488.0, 161.6), (5488.1, 179.5), (5488.1, 119.3), (5488.1, 80.0), (5488.1, 98.4), (5488.1, 152.4), (5488.0, 188.3), (5488.8, 124.6), (5488.8, 81.3), (5488.8, 94.2), (5488.8, 143.8), (5488.0, 197.7), (5488.3, 131.4), (5488.1, 85.5), (5488.1, 90.5), (5488.1, 135.6), (5488.1, 207.4), (5488.6, 139.5), (5488.4, 92.0)]",0,27.48
novice,mario,Mario1-2,Stuck,1,0,198.05,0.969,"[(112.0, 208.0), (116.5, 226.4), (129.0, 280.4), (149.5, 353.8), (180.2, 314.5), (219.0, 260.9), (259.0, 228.5), (299.0, 219.2), (339.0, 240.0), (379.0, 171.2), (419.0, 122.7), (459.0, 96.1), (499.0, 93.1), (539.0, 122.8), (579.0, 186.8), (619.0, 260.1), (659.0, 275.8), (699.0, 214.6), (739.0, 173.9), (779.0, 156.0), (819.0, 164.1), (859.0, 207.1), (899.0, 203.0), (939.0, 144.3), (979.0, 106.4), (1019.0, 91.4), (1059.0, 103.5), (1099.0, 151.0), (1139.0, 223.4), (1179.0, 296.8), (1219.0, 340.8), (1259.0, 311.6), (1299.0, 305.7), (1339.0, 331.3), (1379.0, 348.9), (1419.0, 285.1), (1424.4, 241.8), (1424.4, 254.2), (1424.4, 303.8), (1430.9, 368.0), (1448.4, 304.0), (1473.9, 320.9), (1507.4, 368.0), (1547.4, 304.0), (1587.4, 320.9), (1627.4, 358.1), (1667.4, 326.0), (1707.4, 317.0), (1712.4, 338.1), (1716.9, 368.0), (1748.6, 368.3), (1788.6, 368.0), (1828.6, 339.8), (1868.6, 306.5), (1908.6, 335.9), (1948.6, 331.4), (1988.6, 310.8), (2028.6, 315.3), (2068.6, 354.2), (2108.6, 314.5), (2128.8, 260.9), (2128.8, 228.5), (2128.8, 219.2), (2128.8, 240.0), (2128.8, 296.4), (2131.5, 368.0), (2146.0, 304.0), (2168.5, 320.9), (2199.0, 368.0), (2238.6, 304.0), (2278.6, 320.9), (2318.6, 368.0), (2358.6, 304.0), (2398.6, 320.9), (2438.6, 368.0), (2478.6, 304.0), (2518.6, 320.9), (2558.6, 368.0), (2598.6, 299.1), (2638.6, 250.6), (2672.1, 224.0), (2672.1, 221.1), (2672.1, 250.8), (2673.9, 314.8), (2684.1, 348.9), (2704.6, 285.1), (2733.1, 278.8), (2769.6, 318.5), (2809.6, 348.9), (2849.6, 285.1), (2889.6, 278.8), (2929.6, 318.5), (2969.6, 348.9), (3009.6, 285.1), (3049.6, 241.8), (3089.6, 221.0), (3129.6, 225.2), (3169.6, 263.8), (3209.6, 333.1), (3249.6, 331.0), (3280.1, 272.3), (3285.6, 234.4), (3299.1, 219.4), (3320.6, 231.5), (3350.5, 261.4), (3389.8, 195.1), (3429.8, 149.2), (3469.8, 125.4), (3509.8, 126.0), (3549.8, 160.1), (3589.8, 227.0), (3629.8, 300.4), (3664.0, 368.0), (3664.4, 299.1), (3670.9, 250.6), (3685.4, 224.0), (3707.9, 221.1), (3738.4, 250.8), (3776.5, 314.8), (3816.5, 348.9), (3856.5, 285.1), (3859.5, 241.8), (3871.0, 221.0), (3890.5, 225.2), (3918.0, 263.8), (3955.8, 209.8), (3995.8, 158.7), (4035.8, 129.2), (4075.8, 123.0), (4115.8, 148.3), (4155.8, 208.7), (4195.8, 282.0), (4235.8, 316.9), (4242.6, 253.1), (4253.1, 209.8), (4271.6, 189.0), (4298.1, 193.2), (4332.6, 231.8), (4372.5, 186.5), (4412.5, 132.9), (4452.5, 100.5), (4492.5, 91.2), (4532.5, 112.0), (4572.5, 168.4), (4612.5, 241.8), (4624.1, 315.1), (4630.4, 348.9), (4646.9, 305.1), (4671.4, 330.4), (4704.6, 348.9), (4744.6, 305.1), (4784.6, 330.4), (4824.6, 348.9), (4864.6, 285.1), (4904.6, 241.8), (4944.6, 221.0), (4984.6, 202.0), (5024.6, 138.2), (5064.6, 94.9), (5104.6, 82.8), (5144.6, 114.5), (5184.6, 179.9), (5224.6, 253.3), (5264.6, 218.1), (5304.6, 164.5), (5344.6, 132.1), (5384.6, 122.8), (5424.6, 143.7), (5464.6, 200.0), (5488.8, 146.6), (5488.8, 95.6), (5488.8, 84.8), (5488.8, 121.0), (5488.8, 189.1), (5488.0, 153.9), (5488.0, 100.3), (5488.0, 82.8), (5488.0, 114.5), (5488.0, 179.9), (5488.1, 162.0), (5488.1, 105.9), (5488.1, 81.3), (5488.1, 108.6), (5488.1, 170.8), (5488.0, 170.5), (5488.8, 111.8), (5488.8, 80.4), (5488.8, 103.2), (5488.8, 161.6), (5488.1, 179.2), (5488.1, 118.0), (5488.1, 80.0), (5488.1, 98.4), (5488.1, 152.4), (5488.0, 188.3), (5488.4, 124.6), (5488.4, 81.3), (5488.4, 94.2), (5488.4, 143.8), (5488.8, 197.7), (5488.0, 131.4), (5488.0, 85.5), (5488.0, 90.5), (5488.0, 135.6), (5488.0, 207.4), (5488.4, 138.6), (5488.4, 90.1)]",0,27.48
novice,mario,Mario1-2,Success,3,0,219.56,0.947,"[(112.0, 208.0), (116.5, 226.4), (129.0, 280.4), (149.5, 353.8), (180.2, 314.5), (219.0, 260.9), (259.0, 228.5), (299.0, 219.2), (339.0, 240.0), (379.0, 171.2), (419.0, 122.7), (458.5, 96.1), (498.5, 93.1), (538.5, 122.8), (578.5, 186.8), (618.5, 260.1), (658.5, 275.8), (698.5, 214.6), (738.5, 173.9), (778.5, 156.0), (818.5, 164.1), (858.5, 207.1), (898.5, 203.0), (938.5, 144.3), (978.5, 106.4), (1018.5, 91.4), (1058.5, 103.5), (1098.5, 151.0), (1138.5, 223.4), (1178.5, 296.8), (1218.5, 340.8), (1258.5, 311.6), (1298.5, 305.7), (1338.5, 331.3), (1378.5, 348.9), (1418.4, 285.1), (1424.4, 241.8), (1424.4, 254.2), (1424.4, 303.8), (1430.9, 368.0), (1445.5, 304.0), (1458.1, 320.9), (1477.6, 368.0), (1508.1, 304.0), (1546.2, 320.9), (1586.2, 345.1), (1626.2, 315.8), (1666.2, 309.9), (1706.2, 335.5), (1716.9, 368.0), (1748.6, 368.3), (1788.6, 368.0), (1828.6, 339.8), (1868.6, 306.5), (1908.6, 335.9), (1948.6, 331.4), (1988.6, 310.8), (2028.6, 315.3), (2068.6, 354.2), (2108.6, 314.5), (2128.0, 260.9), (2128.0, 228.5), (2128.0, 219.2), (2128.0, 240.0), (2128.0, 296.4), (2132.5, 368.0), (2143.9, 304.0), (2151.7, 320.9), (2164.5, 368.0), (2184.2, 304.0), (2202.7, 320.9), (2228.5, 368.0), (2265.3, 299.1), (2288.8, 250.6), (2288.8, 224.0), (2288.8, 221.1), (2288.8, 250.8), (2288.8, 314.8), (2297.0, 348.9), (2308.5, 305.1), (2317.5, 330.4), (2334.1, 348.9), (2358.6, 305.1), (2388.7, 330.4), (2426.6, 348.9), (2466.6, 305.1), (2506.6, 330.4), (2546.6, 348.9), (2586.6, 285.1), (2626.6, 241.8), (2666.6, 221.0), (2672.4, 225.2), (2672.4, 263.8), (2674.6, 333.1), (2686.0, 331.0), (2697.4, 272.3), (2704.4, 285.4), (2713.9, 333.9), (2732.7, 331.0), (2752.6, 272.3), (2768.7, 285.4), (2789.9, 333.9), (2820.5, 331.0), (2859.6, 272.3), (2899.6, 285.4), (2939.6, 333.9), (2979.6, 331.0), (3019.6, 272.3), (3059.6, 234.4), (3099.6, 219.4), (3139.6, 231.5), (3179.6, 279.0), (3219.6, 351.4), (3259.6, 314.5), (3280.8, 260.9), (3288.2, 228.5), (3303.8, 219.2), (3327.2, 240.0), (3359.9, 242.9), (3399.8, 181.7), (3439.8, 141.1), (3479.8, 123.1), (3519.8, 131.2), (3559.8, 174.2), (3599.8, 245.4), (3639.8, 318.7), (3664.4, 335.0), (3664.4, 311.5), (3664.4, 312.4), (3664.4, 346.8), (3664.8, 323.5), (3667.5, 267.3), (3679.0, 232.2), (3698.5, 220.0), (3726.0, 236.4), (3761.5, 288.3), (3801.5, 361.5), (3841.5, 306.6), (3857.2, 255.6), (3865.8, 226.1), (3882.2, 219.9), (3906.8, 245.1), (3940.8, 234.1), (3980.8, 175.5), (4020.8, 137.5), (4060.8, 122.5), (4100.8, 134.6), (4140.8, 182.1), (4180.8, 254.5), (4220.8, 327.9), (4240.8, 274.6), (4248.2, 223.6), (4263.8, 194.1), (4287.2, 187.9), (4318.8, 213.1), (4357.5, 211.8), (4397.5, 150.6), (4437.5, 109.9), (4477.5, 92.0), (4517.5, 100.1), (4557.5, 143.1), (4597.5, 133.0), (4637.1, 80.0), (4677.0, 97.3), (4717.0, 149.9), (4757.0, 223.2), (4797.0, 186.5), (4837.0, 132.9), (4877.0, 100.5), (4917.0, 91.2), (4957.0, 112.0), (4997.0, 168.4), (5037.0, 238.0), (5077.0, 169.1), (5117.0, 120.6), (5157.0, 94.0), (5197.0, 91.1), (5237.0, 120.8), (5277.0, 184.8), (5317.0, 258.1), (5357.0, 218.5)]",0,24.02
novice,mario,Mario1-2,Stuck,4,0,197.84,0.969,"[(112.0, 208.0), (116.5, 226.4), (129.0, 280.4), (149.5, 353.8), (180.2, 314.5), (219.0, 260.9), (259.0, 228.5), (299.0, 219.2), (339.0, 240.0), (379.0, 171.2), (419.0, 122.7), (459.0, 96.1), (499.0, 93.1), (539.0, 122.8), (579.0, 186.8), (619.0, 260.1), (659.0, 275.8), (699.0, 214.6), (739.0, 173.9), (779.0, 156.0), (819.0, 164.1), (859.0, 207.1), (899.0, 203.0), (939.0, 144.3), (979.0, 106.4), (1019.0, 91.4), (1059.0, 103.5), (1099.0, 151.0), (1139.0, 223.4), (1179.0, 296.8), (1219.0, 340.8), (1259.0, 311.6), (1299.0, 305.7), (1339.0, 331.3), (1379.0, 348.9), (1419.0, 285.1), (1424.4, 241.8), (1424.4, 254.2), (1424.4, 303.8), (1430.9, 368.0), (1448.4, 304.0), (1473.9, 320.9), (1507.4, 368.0), (1547.4, 304.0), (1587.4, 320.9), (1627.4, 358.1), (1667.4, 326.0), (1707.4, 317.0), (1712.4, 338.1), (1716.9, 368.0), (1748.6, 368.3), (1788.6, 368.0), (1828.6, 339.8), (1868.6, 306.5), (1908.6, 335.9), (1948.6, 331.4), (1988.6, 310.8), (2028.6, 315.3), (2068.6, 354.2), (2108.6, 314.5), (2128.8, 260.9), (2128.8, 228.5), (2128.8, 219.2), (2128.8, 240.0), (2128.8, 296.4), (2131.5, 368.0), (2146.0, 304.0), (2168.5, 320.9), (2199.0, 368.0), (2238.6, 304.0), (2278.6, 320.9), (2318.6, 368.0), (2358.6, 304.0), (2398.6, 320.9), (2438.6, 368.0), (2478.6, 304.0), (2518.6, 320.9), (2558.6, 368.0), (2598.6, 299.1), (2638.6, 250.6), (2672.0, 224.0), (2672.4, 221.1), (2672.4, 250.8), (2674.6, 314.8), (2685.9, 348.9), (2707.4, 285.1), (2736.9, 278.8), (2774.2, 318.5), (2814.2, 348.9), (2854.2, 285.1), (2894.2, 278.8), (2934.2, 318.5), (2974.2, 348.9), (3014.2, 285.1), (3054.2, 241.8), (3094.2, 221.0), (3134.2, 225.2), (3174.2, 263.8), (3214.2, 333.1), (3254.2, 331.0), (3280.4, 272.3), (3286.9, 234.4), (3301.4, 219.4), (3323.9, 231.5), (3354.8, 261.4), (3394.4, 195.1), (3434.4, 149.2), (3474.4, 125.4), (3514.4, 126.0), (3554.4, 160.1), (3594.4, 227.0), (3634.4, 300.4), (3664.1, 368.0), (3664.4, 299.1), (3670.9, 250.6), (3685.4, 224.0), (3707.9, 221.1), (3738.4, 250.8), (3776.5, 314.8), (3816.5, 348.9), (3856.5, 285.1), (3859.5, 241.8), (3871.0, 221.0), (3890.5, 225.2), (3918.0, 263.8), (3955.8, 209.8), (3995.8, 158.7), (4035.8, 129.2), (4075.8, 123.0), (4115.8, 148.3), (4155.8, 208.7), (4195.8, 282.0), (4235.8, 316.9), (4242.6, 253.1), (4253.1, 209.8), (4271.6, 189.0), (4298.1, 193.2), (4332.6, 231.8), (4372.5, 186.5), (4412.5, 132.9), (4452.5, 100.5), (4492.5, 91.2), (4532.5, 112.0), (4572.5, 168.4), (4612.5, 241.8), (4624.1, 315.1), (4630.4, 348.9), (4646.9, 305.1), (4671.4, 330.4), (4704.6, 348.9), (4744.6, 305.1), (4784.6, 330.4), (4824.6, 348.9), (4864.6, 285.1), (4904.6, 241.8), (4944.6, 221.0), (4984.6, 202.0), (5024.6, 138.2), (5064.6, 94.9), (5104.6, 82.8), (5144.6, 114.5), (5184.6, 179.9), (5224.6, 253.3), (5264.6, 218.1), (5304.6, 164.5), (5344.6, 132.1), (5384.6, 122.8), (5424.6, 143.7), (5464.6, 200.0), (5488.8, 146.6), (5488.8, 95.6), (5488.8, 84.8), (5488.8, 121.0), (5488.8, 189.1), (5488.2, 154.5), (5488.0, 102.0), (5488.0, 82.8), (5488.0, 114.5), (5488.0, 179.9), (5488.0, 162.0), (5488.4, 105.9), (5488.4, 81.3), (5488.4, 108.6), (5488.4, 170.8), (5488.2, 170.5), (5488.0, 111.8), (5488.0, 80.4), (5488.0, 103.2), (5488.0, 161.6), (5488.1, 179.5), (5488.1, 119.3), (5488.1, 80.0), (5488.1, 98.4), (5488.1, 152.4), (5488.0, 188.3), (5488.8, 124.6), (5488.8, 81.3), (5488.8, 94.2), (5488.8, 143.8), (5488.0, 197.7), (5488.3, 131.4), (5488.1, 85.5), (5488.1, 90.5), (5488.1, 135.6), (5488.1, 207.4), (5488.6, 139.5), (5488.4, 92.0)]",0,27.48
novice,mario,Mario1-2,Stuck,1,0,197.5,0.969,"[(112.0, 208.0), (116.5, 226.4), (129.0, 280.4), (149.5, 353.8), (180.2, 314.5), (219.0, 260.9), (259.0, 228.5), (299.0, 219.2), (339.0, 240.0), (379.0, 171.2), (419.0, 122.7), (459.0, 96.1), (499.0, 93.1), (539.0, 122.8), (579.0, 186.8), (619.0, 260.1), (659.0, 275.8), (699.0, 214.6), (739.0, 173.9), (779.0, 156.0), (819.0, 164.1), (859.0, 207.1), (899.0, 203.0), (939.0, 144.3), (979.0, 106.4), (1019.0, 91.4), (1059.0, 103.5), (1099.0, 151.0), (1139.0, 223.4), (1179.0, 296.8), (1219.0, 340.8), (1259.0, 311.6), (1299.0, 305.7), (1339.0, 331.3), (1379.0, 348.9), (1419.0, 285.1), (1424.4, 241.8), (1424.4, 254.2), (1424.4, 303.8), (1430.9, 368.0), (1448.4, 304.0), (1473.9, 320.9), (1507.4, 368.0), (1547.4, 304.0), (1587.4, 320.9), (1627.4, 358.1), (1667.4, 326.0), (1707.4, 317.0), (1712.4, 338.1), (1716.9, 368.0), (1748.6, 368.3), (1788.6, 368.0), (1828.6, 339.8), (1868.6, 306.5), (1908.6, 335.9), (1948.6, 331.4), (1988.6, 310.8), (2028.6, 315.3), (2068.6, 354.2), (2108.6, 314.5), (2128.8, 260.9), (2128.8, 228.5), (2128.8, 219.2), (2128.8, 240.0), (2128.8, 296.4), (2131.5, 368.0), (2146.0, 304.0), (2168.5, 320.9), (2199.0, 368.0), (2238.6, 304.0), (2278.6, 320.9), (2318.6, 368.0), (2358.6, 304.0), (2398.6, 320.9), (2438.6, 368.0), (2478.6, 304.0), (2518.6, 320.9), (2558.6, 368.0), (2598.6, 299.1), (2638.6, 250.6), (2672.0, 224.0), (2672.4, 221.1), (2672.4, 250.8), (2674.6, 314.8), (2685.9, 348.9), (2707.4, 285.1), (2736.9, 278.8), (2774.2, 318.5), (2814.2, 348.9), (2854.2, 285.1), (2894.2, 278.8), (2934.2, 318.5), (2974.2, 348.9), (3014.2, 285.1), (3054.2, 241.8), (3094.2, 221.0), (3134.2, 225.2), (3174.2, 263.8), (3214.2, 333.1), (3254.2, 331.0), (3280.4, 272.3), (3286.9, 234.4), (3301.4, 219.4), (3323.9, 231.5), (3354.8, 261.4), (3394.4, 195.1), (3434.4, 149.2), (3474.4, 125.4), (3514.4, 126.0), (3554.4, 160.1), (3594.4, 227.0), (3634.4, 300.4), (3664.1, 368.0), (3664.4, 299.1), (3670.9, 250.6), (3685.4, 224.0), (3707.9, 221.1), (3738.4, 250.8), (3776.5, 314.8), (3816.5, 348.9), (3856.5, 285.1), (3859.5, 241.8), (3871.0, 221.0), (3890.5, 225.2), (3918.0, 263.8), (3955.8, 209.8), (3995.8, 158.7), (4035.8, 129.2), (4075.8, 123.0), (4115.8, 148.3), (4155.8, 208.7), (4195.8, 282.0), (4235.8, 316.9), (4242.6, 253.1), (4253.1, 209.8), (4271.6, 189.0), (4298.1, 193.2), (4332.6, 231.8), (4372.5, 186.5), (4412.5, 132.9), (4452.5, 100.5), (4492.5, 91.2), (4532.5, 112.0), (4572.5, 168.4), (4612.5, 241.8), (4624.1, 315.1), (4630.4, 348.9), (4646.9, 305.1), (4671.4, 330.4), (4704.6, 348.9), (4744.6, 305.1), (4784.6, 330.4), (4824.6, 348.9), (4864.6, 285.1), (4904.6, 241.8), (4944.6, 221.0), (4984.6, 202.0), (5024.6, 138.2), (5064.6, 94.9), (5104.6, 82.8), (5144.6, 114.5), (5184.6, 179.9), (5224.6, 253.3), (5264.6, 218.1), (5304.6, 164.5), (5344.6, 132.1), (5384.6, 122.8), (5424.6, 143.7), (5464.6, 200.0), (5488.2, 146.6), (5488.3, 95.6), (5488.1, 84.8), (5488.1, 121.0), (5488.1, 189.1), (5488.7, 153.9), (5488.0, 100.3), (5488.0, 82.8), (5488.0, 114.5), (5488.0, 179.9), (5488.0, 162.0), (5488.0, 105.9), (5488.0, 81.3), (5488.0, 108.6), (5488.0, 170.8), (5488.0, 170.5), (5488.0, 111.8), (5488.4, 80.4), (5488.4, 103.2), (5488.4, 161.6), (5488.4, 179.2), (5488.7, 118.0), (5488.1, 80.0), (5488.1, 98.4), (5488.1, 152.4), (5488.0, 188.3), (5488.0, 124.6), (5488.1, 81.3), (5488.1, 94.2), (5488.1, 143.8), (5488.5, 197.7), (5488.0, 131.4), (5488.8, 85.5), (5488.8, 90.5), (5488.8, 135.6), (5488.8, 207.4), (5488.7, 138.6), (5488.4, 90.1)]",0,27.48
novice,mario,Mario1-2,Stuck,1,0,197.9,0.969,"[(112.0, 208.0), (116.5, 226.4), (129.0, 280.4), (149.5, 353.8), (180.2, 314.5), (219.0, 260.9), (259.0, 228.5), (299.0, 219.2), (339.0, 240.0), (379.0, 171.2), (419.0, 122.7), (459.0, 96.1), (499.0, 93.1), (539.0, 122.8), (579.0, 186.8), (619.0, 260.1), (659.0, 275.8), (699.0, 214.6), (739.0, 173.9), (779.0, 156.0), (819.0, 164.1), (859.0, 207.1), (899.0, 203.0), (939.0, 144.3), (979.0, 106.4), (1019.0, 91.4), (1059.0, 103.5), (1099.0, 151.0), (1139.0, 223.4), (1179.0, 296.8), (1219.0, 340.8), (1259.0, 311.6), (1299.0, 305.7), (1339.0, 331.3), (1379.0, 348.9), (1419.0, 285.1), (1424.4, 241.8), (1424.4, 254.2), (1424.4, 303.8), (1430.9, 368.0), (1448.4, 304.0), (1473.9, 320.9), (1507.4, 368.0), (1547.4, 304.0), (1587.4, 320.9), (1627.4, 358.1), (1667.4, 326.0), (1707.4, 317.0), (1712.4, 338.1), (1716.9, 368.0), (1748.6, 368.3), (1788.6, 368.0), (1828.6, 339.8), (1868.6, 306.5), (1908.6, 335.9), (1948.6, 331.4), (1988.6, 310.8), (2028.6, 315.3), (2068.6, 354.2), (2108.6, 314.5), (2128.8, 260.9), (2128.8, 228.5), (2128.8, 219.2), (2128.8, 240.0), (2128.8, 296.4), (2131.5, 368.0), (2146.0, 304.0), (2168.5, 320.9), (2199.0, 368.0), (2238.6, 304.0), (2278.6, 320.9), (2318.6, 368.0), (2358.6, 304.0), (2398.6, 320.9), (2438.6, 368.0), (2478.6, 304.0), (2518.6, 320.9), (2558.6, 368.0), (2598.6, 299.1), (2638.6, 250.6), (2671.9, 224.0), (2671.6, 221.1), (2670.9, 250.8), (2674.4, 314.8), (2686.6, 348.9), (2709.1, 285.1), (2739.6, 278.8), (2777.8, 318.5), (2817.8, 348.9), (2857.8, 285.1), (2897.8, 278.8), (2937.8, 318.5), (2977.8, 348.9), (3017.8, 285.1), (3057.8, 241.8), (3097.8, 221.0), (3137.8, 225.2), (3177.8, 263.8), (3217.8, 333.1), (3257.8, 331.0), (3280.8, 272.3), (3288.2, 234.4), (3303.8, 219.4), (3327.2, 231.5), (3359.1, 261.4), (3399.0, 195.1), (3439.0, 149.2), (3479.0, 125.4), (3519.0, 126.0), (3559.0, 160.1), (3599.0, 227.0), (3639.0, 300.4), (3664.0, 368.0), (3664.8, 299.4), (3672.2, 251.2), (3687.8, 224.9), (3711.2, 222.3), (3742.8, 252.3), (3781.5, 316.4), (3821.5, 348.9), (3856.0, 285.1), (3860.5, 241.8), (3873.0, 221.0), (3893.5, 225.2), (3922.0, 263.8), (3960.4, 209.8), (4000.4, 158.7), (4040.4, 129.2), (4080.4, 123.0), (4120.4, 148.3), (4160.4, 208.7), (4200.4, 282.0), (4240.4, 316.9), (4243.5, 253.1), (4255.0, 209.8), (4274.5, 189.0), (4302.0, 193.2), (4337.5, 231.8), (4377.5, 186.5), (4417.5, 132.9), (4457.5, 100.5), (4497.5, 91.2), (4537.5, 112.0), (4577.5, 168.4), (4617.5, 241.8), (4624.4, 315.1), (4631.6, 348.9), (4649.1, 305.1), (4674.6, 330.4), (4708.9, 348.9), (4748.9, 305.1), (4788.9, 330.4), (4828.9, 348.9), (4868.9, 285.1), (4908.9, 241.8), (4948.9, 221.0), (4988.9, 202.0), (5028.9, 138.2), (5068.9, 94.9), (5108.9, 82.8), (5148.9, 114.5), (5188.9, 179.9), (5228.9, 253.3), (5268.9, 218.1), (5308.9, 164.5), (5348.9, 132.1), (5388.9, 122.8), (5428.9, 143.7), (5468.9, 200.0), (5488.8, 146.6), (5488.8, 95.6), (5488.8, 84.8), (5488.8, 121.0), (5488.6, 189.1), (5488.1, 153.9), (5488.1, 100.3), (5488.1, 82.8), (5488.1, 114.5), (5488.0, 179.9), (5488.0, 162.2), (5488.0, 106.4), (5488.0, 81.3), (5488.0, 108.6), (5488.2, 170.8), (5488.6, 170.6), (5488.4, 112.2), (5488.4, 80.4), (5488.4, 103.2), (5488.2, 161.6), (5488.1, 179.2), (5488.1, 118.0), (5488.1, 80.0), (5488.1, 98.4), (5488.1, 152.4), (5488.8, 188.4), (5488.8, 124.9), (5488.8, 81.9), (5488.8, 94.2), (5488.8, 143.8), (5488.7, 197.8), (5488.1, 131.7), (5488.1, 86.1), (5488.1, 90.5), (5488.1, 135.6), (5488.7, 207.4), (5488.8, 138.6), (5488.8, 90.1)]",0,27.47
novice,mario,Mario1-2,Enemy,1,0,251.62,0.286,"[(112.0, 208.0), (116.5, 226.4), (129.0, 280.4), (149.5, 353.8), (180.2, 314.5), (219.0, 260.9), (259.0, 228.5), (299.0, 219.2), (339.0, 240.0), (379.0, 171.2), (419.0, 122.7), (459.0, 96.1), (499.0, 93.1), (539.0, 122.8), (579.0, 186.8), (619.0, 260.1), (659.0, 275.8), (699.0, 214.6), (739.0, 173.9), (779.0, 156.0), (819.0, 164.1), (859.0, 207.1), (899.0, 203.0), (939.0, 144.3), (979.0, 106.4), (1019.0, 91.4), (1059.0, 103.5), (1099.0, 151.0), (1139.0, 223.4), (1179.0, 296.8), (1219.0, 340.8), (1259.0, 311.6), (1299.0, 305.7), (1339.0, 331.3), (1379.0, 348.9), (1419.0, 285.1), (1424.4, 241.8), (1424.4, 254.2), (1424.4, 303.8), (1430.9, 368.0), (1447.8, 304.0), (1468.6, 320.9), (1497.5, 368.0), (1536.4, 304.0), (1576.4, 320.9), (1616.4, 368.0)]",0,6.03
novice,mario,Mario1-2,Pit,1,0,62.2,0.461,"[(112.0, 208.0), (112.0, 226.4), (115.5, 280.4), (127.0, 353.8), (148.8, 314.5), (179.2, 260.9), (217.4, 228.5), (257.4, 219.2), (297.4, 240.0), (304.4, 296.4), (304.7, 368.0), (304.7, 299.4), (304.1, 251.2), (305.9, 224.9), (315.4, 222.3), (333.6, 220.9), (362.1, 157.1), (398.4, 113.8), (434.4, 93.0), (465.9, 97.2), (492.9, 135.8), (519.6, 205.1), (554.1, 278.4), (594.0, 326.3), (634.0, 260.0), (674.0, 214.0), (714.0, 190.3), (754.0, 190.9), (794.0, 225.0), (834.0, 194.6), (873.6, 138.4), (909.4, 103.3), (940.8, 91.1), (967.8, 107.5), (990.8, 159.4), (1019.0, 232.6), (1055.7, 243.8), (1095.7, 182.6), (1135.0, 141.9), (1170.3, 124.0), (1201.1, 132.1), (1229.4, 175.1), (1264.6, 246.3), (1264.2, 319.6), (1268.2, 348.9), (1274.2, 305.1), (1275.7, 330.4), (1277.5, 348.9), (1280.5, 305.1), (1280.5, 330.4), (1282.3, 348.9), (1285.3, 305.1), (1285.3, 330.4), (1287.2, 348.9), (1290.1, 305.1), (1290.2, 330.4), (1290.2, 335.6), (1290.2, 312.1), (1290.2, 313.0), (1290.3, 347.4), (1291.7, 322.3), (1291.7, 307.6), (1291.7, 320.0), (1292.5, 367.7), (1299.7, 306.6), (1303.4, 317.0), (1303.7, 363.8), (1307.9, 306.6), (1308.8, 317.0), (1308.8, 363.8), (1313.1, 306.6), (1314.0, 317.0), (1314.0, 350.3), (1314.0, 318.2), (1314.0, 309.2), (1314.0, 330.3), (1315.2, 348.9), (1319.2, 305.1), (1319.6, 330.4), (1322.5, 348.9), (1327.9, 305.1), (1329.0, 330.4), (1329.0, 335.6), (1329.0, 312.1), (1329.0, 313.0), (1329.0, 347.4), (1332.4, 322.6), (1333.8, 310.7), (1334.2, 348.7), (1338.8, 335.3), (1340.1, 317.7), (1340.1, 326.0), (1341.4, 368.0), (1348.8, 304.0), (1352.0, 320.9), (1353.3, 368.0), (1360.7, 304.0), (1363.9, 320.9), (1365.2, 368.0), (1372.7, 304.0), (1375.8, 320.9), (1377.2, 368.0), (1384.6, 304.0), (1387.8, 320.9), (1388.0, 368.0), (1392.4, 299.1), (1393.0, 250.6), (1393.2, 247.4), (1398.7, 288.0), (1408.1, 358.3), (1425.2, 314.5), (1439.8, 313.6), (1450.6, 356.0), (1461.0, 321.0), (1466.9, 309.1), (1468.5, 325.7), (1472.3, 358.3), (1482.8, 304.3), (1489.5, 325.3), (1501.1, 340.1), (1512.4, 313.8), (1519.3, 311.2), (1523.6, 341.2), (1531.8, 325.8), (1546.3, 308.1), (1568.8, 316.5), (1599.3, 359.8), (1638.2, 314.5), (1648.2, 260.9), (1648.2, 228.5), (1648.2, 219.2), (1648.3, 240.0), (1648.1, 296.4), (1653.6, 368.0), (1664.7, 304.0), (1672.5, 320.9), (1686.3, 368.0), (1705.7, 304.0), (1712.0, 320.9), (1712.7, 368.0), (1712.7, 299.4), (1712.1, 251.2), (1713.9, 224.9), (1723.4, 222.3), (1741.6, 220.9), (1767.2, 157.1), (1788.9, 150.8), (1807.4, 190.5), (1831.9, 260.3), (1840.3, 333.6), (1846.1, 331.0), (1851.0, 308.3), (1851.9, 342.1), (1857.7, 331.0), (1862.5, 308.3), (1863.4, 342.1), (1869.3, 331.0), (1874.1, 308.3), (1875.0, 342.1), (1880.8, 331.0), (1885.6, 308.3), (1886.5, 342.1), (1892.4, 331.0), (1897.2, 308.3), (1898.0, 342.1), (1900.9, 331.0), (1902.8, 308.3), (1902.8, 342.1), (1905.7, 331.0), (1907.6, 308.3), (1907.6, 342.1), (1910.5, 331.0), (1912.4, 308.3), (1912.4, 342.1), (1915.3, 331.0), (1917.2, 308.3), (1917.2, 342.1), (1920.1, 331.0), (1922.0, 308.3), (1922.0, 342.1), (1924.9, 331.0), (1926.8, 308.3), (1926.8, 342.1), (1929.8, 331.0), (1931.6, 308.3), (1931.6, 342.1), (1934.6, 331.0), (1936.4, 308.3), (1936.4, 342.1), (1939.4, 331.0), (1941.2, 308.3), (1941.2, 342.1), (1944.2, 331.0), (1946.0, 308.3), (1946.0, 342.1), (1949.0, 331.0), (1950.8, 308.3), (1950.8, 342.1), (1953.8, 331.0), (1955.6, 308.3), (1955.6, 342.1), (1958.6, 331.0), (1960.4, 308.3), (1960.4, 342.1), (1963.4, 331.0), (1965.2, 308.3), (1965.4, 342.1), (1971.2, 331.0), (1976.0, 308.3), (1976.9, 342.1), (1982.8, 331.0), (1987.6, 308.3), (1988.5, 342.1), (1994.3, 331.0), (1999.1, 308.3), (2000.0, 342.1), (2005.9, 331.0), (2010.7, 308.3), (2011.6, 342.1), (2017.4, 331.0), (2022.3, 308.3), (2023.1, 342.1), (2029.0, 331.0), (2033.8, 308.3), (2036.1, 342.1), (2045.6, 331.0), (2054.1, 308.3), (2058.4, 342.1), (2066.9, 331.0), (2074.4, 272.3), (2077.4, 234.4), (2077.5, 219.4), (2077.5, 231.5), (2081.0, 279.0), (2092.5, 351.4), (2111.3, 314.5), (2127.1, 260.9), (2128.0, 228.5), (2128.0, 219.2), (2128.8, 240.0), (2128.8, 296.4), (2129.9, 368.0), (2136.9, 304.0), (2139.5, 320.9), (2139.9, 368.0), (2144.0, 304.0), (2144.4, 320.9), (2144.7, 368.0), (2148.8, 304.0), (2149.2, 320.9), (2149.5, 368.0), (2153.6, 304.0), (2154.0, 320.9), (2154.3, 368.0), (2158.4, 304.0), (2158.8, 320.9), (2160.7, 368.0), (2167.7, 304.0), (2170.3, 320.9), (2172.2, 368.0), (2179.3, 304.0), (2181.9, 320.9), (2183.8, 368.0), (2190.8, 304.0), (2193.4, 320.9), (2195.3, 368.0), (2202.4, 304.0), (2205.0, 320.9), (2205.4, 368.0), (2209.4, 304.0), (2209.8, 320.9), (2210.2, 368.0), (2214.2, 304.0), (2214.6, 320.9), (2216.5, 368.0), (2223.5, 304.0), (2226.2, 320.9), (2228.0, 368.0), (2235.1, 304.0), (2237.7, 320.9), (2239.6, 368.0), (2246.7, 304.0), (2249.3, 320.9), (2249.7, 368.0), (2253.7, 304.0), (2254.1, 320.9), (2254.5, 368.0), (2258.5, 299.1), (2258.9, 250.6), (2258.9, 224.0), (2258.9, 221.1), (2261.5, 250.8), (2272.0, 314.8), (2291.1, 348.9), (2314.9, 305.1), (2336.1, 330.4), (2359.0, 348.9), (2392.2, 305.1), (2431.0, 330.4), (2471.0, 348.9), (2510.6, 305.1), (2547.0, 330.4), (2586.6, 390.2)]",0,40.35
novice,mario,Mario1-2,Pit,1,0,246.43,0.907,"[(112.0, 208.0), (116.5, 226.4), (129.0, 280.4), (149.5, 353.8), (180.2, 314.5), (219.0, 260.9), (259.0, 228.5), (299.0, 219.2), (339.0, 240.0), (379.0, 171.2), (419.0, 122.7), (458.5, 96.1), (498.5, 93.1), (538.5, 122.8), (578.5, 186.8), (618.5, 260.1), (658.5, 275.8), (698.5, 214.6), (738.5, 173.9), (778.5, 156.0), (818.5, 164.1), (858.5, 207.1), (898.5, 203.0), (938.5, 144.3), (978.5, 106.4), (1018.5, 91.4), (1058.5, 103.5), (1098.5, 151.0), (1138.5, 223.4), (1178.5, 296.8), (1218.5, 340.8), (1258.5, 311.6), (1298.5, 305.7), (1338.5, 331.3), (1378.5, 348.9), (1418.5, 285.1), (1424.4, 241.8), (1424.4, 254.2), (1424.4, 303.8), (1430.9, 368.0), (1448.4, 304.0), (1473.9, 320.9), (1507.4, 368.0), (1547.4, 304.0), (1587.4, 320.9), (1627.4, 358.1), (1667.4, 326.0), (1707.4, 317.0), (1712.4, 338.1), (1716.9, 368.0), (1748.6, 368.3), (1788.6, 368.0), (1828.6, 339.8), (1868.6, 306.5), (1908.6, 335.9), (1948.6, 331.4), (1988.6, 310.8), (2028.6, 315.3), (2068.6, 354.2), (2108.6, 314.5), (2128.8, 260.9), (2128.8, 228.5), (2128.8, 219.2), (2128.8, 240.0), (2128.8, 296.4), (2131.5, 368.0), (2146.0, 304.0), (2168.5, 320.9), (2199.0, 368.0), (2238.6, 304.0), (2278.6, 320.9), (2318.6, 368.0), (2358.6, 304.0), (2398.6, 320.9), (2438.6, 368.0), (2478.6, 304.0), (2518.6, 320.9), (2558.6, 368.0), (2598.6, 299.1), (2638.6, 250.6), (2671.9, 224.0), (2671.6, 221.1), (2672.1, 250.8), (2673.9, 314.8), (2684.1, 348.9), (2704.6, 285.1), (2733.1, 278.8), (2769.6, 318.5), (2809.6, 348.9), (2849.6, 285.1), (2889.6, 278.8), (2929.6, 318.5), (2969.6, 348.9), (3009.6, 285.1), (3049.6, 241.8), (3089.6, 221.0), (3129.6, 225.2), (3169.6, 263.8), (3209.6, 333.1), (3249.6, 331.0), (3280.1, 272.3), (3285.6, 234.4), (3299.1, 219.4), (3320.6, 231.5), (3350.5, 261.4), (3389.8, 195.1), (3429.8, 149.2), (3469.8, 125.4), (3509.8, 126.0), (3549.8, 160.1), (3589.8, 227.0), (3629.8, 300.4), (3664.0, 368.0), (3664.0, 299.1), (3668.5, 250.6), (3681.0, 224.0), (3701.5, 221.1), (3730.0, 250.8), (3766.5, 314.8), (3806.5, 348.9), (3846.5, 285.1), (3886.5, 241.8), (3926.5, 221.0), (3966.5, 225.2), (4006.5, 263.8), (4046.5, 333.1), (4086.5, 331.0), (4126.5, 272.3), (4166.5, 234.4), (4206.5, 219.4), (4246.5, 231.5), (4286.5, 261.4), (4326.5, 195.1), (4366.5, 149.2), (4406.5, 125.4), (4446.5, 126.0), (4486.5, 160.1), (4526.5, 227.0), (4566.5, 220.0), (4606.5, 161.3), (4646.5, 123.4), (4686.5, 108.4), (4726.5, 120.5), (4766.5, 168.0), (4806.5, 240.4), (4846.5, 171.6), (4886.5, 123.1), (4926.5, 96.4), (4966.5, 93.5), (5006.5, 123.2), (5046.5, 187.2), (5086.5, 260.5), (5126.5, 333.9), (5136.1, 407.2)]",0,20.45
novice,mario,Mario1-2,Stuck,6,0,198.08,0.969,"[(112.0, 208.0), (116.5, 226.4), (129.0, 280.4), (149.5, 353.8), (180.2, 314.5), (219.0, 260.9), (259.0, 228.5), (299.0, 219.2), (339.0, 240.0), (379.0, 171.2), (419.0, 122.7), (459.0, 96.1), (499.0, 93.1), (539.0, 122.8), (579.0, 186.8), (619.0, 260.1), (659.0, 275.8), (699.0, 214.6), (739.0, 173.9), (779.0, 156.0), (819.0, 164.1), (859.0, 207.1), (899.0, 203.0), (939.0, 144.3), (979.0, 106.4), (1019.0, 91.4), (1059.0, 103.5), (1099.0, 151.0), (1139.0, 223.4), (1179.0, 296.8), (1219.0, 340.8), (1259.0, 311.6), (1299.0, 305.7), (1339.0, 331.3), (1379.0, 348.9), (1419.0, 285.1), (1424.4, 241.8), (1424.4, 254.2), (1424.4, 303.8), (1430.9, 368.0), (1448.4, 304.0), (1473.9, 320.9), (1507.4, 368.0), (1547.4, 304.0), (1587.4, 320.9), (1627.4, 358.1), (1667.4, 326.0), (1707.4, 317.0), (1712.4, 338.1), (1716.9, 368.0), (1748.6, 368.3), (1788.6, 368.0), (1828.6, 339.8), (1868.6, 306.5), (1908.6, 335.9), (1948.6, 331.4), (1988.6, 310.8), (2028.6, 315.3), (2068.6, 354.2), (2108.6, 314.5), (2128.8, 260.9), (2128.8, 228.5), (2128.8, 219.2), (2128.8, 240.0), (2128.8, 296.4), (2131.5, 368.0), (2146.0, 304.0), (2168.5, 320.9), (2199.0, 368.0), (2238.6, 304.0), (2278.6, 320.9), (2318.6, 368.0), (2358.6, 304.0), (2398.6, 320.9), (2438.6, 368.0), (2478.6, 304.0), (2518.6, 320.9), (2558.6, 368.0), (2598.6, 299.1), (2638.6, 250.6), (2672.0, 224.0), (2672.4, 221.1), (2672.4, 250.8), (2674.6, 314.8), (2685.9, 348.9), (2707.4, 285.1), (2736.9, 278.8), (2774.2, 318.5), (2814.2, 348.9), (2854.2, 285.1), (2894.2, 278.8), (2934.2, 318.5), (2974.2, 348.9), (3014.2, 285.1), (3054.2, 241.8), (3094.2, 221.0), (3134.2, 225.2), (3174.2, 263.8), (3214.2, 333.1), (3254.2, 331.0), (3280.4, 272.3), (3286.9, 234.4), (3301.4, 219.4), (3323.9, 231.5), (3354.8, 261.4), (3394.4, 195.1), (3434.4, 149.2), (3474.4, 125.4), (3514.4, 126.0), (3554.4, 160.1), (3594.4, 227.0), (3634.4, 300.4), (3664.1, 368.0), (3664.4, 299.1), (3670.9, 250.6), (3685.4, 224.0), (3707.9, 221.1), (3738.4, 250.8), (3776.5, 314.8), (3816.5, 348.9), (3856.5, 285.1), (3859.5, 241.8), (3871.0, 221.0), (3890.5, 225.2), (3918.0, 263.8), (3955.8, 209.8), (3995.8, 158.7), (4035.8, 129.2), (4075.8, 123.0), (4115.8, 148.3), (4155.8, 208.7), (4195.8, 282.0), (4235.8, 316.9), (4242.6, 253.1), (4253.1, 209.8), (4271.6, 189.0), (4298.1, 193.2), (4332.6, 231.8), (4372.5, 186.5), (4412.5, 132.9), (4452.5, 100.5), (4492.5, 91.2), (4532.5, 112.0), (4572.5, 168.4), (4612.5, 241.8), (4624.1, 315.1), (4630.4, 348.9), (4646.9, 305.1), (4671.4, 330.4), (4704.6, 348.9), (4744.6, 305.1), (4784.6, 330.4), (4824.6, 348.9), (4864.6, 285.1), (4904.6, 241.8), (4944.6, 221.0), (4984.6, 202.0), (5024.6, 138.2), (5064.6, 94.9), (5104.6, 82.8), (5144.6, 114.5), (5184.6, 179.9), (5224.6, 253.3), (5264.6, 218.1), (5304.6, 164.5), (5344.6, 132.1), (5384.6, 122.8), (5424.6, 143.7), (5464.6, 200.0), (5488.8, 146.6), (5488.8, 95.6), (5488.8, 84.8), (5488.8, 121.0), (5488.8, 189.1), (5488.0, 154.5), (5488.0, 102.0), (5488.0, 82.8), (5488.0, 114.5), (5488.0, 179.9), (5488.0, 162.0), (5488.0, 105.9), (5488.0, 81.3), (5488.0, 108.6), (5488.0, 170.8), (5488.4, 170.5), (5488.4, 111.8), (5488.4, 80.4), (5488.4, 103.2), (5488.4, 161.6), (5488.4, 179.5), (5488.4, 119.3), (5488.4, 80.0), (5488.4, 98.4), (5488.4, 152.4), (5488.0, 188.3), (5488.0, 124.6), (5488.0, 81.3), (5488.0, 94.2), (5488.0, 143.8), (5488.0, 197.7), (5488.0, 131.4), (5488.0, 85.5), (5488.0, 90.5), (5488.0, 135.6), (5488.0, 207.4), (5488.4, 139.5), (5488.4, 92.0)]",0,27.48
novice,mario,Mario1-2,Enemy,1,0,223.02,0.342,"[(112.0, 208.0), (116.5, 226.4), (129.0, 280.4), (149.5, 353.8), (180.2, 314.5), (219.0, 260.9), (259.0, 228.5), (299.0, 219.2), (339.0, 240.0), (379.0, 171.2), (419.0, 122.7), (457.9, 96.1), (497.9, 93.1), (537.9, 122.8), (577.9, 186.8), (617.9, 260.1), (657.9, 275.8), (697.9, 214.6), (737.9, 173.9), (777.9, 156.0), (817.9, 164.1), (857.9, 207.1), (897.9, 203.0), (937.9, 144.3), (977.9, 106.4), (1017.9, 91.4), (1057.9, 103.5), (1097.9, 151.0), (1137.9, 223.4), (1177.9, 296.8), (1217.9, 340.8), (1257.9, 311.6), (1297.9, 305.7), (1337.9, 331.3), (1377.9, 348.9), (1417.9, 285.1), (1424.4, 241.8), (1424.4, 254.2), (1424.4, 303.8), (1430.9, 368.0), (1445.5, 304.0), (1461.6, 320.9), (1485.8, 368.0), (1521.0, 304.0), (1560.9, 320.9), (1600.9, 368.0), (1640.9, 299.1), (1648.4, 250.6), (1648.4, 224.0), (1648.4, 221.1), (1648.4, 250.8), (1648.4, 314.8), (1654.9, 331.0), (1669.4, 307.6), (1691.9, 308.4), (1712.4, 342.9), (1718.4, 368.0), (1752.1, 368.0), (1792.1, 368.3), (1832.1, 331.0), (1872.1, 308.3), (1912.1, 342.1)]",0,8.23
novice,mario,Mario1-2,Enemy,3,0,251.62,0.286,"[(112.0, 208.0), (116.5, 226.4), (129.0, 280.4), (149.5, 353.8), (180.2, 314.5), (219.0, 260.9), (259.0, 228.5), (299.0, 219.2), (339.0, 240.0), (379.0, 171.2), (419.0, 122.7), (459.0, 96.1), (499.0, 93.1), (539.0, 122.8), (579.0, 186.8), (619.0, 260.1), (659.0, 275.8), (699.0, 214.6), (739.0, 173.9), (779.0, 156.0), (819.0, 164.1), (859.0, 207.1), (899.0, 203.0), (939.0, 144.3), (979.0, 106.4), (1019.0, 91.4), (1059.0, 103.5), (1099.0, 151.0), (1139.0, 223.4), (1179.0, 296.8), (1219.0, 340.8), (1259.0, 311.6), (1299.0, 305.7), (1339.0, 331.3), (1379.0, 348.9), (1419.0, 285.1), (1424.4, 241.8), (1424.4, 254.2), (1424.4, 303.8), (1430.9, 368.0), (1447.8, 304.0), (1468.6, 320.9), (1497.5, 368.0), (1536.4, 304.0), (1576.4, 320.9), (1616.4, 368.0)]",0,6.03
novice,mario,Mario1-2,Success,3,0,219.56,0.947,"[(112.0, 208.0), (116.5, 226.4), (129.0, 280.4), (149.5, 353.8), (180.2, 314.5), (219.0, 260.9), (259.0, 228.5), (299.0, 219.2), (339.0, 240.0), (379.0, 171.2), (419.0, 122.7), (458.5, 96.1), (498.5, 93.1), (538.5, 122.8), (578.5, 186.8), (618.5, 260.1), (658.5, 275.8), (698.5, 214.6), (738.5, 173.9), (778.5, 156.0), (818.5, 164.1), (858.5, 207.1), (898.5, 203.0), (938.5, 144.3), (978.5, 106.4), (1018.5, 91.4), (1058.5, 103.5), (1098.5, 151.0), (1138.5, 223.4), (1178.5, 296.8), (1218.5, 340.8), (1258.5, 311.6), (1298.5, 305.7), (1338.5, 331.3), (1378.5, 348.9), (1418.4, 285.1), (1424.4, 241.8), (1424.4, 254.2), (1424.4, 303.8), (1430.9, 368.0), (1445.5, 304.0), (1458.1, 320.9), (1477.6, 368.0), (1508.1, 304.0), (1546.2, 320.9), (1586.2, 345.1), (1626.2, 315.8), (1666.2, 309.9), (1706.2, 335.5), (1716.9, 368.0), (1748.6, 368.3), (1788.6, 368.0), (1828.6, 339.8), (1868.6, 306.5), (1908.6, 335.9), (1948.6, 331.4), (1988.6, 310.8), (2028.6, 315.3), (2068.6, 354.2), (2108.6, 314.5), (2128.0, 260.9), (2128.0, 228.5), (2128.0, 219.2), (2128.0, 240.0), (2128.0, 296.4), (2132.5, 368.0), (2143.9, 304.0), (2151.7, 320.9), (2164.5, 368.0), (2184.2, 304.0), (2202.7, 320.9), (2228.5, 368.0), (2265.3, 299.1), (2288.8, 250.6), (2288.8, 224.0), (2288.8, 221.1), (2288.8, 250.8), (2288.8, 314.8), (2297.0, 348.9), (2308.5, 305.1), (2317.5, 330.4), (2334.1, 348.9), (2358.6, 305.1), (2388.7, 330.4), (2426.6, 348.9), (2466.6, 305.1), (2506.6, 330.4), (2546.6, 348.9), (2586.6, 285.1), (2626.6, 241.8), (2666.6, 221.0), (2672.4, 225.2), (2672.4, 263.8), (2674.6, 333.1), (2686.0, 331.0), (2697.4, 272.3), (2704.4, 285.4), (2713.9, 333.9), (2732.7, 331.0), (2752.6, 272.3), (2768.7, 285.4), (2789.9, 333.9), (2820.5, 331.0), (2859.6, 272.3), (2899.6, 285.4), (2939.6, 333.9), (2979.6, 331.0), (3019.6, 272.3), (3059.6, 234.4), (3099.6, 219.4), (3139.6, 231.5), (3179.6, 279.0), (3219.6, 351.4), (3259.6, 314.5), (3280.8, 260.9), (3288.2, 228.5), (3303.8, 219.2), (3327.2, 240.0), (3359.9, 242.9), (3399.8, 181.7), (3439.8, 141.1), (3479.8, 123.1), (3519.8, 131.2), (3559.8, 174.2), (3599.8, 245.4), (3639.8, 318.7), (3664.4, 335.0), (3664.4, 311.5), (3664.4, 312.4), (3664.4, 346.8), (3664.8, 323.5), (3667.5, 267.3), (3679.0, 232.2), (3698.5, 220.0), (3726.0, 236.4), (3761.5, 288.3), (3801.5, 361.5), (3841.5, 306.6), (3857.2, 255.6), (3865.8, 226.1), (3882.2, 219.9), (3906.8, 245.1), (3940.8, 234.1), (3980.8, 175.5), (4020.8, 137.5), (4060.8, 122.5), (4100.8, 134.6), (4140.8, 182.1), (4180.8, 254.5), (4220.8, 327.9), (4240.8, 274.6), (4248.2, 223.6), (4263.8, 194.1), (4287.2, 187.9), (4318.8, 213.1), (4357.5, 211.8), (4397.5, 150.6), (4437.5, 109.9), (4477.5, 92.0), (4517.5, 100.1), (4557.5, 143.1), (4597.5, 133.0), (4637.1, 80.0), (4677.0, 97.3), (4717.0, 149.9), (4757.0, 223.2), (4797.0, 186.5), (4837.0, 132.9), (4877.0, 100.5), (4917.0, 91.2), (4957.0, 112.0), (4997.0, 168.4), (5037.0, 238.0), (5077.0, 169.1), (5117.0, 120.6), (5157.0, 94.0), (5197.0, 91.1), (5237.0, 120.8), (5277.0, 184.8), (5317.0, 258.1), (5357.0, 218.5)]",0,24.02
novice,mario,Mario1-2,Stuck,1,0,197.9,0.969,"[(112.0, 208.0), (116.5, 226.4), (129.0, 280.4), (149.5, 353.8), (180.2, 314.5), (219.0, 260.9), (259.0, 228.5), (299.0, 219.2), (339.0, 240.0), (379.0, 171.2), (419.0, 122.7), (459.0, 96.1), (499.0, 93.1), (539.0, 122.8), (579.0, 186.8), (619.0, 260.1), (659.0, 275.8), (699.0, 214.6), (739.0, 173.9), (779.0, 156.0), (819.0, 164.1), (859.0, 207.1), (899.0, 203.0), (939.0, 144.3), (979.0, 106.4), (1019.0, 91.4), (1059.0, 103.5), (1099.0, 151.0), (1139.0, 223.4), (1179.0, 296.8), (1219.0, 340.8), (1259.0, 311.6), (1299.0, 305.7), (1339.0, 331.3), (1379.0, 348.9), (1419.0, 285.1), (1424.4, 241.8), (1424.4, 254.2), (1424.4, 303.8), (1430.9, 368.0), (1448.4, 304.0), (1473.9, 320.9), (1507.4, 368.0), (1547.4, 304.0), (1587.4, 320.9), (1627.4, 358.1), (1667.4, 326.0), (1707.4, 317.0), (1712.4, 338.1), (1716.9, 368.0), (1748.6, 368.3), (1788.6, 368.0), (1828.6, 339.8), (1868.6, 306.5), (1908.6, 335.9), (1948.6, 331.4), (1988.6, 310.8), (2028.6, 315.3), (2068.6, 354.2), (2108.6, 314.5), (2128.8, 260.9), (2128.8, 228.5), (2128.8, 219.2), (2128.8, 240.0), (2128.8, 296.4), (2131.5, 368.0), (2146.0, 304.0), (2168.5, 320.9), (2199.0, 368.0), (2238.6, 304.0), (2278.6, 320.9), (2318.6, 368.0), (2358.6, 304.0), (2398.6, 320.9), (2438.6, 368.0), (2478.6, 304.0), (2518.6, 320.9), (2558.6, 368.0), (2598.6, 299.1), (2638.6, 250.6), (2671.9, 224.0), (2671.6, 221.1), (2670.9, 250.8), (2674.4, 314.8), (2686.6, 348.9), (2709.1, 285.1), (2739.6, 278.8), (2777.8, 318.5), (2817.8, 348.9), (2857.8, 285.1), (2897.8, 278.8), (2937.8, 318.5), (2977.8, 348.9), (3017.8, 285.1), (3057.8, 241.8), (3097.8, 221.0), (3137.8, 225.2), (3177.8, 263.8), (3217.8, 333.1), (3257.8, 331.0), (3280.8, 272.3), (3288.2, 234.4), (3303.8, 219.4), (3327.2, 231.5), (3359.1, 261.4), (3399.0, 195.1), (3439.0, 149.2), (3479.0, 125.4), (3519.0, 126.0), (3559.0, 160.1), (3599.0, 227.0), (3639.0, 300.4), (3664.0, 368.0), (3664.8, 299.4), (3672.2, 251.2), (3687.8, 224.9), (3711.2, 222.3), (3742.8, 252.3), (3781.5, 316.4), (3821.5, 348.9), (3856.0, 285.1), (3860.5, 241.8), (3873.0, 221.0), (3893.5, 225.2), (3922.0, 263.8), (3960.4, 209.8), (4000.4, 158.7), (4040.4, 129.2), (4080.4, 123.0), (4120.4, 148.3), (4160.4, 208.7), (4200.4, 282.0), (4240.4, 316.9), (4243.5, 253.1), (4255.0, 209.8), (4274.5, 189.0), (4302.0, 193.2), (4337.5, 231.8), (4377.5, 186.5), (4417.5, 132.9), (4457.5, 100.5), (4497.5, 91.2), (4537.5, 112.0), (4577.5, 168.4), (4617.5, 241.8), (4624.4, 315.1), (4631.6, 348.9), (4649.1, 305.1), (4674.6, 330.4), (4708.9, 348.9), (4748.9, 305.1), (4788.9, 330.4), (4828.9, 348.9), (4868.9, 285.1), (4908.9, 241.8), (4948.9, 221.0), (4988.9, 202.0), (5028.9, 138.2), (5068.9, 94.9), (5108.9, 82.8), (5148.9, 114.5), (5188.9, 179.9), (5228.9, 253.3), (5268.9, 218.1), (5308.9, 164.5), (5348.9, 132.1), (5388.9, 122.8), (5428.9, 143.7), (5468.9, 200.0), (5488.8, 146.6), (5488.8, 95.6), (5488.8, 84.8), (5488.8, 121.0), (5488.6, 189.1), (5488.1, 153.9), (5488.1, 100.3), (5488.1, 82.8), (5488.1, 114.5), (5488.0, 179.9), (5488.0, 162.2), (5488.0, 106.4), (5488.0, 81.3), (5488.0, 108.6), (5488.2, 170.8), (5488.6, 170.6), (5488.4, 112.2), (5488.4, 80.4), (5488.4, 103.2), (5488.2, 161.6), (5488.1, 179.2), (5488.1, 118.0), (5488.1, 80.0), (5488.1, 98.4), (5488.1, 152.4), (5488.8, 188.4), (5488.8, 124.9), (5488.8, 81.9), (5488.8, 94.2), (5488.8, 143.8), (5488.7, 197.8), (5488.1, 131.7), (5488.1, 86.1), (5488.1, 90.5), (5488.1, 135.6), (5488.7, 207.4), (5488.8, 138.6), (5488.8, 90.1)]",0,27.47
novice,mario,Mario1-2,Stuck,1,0,197.5,0.969,"[(112.0, 208.0), (116.5, 226.4), (129.0, 280.4), (149.5, 353.8), (180.2, 314.5), (219.0, 260.9), (259.0, 228.5), (299.0, 219.2), (339.0, 240.0), (379.0, 171.2), (419.0, 122.7), (459.0, 96.1), (499.0, 93.1), (539.0, 122.8), (579.0, 186.8), (619.0, 260.1), (659.0, 275.8), (699.0, 214.6), (739.0, 173.9), (779.0, 156.0), (819.0, 164.1), (859.0, 207.1), (899.0, 203.0), (939.0, 144.3), (979.0, 106.4), (1019.0, 91.4), (1059.0, 103.5), (1099.0, 151.0), (1139.0, 223.4), (1179.0, 296.8), (1219.0, 340.8), (1259.0, 311.6), (1299.0, 305.7), (1339.0, 331.3), (1379.0, 348.9), (1419.0, 285.1), (1424.4, 241.8), (1424.4, 254.2), (1424.4, 303.8), (1430.9, 368.0), (1448.4, 304.0), (1473.9, 320.9), (1507.4, 368.0), (1547.4, 304.0), (1587.4, 320.9), (1627.4, 358.1), (1667.4, 326.0), (1707.4, 317.0), (1712.4, 338.1), (1716.9, 368.0), (1748.6, 368.3), (1788.6, 368.0), (1828.6, 339.8), (1868.6, 306.5), (1908.6, 335.9), (1948.6, 331.4), (1988.6, 310.8), (2028.6, 315.3), (2068.6, 354.2), (2108.6, 314.5), (2128.8, 260.9), (2128.8, 228.5), (2128.8, 219.2), (2128.8, 240.0), (2128.8, 296.4), (2131.5, 368.0), (2146.0, 304.0), (2168.5, 320.9), (2199.0, 368.0), (2238.6, 304.0), (2278.6, 320.9), (2318.6, 368.0), (2358.6, 304.0), (2398.6, 320.9), (2438.6, 368.0), (2478.6, 304.0), (2518.6, 320.9), (2558.6, 368.0), (2598.6, 299.1), (2638.6, 250.6), (2672.0, 224.0), (2672.4, 221.1), (2672.4, 250.8), (2674.6, 314.8), (2685.9, 348.9), (2707.4, 285.1), (2736.9, 278.8), (2774.2, 318.5), (2814.2, 348.9), (2854.2, 285.1), (2894.2, 278.8), (2934.2, 318.5), (2974.2, 348.9), (3014.2, 285.1), (3054.2, 241.8), (3094.2, 221.0), (3134.2, 225.2), (3174.2, 263.8), (3214.2, 333.1), (3254.2, 331.0), (3280.4, 272.3), (3286.9, 234.4), (3301.4, 219.4), (3323.9, 231.5), (3354.8, 261.4), (3394.4, 195.1), (3434.4, 149.2), (3474.4, 125.4), (3514.4, 126.0), (3554.4, 160.1), (3594.4, 227.0), (3634.4, 300.4), (3664.1, 368.0), (3664.4, 299.1), (3670.9, 250.6), (3685.4, 224.0), (3707.9, 221.1), (3738.4, 250.8), (3776.5, 314.8), (3816.5, 348.9), (3856.5, 285.1), (3859.5, 241.8), (3871.0, 221.0), (3890.5, 225.2), (3918.0, 263.8), (3955.8, 209.8), (3995.8, 158.7), (4035.8, 129.2), (4075.8, 123.0), (4115.8, 148.3), (4155.8, 208.7), (4195.8, 282.0), (4235.8, 316.9), (4242.6, 253.1), (4253.1, 209.8), (4271.6, 189.0), (4298.1, 193.2), (4332.6, 231.8), (4372.5, 186.5), (4412.5, 132.9), (4452.5, 100.5), (4492.5, 91.2), (4532.5, 112.0), (4572.5, 168.4), (4612.5, 241.8), (4624.1, 315.1), (4630.4, 348.9), (4646.9, 305.1), (4671.4, 330.4), (4704.6, 348.9), (4744.6, 305.1), (4784.6, 330.4), (4824.6, 348.9), (4864.6, 285.1), (4904.6, 241.8), (4944.6, 221.0), (4984.6, 202.0), (5024.6, 138.2), (5064.6, 94.9), (5104.6, 82.8), (5144.6, 114.5), (5184.6, 179.9), (5224.6, 253.3), (5264.6, 218.1), (5304.6, 164.5), (5344.6, 132.1), (5384.6, 122.8), (5424.6, 143.7), (5464.6, 200.0), (5488.2, 146.6), (5488.3, 95.6), (5488.1, 84.8), (5488.1, 121.0), (5488.1, 189.1), (5488.7, 153.9), (5488.0, 100.3), (5488.0, 82.8), (5488.0, 114.5), (5488.0, 179.9), (5488.0, 162.0), (5488.0, 105.9), (5488.0, 81.3), (5488.0, 108.6), (5488.0, 170.8), (5488.0, 170.5), (5488.0, 111.8), (5488.4, 80.4), (5488.4, 103.2), (5488.4, 161.6), (5488.4, 179.2), (5488.7, 118.0), (5488.1, 80.0), (5488.1, 98.4), (5488.1, 152.4), (5488.0, 188.3), (5488.0, 124.6), (5488.1, 81.3), (5488.1, 94.2), (5488.1, 143.8), (5488.5, 197.7), (5488.0, 131.4), (5488.8, 85.5), (5488.8, 90.5), (5488.8, 135.6), (5488.8, 207.4), (5488.7, 138.6), (5488.4, 90.1)]",0,27.48
novice,mario,Mario1-2,Stuck,4,0,197.84,0.969,"[(112.0, 208.0), (116.5, 226.4), (129.0, 280.4), (149.5, 353.8), (180.2, 314.5), (219.0, 260.9), (259.0, 228.5), (299.0, 219.2), (339.0, 240.0), (379.0, 171.2), (419.0, 122.7), (459.0, 96.1), (499.0, 93.1), (539.0, 122.8), (579.0, 186.8), (619.0, 260.1), (659.0, 275.8), (699.0, 214.6), (739.0, 173.9), (779.0, 156.0), (819.0, 164.1), (859.0, 207.1), (899.0, 203.0), (939.0, 144.3), (979.0, 106.4), (1019.0, 91.4), (1059.0, 103.5), (1099.0, 151.0), (1139.0, 223.4), (1179.0, 296.8), (1219.0, 340.8), (1259.0, 311.6), (1299.0, 305.7), (1339.0, 331.3), (1379.0, 348.9), (1419.0, 285.1), (1424.4, 241.8), (1424.4, 254.2), (1424.4, 303.8), (1430.9, 368.0), (1448.4, 304.0), (1473.9, 320.9), (1507.4, 368.0), (1547.4, 304.0), (1587.4, 320.9), (1627.4, 358.1), (1667.4, 326.0), (1707.4, 317.0), (1712.4, 338.1), (1716.9, 368.0), (1748.6, 368.3), (1788.6, 368.0), (1828.6, 339.8), (1868.6, 306.5), (1908.6, 335.9), (1948.6, 331.4), (1988.6, 310.8), (2028.6, 315.3), (2068.6, 354.2), (2108.6, 314.5), (2128.8, 260.9), (2128.8, 228.5), (2128.8, 219.2), (2128.8, 240.0), (2128.8, 296.4), (2131.5, 368.0), (2146.0, 304.0), (2168.5, 320.9), (2199.0, 368.0), (2238.6, 304.0), (2278.6, 320.9), (2318.6, 368.0), (2358.6, 304.0), (2398.6, 320.9), (2438.6, 368.0), (2478.6, 304.0), (2518.6, 320.9), (2558.6, 368.0), (2598.6, 299.1), (2638.6, 250.6), (2672.0, 224.0), (2672.4, 221.1), (2672.4, 250.8), (2674.6, 314.8), (2685.9, 348.9), (2707.4, 285.1), (2736.9, 278.8), (2774.2, 318.5), (2814.2, 348.9), (2854.2, 285.1), (2894.2, 278.8), (2934.2, 318.5), (2974.2, 348.9), (3014.2, 285.1), (3054.2, 241.8), (3094.2, 221.0), (3134.2, 225.2), (3174.2, 263.8), (3214.2, 333.1), (3254.2, 331.0), (3280.4, 272.3), (3286.9, 234.4), (3301.4, 219.4), (3323.9, 231.5), (3354.8, 261.4), (3394.4, 195.1), (3434.4, 149.2), (3474.4, 125.4), (3514.4, 126.0), (3554.4, 160.1), (3594.4, 227.0), (3634.4, 300.4), (3664.1, 368.0), (3664.4, 299.1), (3670.9, 250.6), (3685.4, 224.0), (3707.9, 221.1), (3738.4, 250.8), (3776.5, 314.8), (3816.5, 348.9), (3856.5, 285.1), (3859.5, 241.8), (3871.0, 221.0), (3890.5, 225.2), (3918.0, 263.8), (3955.8, 209.8), (3995.8, 158.7), (4035.8, 129.2), (4075.8, 123.0), (4115.8, 148.3), (4155.8, 208.7), (4195.8, 282.0), (4235.8, 316.9), (4242.6, 253.1), (4253.1, 209.8), (4271.6, 189.0), (4298.1, 193.2), (4332.6, 231.8), (4372.5, 186.5), (4412.5, 132.9), (4452.5, 100.5), (4492.5, 91.2), (4532.5, 112.0), (4572.5, 168.4), (4612.5, 241.8), (4624.1, 315.1), (4630.4, 348.9), (4646.9, 305.1), (4671.4, 330.4), (4704.6, 348.9), (4744.6, 305.1), (4784.6, 330.4), (4824.6, 348.9), (4864.6, 285.1), (4904.6, 241.8), (4944.6, 221.0), (4984.6, 202.0), (5024.6, 138.2), (5064.6, 94.9), (5104.6, 82.8), (5144.6, 114.5), (5184.6, 179.9), (5224.6, 253.3), (5264.6, 218.1), (5304.6, 164.5), (5344.6, 132.1), (5384.6, 122.8), (5424.6, 143.7), (5464.6, 200.0), (5488.8, 146.6), (5488.8, 95.6), (5488.8, 84.8), (5488.8, 121.0), (5488.8, 189.1), (5488.2, 154.5), (5488.0, 102.0), (5488.0, 82.8), (5488.0, 114.5), (5488.0, 179.9), (5488.0, 162.0), (5488.4, 105.9), (5488.4, 81.3), (5488.4, 108.6), (5488.4, 170.8), (5488.2, 170.5), (5488.0, 111.8), (5488.0, 80.4), (5488.0, 103.2), (5488.0, 161.6), (5488.1, 179.5), (5488.1, 119.3), (5488.1, 80.0), (5488.1, 98.4), (5488.1, 152.4), (5488.0, 188.3), (5488.8, 124.6), (5488.8, 81.3), (5488.8, 94.2), (5488.8, 143.8), (5488.0, 197.7), (5488.3, 131.4), (5488.1, 85.5), (5488.1, 90.5), (5488.1, 135.6), (5488.1, 207.4), (5488.6, 139.5), (5488.4, 92.0)]",0,27.48
novice,mario,Mario1-2,Enemy,1,0,199.28,0.078,"[(112.0, 208.0), (107.5, 226.4), (97.5, 280.4), (94.0, 353.8), (106.4, 368.0), (144.1, 368.0), (184.1, 368.0), (224.1, 368.0), (264.1, 368.0), (304.1, 368.0), (344.1, 368.0), (384.1, 368.0), (424.1, 368.0)]",0,1.67
novice,mario,Mario1-2,Stuck,1,0,197.14,0.969,"[(112.0, 208.0), (116.5, 226.4), (129.0, 280.4), (149.5, 353.8), (180.2, 314.5), (219.0, 260.9), (259.0, 228.5), (299.0, 219.2), (339.0, 240.0), (379.0, 171.2), (419.0, 122.7), (459.0, 96.1), (499.0, 93.1), (539.0, 122.8), (579.0, 186.8), (619.0, 260.1), (659.0, 275.8), (699.0, 214.6), (739.0, 173.9), (779.0, 156.0), (819.0, 164.1), (859.0, 207.1), (899.0, 203.0), (939.0, 144.3), (979.0, 106.4), (1019.0, 91.4), (1059.0, 103.5), (1099.0, 151.0), (1139.0, 223.4), (1179.0, 296.8), (1219.0, 340.8), (1259.0, 311.6), (1299.0, 305.7), (1339.0, 331.3), (1379.0, 348.9), (1419.0, 285.1), (1424.4, 241.8), (1424.4, 254.2), (1424.4, 303.8), (1430.9, 368.0), (1448.4, 304.0), (1473.9, 320.9), (1507.4, 368.0), (1547.4, 304.0), (1587.4, 320.9), (1627.4, 358.1), (1667.4, 326.0), (1707.4, 317.0), (1712.4, 338.1), (1716.9, 368.0), (1748.6, 368.3), (1788.6, 368.0), (1828.6, 339.8), (1868.6, 306.5), (1908.6, 335.9), (1948.6, 331.4), (1988.6, 310.8), (2028.6, 315.3), (2068.6, 354.2), (2108.6, 314.5), (2128.8, 260.9), (2128.8, 228.5), (2128.8, 219.2), (2128.8, 240.0), (2128.8, 296.4), (2131.5, 368.0), (2146.0, 304.0), (2168.5, 320.9), (2199.0, 368.0), (2238.6, 304.0), (2278.6, 320.9), (2318.6, 368.0), (2358.6, 304.0), (2398.6, 320.9), (2438.6, 368.0), (2478.6, 304.0), (2518.6, 320.9), (2558.6, 368.0), (2598.6, 299.1), (2638.6, 250.6), (2671.9, 224.0), (2671.6, 221.1), (2670.9, 250.8), (2674.4, 314.8), (2686.6, 348.9), (2709.1, 285.1), (2739.6, 278.8), (2777.8, 318.5), (2817.8, 348.9), (2857.8, 285.1), (2897.8, 278.8), (2937.8, 318.5), (2977.8, 348.9), (3017.8, 285.1), (3057.8, 241.8), (3097.8, 221.0), (3137.8, 225.2), (3177.8, 263.8), (3217.8, 333.1), (3257.8, 331.0), (3280.8, 272.3), (3288.2, 234.4), (3303.8, 219.4), (3327.2, 231.5), (3359.1, 261.4), (3399.0, 195.1), (3439.0, 149.2), (3479.0, 125.4), (3519.0, 126.0), (3559.0, 160.1), (3599.0, 227.0), (3639.0, 300.4), (3664.4, 368.0), (3663.0, 299.1), (3668.5, 250.6), (3682.0, 224.0), (3703.5, 221.1), (3733.0, 250.8), (3770.4, 314.8), (3810.4, 348.9), (3850.4, 285.1), (3858.6, 241.8), (3869.1, 221.0), (3887.6, 225.2), (3914.1, 263.8), (3951.1, 209.8), (3991.1, 158.7), (4031.1, 129.2), (4071.1, 123.0), (4111.1, 148.3), (4151.1, 208.7), (4191.1, 282.0), (4231.1, 316.9), (4242.6, 253.1), (4253.1, 209.8), (4271.6, 189.0), (4298.1, 193.2), (4332.6, 231.8), (4372.5, 186.5), (4412.5, 132.9), (4452.5, 100.5), (4492.5, 91.2), (4532.5, 112.0), (4572.5, 168.4), (4612.5, 241.8), (4624.1, 315.1), (4630.4, 348.9), (4646.9, 305.1), (4671.4, 330.4), (4704.6, 348.9), (4744.6, 305.1), (4784.6, 330.4), (4824.6, 348.9), (4864.6, 285.1), (4904.6, 241.8), (4944.6, 221.0), (4984.6, 202.0), (5024.6, 138.2), (5064.6, 94.9), (5104.6, 82.8), (5144.6, 114.5), (5184.6, 179.9), (5224.6, 253.3), (5264.6, 218.1), (5304.6, 164.5), (5344.6, 132.1), (5384.6, 122.8), (5424.6, 143.7), (5464.6, 200.0), (5488.0, 146.6), (5488.0, 95.6), (5488.0, 84.8), (5488.0, 121.0), (5488.0, 189.1), (5488.4, 153.9), (5488.0, 100.3), (5488.0, 82.8), (5488.0, 114.5), (5488.0, 179.9), (5487.0, 162.0), (5485.8, 105.9), (5488.1, 81.3), (5488.1, 108.6), (5488.1, 170.8), (5487.6, 170.5), (5485.9, 111.8), (5488.4, 80.4), (5488.8, 103.2), (5488.8, 161.6), (5488.1, 179.2), (5488.4, 118.0), (5488.4, 80.0), (5488.4, 98.4), (5488.4, 152.4), (5488.9, 188.3), (5488.2, 124.6), (5488.0, 81.3), (5488.0, 94.2), (5488.0, 143.8), (5488.0, 197.7), (5487.8, 131.4), (5488.5, 85.5), (5488.8, 90.5), (5488.8, 135.6), (5488.8, 207.4), (5488.5, 138.6), (5488.4, 90.1)]",0,27.48
novice,mario,Mario1-2,Pit,1,0,246.61,0.907,"[(112.0, 208.0), (116.5, 226.4), (129.0, 280.4), (149.5, 353.8), (180.2, 314.5), (219.0, 260.9), (259.0, 228.5), (299.0, 219.2), (339.0, 240.0), (379.0, 171.2), (419.0, 122.7), (459.0, 96.1), (499.0, 93.1), (539.0, 122.8), (579.0, 186.8), (619.0, 260.1), (659.0, 275.8), (699.0, 214.6), (739.0, 173.9), (779.0, 156.0), (819.0, 164.1), (859.0, 207.1), (899.0, 203.0), (939.0, 144.3), (979.0, 106.4), (1019.0, 91.4), (1059.0, 103.5), (1099.0, 151.0), (1139.0, 223.4), (1179.0, 296.8), (1219.0, 340.8), (1259.0, 311.6), (1299.0, 305.7), (1339.0, 331.3), (1379.0, 348.9), (1419.0, 285.1), (1424.4, 241.8), (1424.4, 254.2), (1424.4, 303.8), (1430.9, 368.0), (1448.4, 304.0), (1473.9, 320.9), (1507.4, 368.0), (1547.4, 304.0), (1587.4, 320.9), (1627.4, 358.1), (1667.4, 326.0), (1707.4, 317.0), (1712.4, 338.1), (1716.9, 368.0), (1748.6, 368.3), (1788.6, 368.0), (1828.6, 339.8), (1868.6, 306.5), (1908.6, 335.9), (1948.6, 331.4), (1988.6, 310.8), (2028.6, 315.3), (2068.6, 354.2), (2108.6, 314.5), (2128.0, 260.9), (2128.0, 228.5), (2128.0, 219.2), (2128.0, 240.0), (2128.0, 296.4), (2132.5, 368.0), (2148.0, 304.0), (2171.5, 320.9), (2203.0, 368.0), (2242.9, 304.0), (2282.9, 320.9), (2322.9, 368.0), (2362.9, 304.0), (2402.9, 320.9), (2442.9, 368.0), (2482.9, 304.0), (2522.9, 320.9), (2562.9, 368.0), (2602.9, 299.1), (2642.9, 250.6), (2672.0, 224.0), (2672.4, 221.1), (2672.4, 250.8), (2674.6, 314.8), (2685.9, 348.9), (2707.4, 285.1), (2736.9, 278.8), (2774.2, 318.5), (2814.2, 348.9), (2854.2, 285.1), (2894.2, 278.8), (2934.2, 318.5), (2974.2, 348.9), (3014.2, 285.1), (3054.2, 241.8), (3094.2, 221.0), (3134.2, 225.2), (3174.2, 263.8), (3214.2, 333.1), (3254.2, 331.0), (3280.4, 272.3), (3286.9, 234.4), (3301.4, 219.4), (3323.9, 231.5), (3354.8, 261.4), (3394.4, 195.1), (3434.4, 149.2), (3474.4, 125.4), (3514.4, 126.0), (3554.4, 160.1), (3594.4, 227.0), (3634.4, 300.4), (3664.1, 368.0), (3664.0, 299.1), (3668.5, 250.6), (3681.0, 224.0), (3701.5, 221.1), (3730.0, 250.8), (3766.5, 314.8), (3806.5, 348.9), (3846.5, 285.1), (3886.5, 241.8), (3926.5, 221.0), (3966.5, 225.2), (4006.5, 263.8), (4046.5, 333.1), (4086.5, 331.0), (4126.5, 272.3), (4166.5, 234.4), (4206.5, 219.4), (4246.5, 231.5), (4286.5, 261.4), (4326.5, 195.1), (4366.5, 149.2), (4406.5, 125.4), (4446.5, 126.0), (4486.5, 160.1), (4526.5, 227.0), (4566.5, 220.0), (4606.5, 161.3), (4646.5, 123.4), (4686.5, 108.4), (4726.5, 120.5), (4766.5, 168.0), (4806.5, 240.4), (4846.5, 171.6), (4886.5, 123.1), (4926.5, 96.4), (4966.5, 93.5), (5006.5, 123.2), (5046.5, 187.2), (5086.5, 260.5), (5126.5, 333.9), (5136.1, 407.2)]",0,20.45
novice,mario,Mario1-2,Stuck,1,0,197.19,0.969,"[(112.0, 208.0), (116.5, 226.4), (129.0, 280.4), (149.5, 353.8), (180.2, 314.5), (219.0, 260.9), (259.0, 228.5), (299.0, 219.2), (339.0, 240.0), (379.0, 171.2), (419.0, 122.7), (459.0, 96.1), (499.0, 93.1), (539.0, 122.8), (579.0, 186.8), (619.0, 260.1), (659.0, 275.8), (699.0, 214.6), (739.0, 173.9), (779.0, 156.0), (819.0, 164.1), (859.0, 207.1), (899.0, 203.0), (939.0, 144.3), (979.0, 106.4), (1019.0, 91.4), (1059.0, 103.5), (1099.0, 151.0), (1139.0, 223.4), (1179.0, 296.8), (1219.0, 340.8), (1259.0, 311.6), (1299.0, 305.7), (1339.0, 331.3), (1379.0, 348.9), (1419.0, 285.1), (1424.4, 241.8), (1424.4, 254.2), (1424.4, 303.8), (1430.9, 368.0), (1448.4, 304.0), (1473.9, 320.9), (1507.4, 368.0), (1547.4, 304.0), (1587.4, 320.9), (1627.4, 358.1), (1667.4, 326.0), (1707.4, 317.0), (1712.4, 338.1), (1716.9, 368.0), (1748.6, 368.3), (1788.6, 368.0), (1828.6, 339.8), (1868.6, 306.5), (1908.6, 335.9), (1948.6, 331.4), (1988.6, 310.8), (2028.6, 315.3), (2068.6, 354.2), (2108.6, 314.5), (2128.8, 260.9), (2128.8, 228.5), (2128.8, 219.2), (2128.8, 240.0), (2128.8, 296.4), (2131.5, 368.0), (2146.0, 304.0), (2168.5, 320.9), (2199.0, 368.0), (2238.6, 304.0), (2278.6, 320.9), (2318.6, 368.0), (2358.6, 304.0), (2398.6, 320.9), (2438.6, 368.0), (2478.6, 304.0), (2518.6, 320.9), (2558.6, 368.0), (2598.6, 299.1), (2638.6, 250.6), (2672.0, 224.0), (2672.8, 221.1), (2672.5, 250.8), (2674.6, 314.8), (2685.9, 348.9), (2707.4, 285.1), (2736.9, 278.8), (2774.2, 318.5), (2814.2, 348.9), (2854.2, 285.1), (2894.2, 278.8), (2934.2, 318.5), (2974.2, 348.9), (3014.2, 285.1), (3054.2, 241.8), (3094.2, 221.0), (3134.2, 225.2), (3174.2, 263.8), (3214.2, 333.1), (3254.2, 331.0), (3280.4, 272.3), (3286.9, 234.4), (3301.4, 219.4), (3323.9, 231.5), (3354.8, 261.4), (3394.4, 195.1), (3434.4, 149.2), (3474.4, 125.4), (3514.4, 126.0), (3554.4, 160.1), (3594.4, 227.0), (3634.4, 300.4), (3664.1, 368.0), (3663.9, 299.1), (3670.4, 250.6), (3684.9, 224.0), (3707.4, 221.1), (3737.9, 250.8), (3776.0, 314.8), (3816.0, 348.9), (3856.0, 285.1), (3859.5, 241.8), (3871.0, 221.0), (3890.5, 225.2), (3918.0, 263.8), (3955.8, 209.8), (3995.8, 158.7), (4035.8, 129.2), (4075.8, 123.0), (4115.8, 148.3), (4155.8, 208.7), (4195.8, 282.0), (4235.8, 316.9), (4242.6, 253.1), (4253.1, 209.8), (4271.6, 189.0), (4298.1, 193.2), (4332.6, 231.8), (4372.5, 186.5), (4412.5, 132.9), (4452.5, 100.5), (4492.5, 91.2), (4532.5, 112.0), (4572.5, 168.4), (4612.5, 241.8), (4624.1, 315.1), (4630.4, 348.9), (4646.9, 305.1), (4671.4, 330.4), (4704.6, 348.9), (4744.6, 305.1), (4784.6, 330.4), (4824.6, 348.9), (4864.6, 285.1), (4904.6, 241.8), (4944.6, 221.0), (4984.6, 202.0), (5024.6, 138.2), (5064.6, 94.9), (5104.6, 82.8), (5144.6, 114.5), (5184.6, 179.9), (5224.6, 253.3), (5264.6, 218.1), (5304.6, 164.5), (5344.6, 132.1), (5384.6, 122.8), (5424.6, 143.7), (5464.6, 200.0), (5488.0, 146.6), (5487.2, 95.6), (5488.4, 84.8), (5488.4, 121.0), (5488.4, 189.1), (5487.8, 153.9), (5487.2, 100.3), (5488.8, 82.8), (5488.8, 114.5), (5488.8, 179.9), (5487.0, 162.0), (5485.8, 105.9), (5488.1, 81.3), (5488.1, 108.6), (5488.1, 170.8), (5487.6, 170.5), (5485.9, 111.8), (5488.4, 80.4), (5488.8, 103.2), (5488.8, 161.6), (5488.1, 179.2), (5487.6, 118.0), (5488.0, 80.0), (5488.0, 98.4), (5488.0, 152.4), (5487.9, 188.3), (5486.1, 124.6), (5487.6, 81.3), (5488.4, 94.2), (5488.4, 143.8), (5488.8, 197.7), (5486.8, 131.4), (5486.5, 85.5), (5488.0, 90.5), (5488.0, 135.6), (5488.0, 207.4), (5487.6, 138.6), (5487.6, 90.1)]",0,27.48
novice,mario,Mario1-2,Enemy,3,0,235.24,0.269,"[(112.0, 208.0), (116.5, 226.4), (129.0, 280.4), (149.5, 353.8), (180.2, 314.5), (219.0, 260.9), (259.0, 228.5), (299.0, 219.2), (339.0, 240.0), (379.0, 171.2), (419.0, 122.7), (458.5, 96.1), (498.5, 93.1), (538.5, 122.8), (578.5, 186.8), (618.5, 260.1), (658.5, 275.8), (698.5, 214.6), (738.5, 173.9), (778.5, 156.0), (818.5, 164.1), (858.5, 207.1), (898.5, 203.0), (938.5, 144.3), (978.5, 106.4), (1018.5, 91.4), (1058.5, 103.5), (1098.5, 151.0), (1138.5, 223.4), (1178.5, 296.8), (1218.5, 340.8), (1258.5, 311.6), (1298.5, 305.7), (1338.5, 331.3), (1378.5, 348.9), (1417.8, 285.1), (1424.8, 241.8), (1424.8, 254.2), (1424.8, 303.8), (1427.5, 368.0), (1439.1, 304.0), (1447.0, 320.9), (1458.8, 368.0), (1478.8, 304.0), (1496.8, 320.9), (1521.6, 368.0)]",0,6.02
novice,mario,Mario1-2,Pit,3,4,141.43,0.797,"[(112.0, 208.0), (113.9, 226.4), (123.4, 280.4), (140.9, 353.8), (168.6, 314.5), (205.1, 260.9), (245.1, 228.5), (285.1, 219.2), (325.1, 240.0), (365.1, 171.2), (404.1, 122.7), (438.8, 96.1), (469.1, 93.1), (495.5, 122.8), (527.0, 186.8), (565.8, 260.1), (605.8, 333.5), (625.2, 274.6), (632.6, 223.6), (637.4, 194.1), (638.3, 187.9), (643.8, 213.1), (657.3, 273.6), (680.3, 267.4), (712.8, 209.8), (752.1, 172.9), (792.1, 158.9), (832.1, 172.1), (872.1, 220.6), (912.1, 252.9), (952.1, 189.1), (991.8, 145.8), (1028.2, 125.0), (1060.2, 129.2), (1094.7, 167.8), (1134.6, 237.1), (1174.6, 310.4), (1214.6, 340.4), (1254.5, 314.1), (1291.4, 311.5), (1326.8, 341.5), (1366.7, 331.0), (1403.6, 308.3), (1442.4, 342.1), (1482.3, 331.0), (1520.4, 308.3), (1560.4, 342.1), (1600.4, 331.0), (1640.4, 272.3), (1648.2, 234.4), (1648.0, 219.4), (1648.0, 231.5), (1648.0, 279.0), (1652.5, 351.4), (1660.9, 316.4), (1665.7, 304.5), (1675.5, 321.2), (1693.3, 368.0), (1712.0, 299.1), (1712.0, 250.6), (1716.5, 224.0), (1729.0, 221.1), (1750.1, 220.9), (1773.0, 157.2), (1792.1, 150.8), (1816.2, 190.5), (1840.1, 260.3), (1841.9, 333.6), (1849.4, 323.5), (1853.7, 305.9), (1854.2, 314.2), (1855.4, 357.6), (1859.8, 333.6), (1860.5, 318.8), (1860.5, 331.2), (1861.9, 341.1), (1862.1, 314.8), (1862.1, 312.1), (1862.8, 342.1), (1871.2, 331.0), (1879.6, 308.3), (1884.7, 342.1), (1896.8, 331.0), (1908.9, 308.3), (1917.7, 342.1), (1933.4, 331.0), (1949.1, 308.3), (1961.6, 342.1), (1981.0, 331.0), (2000.4, 308.3), (2019.4, 342.1), (2047.2, 331.0), (2075.1, 308.3), (2106.9, 342.1), (2145.6, 331.0), (2182.0, 308.3), (2218.0, 342.1), (2257.8, 331.0), (2288.0, 272.3), (2288.0, 234.4), (2288.0, 219.4), (2288.0, 231.5), (2288.0, 279.0), (2292.5, 351.4), (2305.3, 314.5), (2315.6, 313.6), (2324.3, 356.0), (2340.8, 314.5), (2357.7, 313.6), (2378.8, 356.0), (2408.3, 314.5), (2416.0, 260.9), (2417.2, 228.5), (2425.8, 219.2), (2442.2, 240.0), (2466.8, 171.2), (2487.6, 146.5), (2505.0, 177.2), (2528.5, 240.0), (2562.8, 171.1), (2596.8, 122.6), (2626.2, 96.0), (2651.3, 93.1), (2673.1, 122.8), (2701.3, 166.3), (2734.7, 100.0), (2763.6, 84.4), (2788.7, 119.6), (2819.2, 166.3), (2856.3, 100.0), (2889.2, 84.4), (2919.5, 119.6), (2956.6, 187.1), (2996.6, 260.4), (3036.6, 333.8), (3076.6, 331.0), (3116.6, 272.3), (3156.6, 234.4), (3196.6, 219.4), (3236.6, 231.5), (3276.6, 279.0), (3280.8, 351.4), (3280.0, 314.5), (3280.1, 260.9), (3281.6, 228.5), (3281.6, 219.2), (3285.1, 240.0), (3297.7, 243.2), (3313.2, 183.0), (3324.3, 143.4), (3330.9, 126.5), (3333.0, 135.6), (3334.3, 179.7), (3342.8, 251.2), (3360.6, 226.6), (3378.0, 170.4), (3390.9, 135.3), (3399.4, 123.1), (3403.5, 139.5), (3407.2, 191.4), (3418.7, 264.6), (3438.2, 337.9), (3467.2, 331.0), (3472.2, 272.3), (3472.8, 234.4), (3480.2, 219.4), (3495.8, 231.5), (3519.6, 186.5), (3540.8, 132.9), (3557.7, 100.5), (3570.1, 91.3), (3578.0, 112.1), (3584.4, 168.5), (3598.2, 241.8), (3620.1, 315.1), (3649.9, 331.4), (3664.0, 308.0), (3664.0, 308.8), (3664.0, 343.2), (3664.2, 331.0), (3666.8, 272.3), (3670.3, 234.4), (3670.5, 219.4), (3671.2, 231.5), (3678.7, 279.0), (3695.9, 258.6), (3713.9, 202.4), (3727.4, 167.3), (3736.4, 155.1), (3741.0, 171.5), (3748.2, 223.4), (3763.4, 296.6), (3786.5, 368.0), (3820.7, 299.1), (3860.5, 250.6), (3900.5, 224.0), (3940.5, 221.1), (3980.5, 250.8), (4020.5, 314.8), (4060.5, 348.9), (4100.5, 285.1), (4140.5, 241.8), (4180.5, 221.0), (4220.5, 225.2), (4260.5, 263.8), (4272.0, 275.8), (4273.6, 214.6), (4273.6, 173.9), (4273.6, 156.0), (4273.6, 164.1), (4276.2, 207.1), (4286.7, 272.0), (4306.3, 203.1), (4322.5, 154.6), (4334.4, 128.0), (4341.8, 125.1), (4344.7, 154.8), (4350.2, 218.8), (4363.6, 194.6), (4374.9, 138.4), (4381.8, 103.3), (4384.1, 91.1), (4384.1, 107.5), (4386.0, 159.4), (4395.5, 232.6), (4411.6, 178.6), (4423.7, 127.6), (4431.4, 98.1), (4434.7, 91.9), (4434.8, 117.1), (4438.3, 177.6), (4449.8, 250.9), (4469.3, 324.3), (4496.8, 397.6)]",0,31.13
novice,mario,Mario1-2,Success,3,0,219.56,0.947,"[(112.0, 208.0), (116.5, 226.4), (129.0, 280.4), (149.5, 353.8), (180.2, 314.5), (219.0, 260.9), (259.0, 228.5), (299.0, 219.2), (339.0, 240.0), (379.0, 171.2), (419.0, 122.7), (458.5, 96.1), (498.5, 93.1), (538.5, 122.8), (578.5, 186.8), (618.5, 260.1), (658.5, 275.8), (698.5, 214.6), (738.5, 173.9), (778.5, 156.0), (818.5, 164.1), (858.5, 207.1), (898.5, 203.0), (938.5, 144.3), (978.5, 106.4), (1018.5, 91.4), (1058.5, 103.5), (1098.5, 151.0), (1138.5, 223.4), (1178.5, 296.8), (1218.5, 340.8), (1258.5, 311.6), (1298.5, 305.7), (1338.5, 331.3), (1378.5, 348.9), (1418.4, 285.1), (1424.4, 241.8), (1424.4, 254.2), (1424.4, 303.8), (1430.9, 368.0), (1445.5, 304.0), (1458.1, 320.9), (1477.6, 368.0), (1508.1, 304.0), (1546.2, 320.9), (1586.2, 345.1), (1626.2, 315.8), (1666.2, 309.9), (1706.2, 335.5), (1716.9, 368.0), (1748.6, 368.3), (1788.6, 368.0), (1828.6, 339.8), (1868.6, 306.5), (1908.6, 335.9), (1948.6, 331.4), (1988.6, 310.8), (2028.6, 315.3), (2068.6, 354.2), (2108.6, 314.5), (2128.0, 260.9), (2128.0, 228.5), (2128.0, 219.2), (2128.0, 240.0), (2128.0, 296.4), (2132.5, 368.0), (2143.9, 304.0), (2151.7, 320.9), (2164.5, 368.0), (2184.2, 304.0), (2202.7, 320.9), (2228.5, 368.0), (2265.3, 299.1), (2288.8, 250.6), (2288.8, 224.0), (2288.8, 221.1), (2288.8, 250.8), (2288.8, 314.8), (2297.0, 348.9), (2308.5, 305.1), (2317.5, 330.4), (2334.1, 348.9), (2358.6, 305.1), (2388.7, 330.4), (2426.6, 348.9), (2466.6, 305.1), (2506.6, 330.4), (2546.6, 348.9), (2586.6, 285.1), (2626.6, 241.8), (2666.6, 221.0), (2672.4, 225.2), (2672.4, 263.8), (2674.6, 333.1), (2686.0, 331.0), (2697.4, 272.3), (2704.4, 285.4), (2713.9, 333.9), (2732.7, 331.0), (2752.6, 272.3), (2768.7, 285.4), (2789.9, 333.9), (2820.5, 331.0), (2859.6, 272.3), (2899.6, 285.4), (2939.6, 333.9), (2979.6, 331.0), (3019.6, 272.3), (3059.6, 234.4), (3099.6, 219.4), (3139.6, 231.5), (3179.6, 279.0), (3219.6, 351.4), (3259.6, 314.5), (3280.8, 260.9), (3288.2, 228.5), (3303.8, 219.2), (3327.2, 240.0), (3359.9, 242.9), (3399.8, 181.7), (3439.8, 141.1), (3479.8, 123.1), (3519.8, 131.2), (3559.8, 174.2), (3599.8, 245.4), (3639.8, 318.7), (3664.4, 335.0), (3664.4, 311.5), (3664.4, 312.4), (3664.4, 346.8), (3664.8, 323.5), (3667.5, 267.3), (3679.0, 232.2), (3698.5, 220.0), (3726.0, 236.4), (3761.5, 288.3), (3801.5, 361.5), (3841.5, 306.6), (3857.2, 255.6), (3865.8, 226.1), (3882.2, 219.9), (3906.8, 245.1), (3940.8, 234.1), (3980.8, 175.5), (4020.8, 137.5), (4060.8, 122.5), (4100.8, 134.6), (4140.8, 182.1), (4180.8, 254.5), (4220.8, 327.9), (4240.8, 274.6), (4248.2, 223.6), (4263.8, 194.1), (4287.2, 187.9), (4318.8, 213.1), (4357.5, 211.8), (4397.5, 150.6), (4437.5, 109.9), (4477.5, 92.0), (4517.5, 100.1), (4557.5, 143.1), (4597.5, 133.0), (4637.1, 80.0), (4677.0, 97.3), (4717.0, 149.9), (4757.0, 223.2), (4797.0, 186.5), (4837.0, 132.9), (4877.0, 100.5), (4917.0, 91.2), (4957.0, 112.0), (4997.0, 168.4), (5037.0, 238.0), (5077.0, 169.1), (5117.0, 120.6), (5157.0, 94.0), (5197.0, 91.1), (5237.0, 120.8), (5277.0, 184.8), (5317.0, 258.1), (5357.0, 218.5)]",0,24.02
novice,mario,Mario1-2,Stuck,4,0,197.84,0.969,"[(112.0, 208.0), (116.5, 226.4), (129.0, 280.4), (149.5, 353.8), (180.2, 314.5), (219.0, 260.9), (259.0, 228.5), (299.0, 219.2), (339.0, 240.0), (379.0, 171.2), (419.0, 122.7), (459.0, 96.1), (499.0, 93.1), (539.0, 122.8), (579.0, 186.8), (619.0, 260.1), (659.0, 275.8), (699.0, 214.6), (739.0, 173.9), (779.0, 156.0), (819.0, 164.1), (859.0, 207.1), (899.0, 203.0), (939.0, 144.3), (979.0, 106.4), (1019.0, 91.4), (1059.0, 103.5), (1099.0, 151.0), (1139.0, 223.4), (1179.0, 296.8), (1219.0, 340.8), (1259.0, 311.6), (1299.0, 305.7), (1339.0, 331.3), (1379.0, 348.9), (1419.0, 285.1), (1424.4, 241.8), (1424.4, 254.2), (1424.4, 303.8), (1430.9, 368.0), (1448.4, 304.0), (1473.9, 320.9), (1507.4, 368.0), (1547.4, 304.0), (1587.4, 320.9), (1627.4, 358.1), (1667.4, 326.0), (1707.4, 317.0), (1712.4, 338.1), (1716.9, 368.0), (1748.6, 368.3), (1788.6, 368.0), (1828.6, 339.8), (1868.6, 306.5), (1908.6, 335.9), (1948.6, 331.4), (1988.6, 310.8), (2028.6, 315.3), (2068.6, 354.2), (2108.6, 314.5), (2128.8, 260.9), (2128.8, 228.5), (2128.8, 219.2), (2128.8, 240.0), (2128.8, 296.4), (2131.5, 368.0), (2146.0, 304.0), (2168.5, 320.9), (2199.0, 368.0), (2238.6, 304.0), (2278.6, 320.9), (2318.6, 368.0), (2358.6, 304.0), (2398.6, 320.9), (2438.6, 368.0), (2478.6, 304.0), (2518.6, 320.9), (2558.6, 368.0), (2598.6, 299.1), (2638.6, 250.6), (2672.0, 224.0), (2672.4, 221.1), (2672.4, 250.8), (2674.6, 314.8), (2685.9, 348.9), (2707.4, 285.1), (2736.9, 278.8), (2774.2, 318.5), (2814.2, 348.9), (2854.2, 285.1), (2894.2, 278.8), (2934.2, 318.5), (2974.2, 348.9), (3014.2, 285.1), (3054.2, 241.8), (3094.2, 221.0), (3134.2, 225.2), (3174.2, 263.8), (3214.2, 333.1), (3254.2, 331.0), (3280.4, 272.3), (3286.9, 234.4), (3301.4, 219.4), (3323.9, 231.5), (3354.8, 261.4), (3394.4, 195.1), (3434.4, 149.2), (3474.4, 125.4), (3514.4, 126.0), (3554.4, 160.1), (3594.4, 227.0), (3634.4, 300.4), (3664.1, 368.0), (3664.4, 299.1), (3670.9, 250.6), (3685.4, 224.0), (3707.9, 221.1), (3738.4, 250.8), (3776.5, 314.8), (3816.5, 348.9), (3856.5, 285.1), (3859.5, 241.8), (3871.0, 221.0), (3890.5, 225.2), (3918.0, 263.8), (3955.8, 209.8), (3995.8, 158.7), (4035.8, 129.2), (4075.8, 123.0), (4115.8, 148.3), (4155.8, 208.7), (4195.8, 282.0), (4235.8, 316.9), (4242.6, 253.1), (4253.1, 209.8), (4271.6, 189.0), (4298.1, 193.2), (4332.6, 231.8), (4372.5, 186.5), (4412.5, 132.9), (4452.5, 100.5), (4492.5, 91.2), (4532.5, 112.0), (4572.5, 168.4), (4612.5, 241.8), (4624.1, 315.1), (4630.4, 348.9), (4646.9, 305.1), (4671.4, 330.4), (4704.6, 348.9), (4744.6, 305.1), (4784.6, 330.4), (4824.6, 348.9), (4864.6, 285.1), (4904.6, 241.8), (4944.6, 221.0), (4984.6, 202.0), (5024.6, 138.2), (5064.6, 94.9), (5104.6, 82.8), (5144.6, 114.5), (5184.6, 179.9), (5224.6, 253.3), (5264.6, 218.1), (5304.6, 164.5), (5344.6, 132.1), (5384.6, 122.8), (5424.6, 143.7), (5464.6, 200.0), (5488.8, 146.6), (5488.8, 95.6), (5488.8, 84.8), (5488.8, 121.0), (5488.8, 189.1), (5488.2, 154.5), (5488.0, 102.0), (5488.0, 82.8), (5488.0, 114.5), (5488.0, 179.9), (5488.0, 162.0), (5488.4, 105.9), (5488.4, 81.3), (5488.4, 108.6), (5488.4, 170.8), (5488.2, 170.5), (5488.0, 111.8), (5488.0, 80.4), (5488.0, 103.2), (5488.0, 161.6), (5488.1, 179.5), (5488.1, 119.3), (5488.1, 80.0), (5488.1, 98.4), (5488.1, 152.4), (5488.0, 188.3), (5488.8, 124.6), (5488.8, 81.3), (5488.8, 94.2), (5488.8, 143.8), (5488.0, 197.7), (5488.3, 131.4), (5488.1, 85.5), (5488.1, 90.5), (5488.1, 135.6), (5488.1, 207.4), (5488.6, 139.5), (5488.4, 92.0)]",0,27.48
novice,mario,Mario1-2,Stuck,1,0,197.5,0.969,"[(112.0, 208.0), (116.5, 226.4), (129.0, 280.4), (149.5, 353.8), (180.2, 314.5), (219.0, 260.9), (259.0, 228.5), (299.0, 219.2), (339.0, 240.0), (379.0, 171.2), (419.0, 122.7), (459.0, 96.1), (499.0, 93.1), (539.0, 122.8), (579.0, 186.8), (619.0, 260.1), (659.0, 275.8), (699.0, 214.6), (739.0, 173.9), (779.0, 156.0), (819.0, 164.1), (859.0, 207.1), (899.0, 203.0), (939.0, 144.3), (979.0, 106.4), (1019.0, 91.4), (1059.0, 103.5), (1099.0, 151.0), (1139.0, 223.4), (1179.0, 296.8), (1219.0, 340.8), (1259.0, 311.6), (1299.0, 305.7), (1339.0, 331.3), (1379.0, 348.9), (1419.0, 285.1), (1424.4, 241.8), (1424.4, 254.2), (1424.4, 303.8), (1430.9, 368.0), (1448.4, 304.0), (1473.9, 320.9), (1507.4, 368.0), (1547.4, 304.0), (1587.4, 320.9), (1627.4, 358.1), (1667.4, 326.0), (1707.4, 317.0), (1712.4, 338.1), (1716.9, 368.0), (1748.6, 368.3), (1788.6, 368.0), (1828.6, 339.8), (1868.6, 306.5), (1908.6, 335.9), (1948.6, 331.4), (1988.6, 310.8), (2028.6, 315.3), (2068.6, 354.2), (2108.6, 314.5), (2128.8, 260.9), (2128.8, 228.5), (2128.8, 219.2), (2128.8, 240.0), (2128.8, 296.4), (2131.5, 368.0), (2146.0, 304.0), (2168.5, 320.9), (2199.0, 368.0), (2238.6, 304.0), (2278.6, 320.9), (2318.6, 368.0), (2358.6, 304.0), (2398.6, 320.9), (2438.6, 368.0), (2478.6, 304.0), (2518.6, 320.9), (2558.6, 368.0), (2598.6, 299.1), (2638.6, 250.6), (2672.0, 224.0), (2672.4, 221.1), (2672.4, 250.8), (2674.6, 314.8), (2685.9, 348.9), (2707.4, 285.1), (2736.9, 278.8), (2774.2, 318.5), (2814.2, 348.9), (2854.2, 285.1), (2894.2, 278.8), (2934.2, 318.5), (2974.2, 348.9), (3014.2, 285.1), (3054.2, 241.8), (3094.2, 221.0), (3134.2, 225.2), (3174.2, 263.8), (3214.2, 333.1), (3254.2, 331.0), (3280.4, 272.3), (3286.9, 234.4), (3301.4, 219.4), (3323.9, 231.5), (3354.8, 261.4), (3394.4, 195.1), (3434.4, 149.2), (3474.4, 125.4), (3514.4, 126.0), (3554.4, 160.1), (3594.4, 227.0), (3634.4, 300.4), (3664.1, 368.0), (3664.4, 299.1), (3670.9, 250.6), (3685.4, 224.0), (3707.9, 221.1), (3738.4, 250.8), (3776.5, 314.8), (3816.5, 348.9), (3856.5, 285.1), (3859.5, 241.8), (3871.0, 221.0), (3890.5, 225.2), (3918.0, 263.8), (3955.8, 209.8), (3995.8, 158.7), (4035.8, 129.2), (4075.8, 123.0), (4115.8, 148.3), (4155.8, 208.7), (4195.8, 282.0), (4235.8, 316.9), (4242.6, 253.1), (4253.1, 209.8), (4271.6, 189.0), (4298.1, 193.2), (4332.6, 231.8), (4372.5, 186.5), (4412.5, 132.9), (4452.5, 100.5), (4492.5, 91.2), (4532.5, 112.0), (4572.5, 168.4), (4612.5, 241.8), (4624.1, 315.1), (4630.4, 348.9), (4646.9, 305.1), (4671.4, 330.4), (4704.6, 348.9), (4744.6, 305.1), (4784.6, 330.4), (4824.6, 348.9), (4864.6, 285.1), (4904.6, 241.8), (4944.6, 221.0), (4984.6, 202.0), (5024.6, 138.2), (5064.6, 94.9), (5104.6, 82.8), (5144.6, 114.5), (5184.6, 179.9), (5224.6, 253.3), (5264.6, 218.1), (5304.6, 164.5), (5344.6, 132.1), (5384.6, 122.8), (5424.6, 143.7), (5464.6, 200.0), (5488.2, 146.6), (5488.3, 95.6), (5488.1, 84.8), (5488.1, 121.0), (5488.1, 189.1), (5488.7, 153.9), (5488.0, 100.3), (5488.0, 82.8), (5488.0, 114.5), (5488.0, 179.9), (5488.0, 162.0), (5488.0, 105.9), (5488.0, 81.3), (5488.0, 108.6), (5488.0, 170.8), (5488.0, 170.5), (5488.0, 111.8), (5488.4, 80.4), (5488.4, 103.2), (5488.4, 161.6), (5488.4, 179.2), (5488.7, 118.0), (5488.1, 80.0), (5488.1, 98.4), (5488.1, 152.4), (5488.0, 188.3), (5488.0, 124.6), (5488.1, 81.3), (5488.1, 94.2), (5488.1, 143.8), (5488.5, 197.7), (5488.0, 131.4), (5488.8, 85.5), (5488.8, 90.5), (5488.8, 135.6), (5488.8, 207.4), (5488.7, 138.6), (5488.4, 90.1)]",0,27.48
novice,mario,Mario1-2,Stuck,1,0,197.9,0.969,"[(112.0, 208.0), (116.5, 226.4), (129.0, 280.4), (149.5, 353.8), (180.2, 314.5), (219.0, 260.9), (259.0, 228.5), (299.0, 219.2), (339.0, 240.0), (379.0, 171.2), (419.0, 122.7), (459.0, 96.1), (499.0, 93.1), (539.0, 122.8), (579.0, 186.8), (619.0, 260.1), (659.0, 275.8), (699.0, 214.6), (739.0, 173.9), (779.0, 156.0), (819.0, 164.1), (859.0, 207.1), (899.0, 203.0), (939.0, 144.3), (979.0, 106.4), (1019.0, 91.4), (1059.0, 103.5), (1099.0, 151.0), (1139.0, 223.4), (1179.0, 296.8), (1219.0, 340.8), (1259.0, 311.6), (1299.0, 305.7), (1339.0, 331.3), (1379.0, 348.9), (1419.0, 285.1), (1424.4, 241.8), (1424.4, 254.2), (1424.4, 303.8), (1430.9, 368.0), (1448.4, 304.0), (1473.9, 320.9), (1507.4, 368.0), (1547.4, 304.0), (1587.4, 320.9), (1627.4, 358.1), (1667.4, 326.0), (1707.4, 317.0), (1712.4, 338.1), (1716.9, 368.0), (1748.6, 368.3), (1788.6, 368.0), (1828.6, 339.8), (1868.6, 306.5), (1908.6, 335.9), (1948.6, 331.4), (1988.6, 310.8), (2028.6, 315.3), (2068.6, 354.2), (2108.6, 314.5), (2128.8, 260.9), (2128.8, 228.5), (2128.8, 219.2), (2128.8, 240.0), (2128.8, 296.4), (2131.5, 368.0), (2146.0, 304.0), (2168.5, 320.9), (2199.0, 368.0), (2238.6, 304.0), (2278.6, 320.9), (2318.6, 368.0), (2358.6, 304.0), (2398.6, 320.9), (2438.6, 368.0), (2478.6, 304.0), (2518.6, 320.9), (2558.6, 368.0), (2598.6, 299.1), (2638.6, 250.6), (2671.9, 224.0), (2671.6, 221.1), (2670.9, 250.8), (2674.4, 314.8), (2686.6, 348.9), (2709.1, 285.1), (2739.6, 278.8), (2777.8, 318.5), (2817.8, 348.9), (2857.8, 285.1), (2897.8, 278.8), (2937.8, 318.5), (2977.8, 348.9), (3017.8, 285.1), (3057.8, 241.8), (3097.8, 221.0), (3137.8, 225.2), (3177.8, 263.8), (3217.8, 333.1), (3257.8, 331.0), (3280.8, 272.3), (3288.2, 234.4), (3303.8, 219.4), (3327.2, 231.5), (3359.1, 261.4), (3399.0, 195.1), (3439.0, 149.2), (3479.0, 125.4), (3519.0, 126.0), (3559.0, 160.1), (3599.0, 227.0), (3639.0, 300.4), (3664.0, 368.0), (3664.8, 299.4), (3672.2, 251.2), (3687.8, 224.9), (3711.2, 222.3), (3742.8, 252.3), (3781.5, 316.4), (3821.5, 348.9), (3856.0, 285.1), (3860.5, 241.8), (3873.0, 221.0), (3893.5, 225.2), (3922.0, 263.8), (3960.4, 209.8), (4000.4, 158.7), (4040.4, 129.2), (4080.4, 123.0), (4120.4, 148.3), (4160.4, 208.7), (4200.4, 282.0), (4240.4, 316.9), (4243.5, 253.1), (4255.0, 209.8), (4274.5, 189.0), (4302.0, 193.2), (4337.5, 231.8), (4377.5, 186.5), (4417.5, 132.9), (4457.5, 100.5), (4497.5, 91.2), (4537.5, 112.0), (4577.5, 168.4), (4617.5, 241.8), (4624.4, 315.1), (4631.6, 348.9), (4649.1, 305.1), (4674.6, 330.4), (4708.9, 348.9), (4748.9, 305.1), (4788.9, 330.4), (4828.9, 348.9), (4868.9, 285.1), (4908.9, 241.8), (4948.9, 221.0), (4988.9, 202.0), (5028.9, 138.2), (5068.9, 94.9), (5108.9, 82.8), (5148.9, 114.5), (5188.9, 179.9), (5228.9, 253.3), (5268.9, 218.1), (5308.9, 164.5), (5348.9, 132.1), (5388.9, 122.8), (5428.9, 143.7), (5468.9, 200.0), (5488.8, 146.6), (5488.8, 95.6), (5488.8, 84.8), (5488.8, 121.0), (5488.6, 189.1), (5488.1, 153.9), (5488.1, 100.3), (5488.1, 82.8), (5488.1, 114.5), (5488.0, 179.9), (5488.0, 162.2), (5488.0, 106.4), (5488.0, 81.3), (5488.0, 108.6), (5488.2, 170.8), (5488.6, 170.6), (5488.4, 112.2), (5488.4, 80.4), (5488.4, 103.2), (5488.2, 161.6), (5488.1, 179.2), (5488.1, 118.0), (5488.1, 80.0), (5488.1, 98.4), (5488.1, 152.4), (5488.8, 188.4), (5488.8, 124.9), (5488.8, 81.9), (5488.8, 94.2), (5488.8, 143.8), (5488.7, 197.8), (5488.1, 131.7), (5488.1, 86.1), (5488.1, 90.5), (5488.1, 135.6), (5488.7, 207.4), (5488.8, 138.6), (5488.8, 90.1)]",0,27.47
novice,mario,Mario1-2,Stuck,4,0,198.08,0.969,"[(112.0, 208.0), (116.5, 226.4), (129.0, 280.4), (149.5, 353.8), (180.2, 314.5), (219.0, 260.9), (259.0, 228.5), (299.0, 219.2), (339.0, 240.0), (379.0, 171.2), (419.0, 122.7), (459.0, 96.1), (499.0, 93.1), (539.0, 122.8), (579.0, 186.8), (619.0, 260.1), (659.0, 275.8), (699.0, 214.6), (739.0, 173.9), (779.0, 156.0), (819.0, 164.1), (859.0, 207.1), (899.0, 203.0), (939.0, 144.3), (979.0, 106.4), (1019.0, 91.4), (1059.0, 103.5), (1099.0, 151.0), (1139.0, 223.4), (1179.0, 296.8), (1219.0, 340.8), (1259.0, 311.6), (1299.0, 305.7), (1339.0, 331.3), (1379.0, 348.9), (1419.0, 285.1), (1424.4, 241.8), (1424.4, 254.2), (1424.4, 303.8), (1430.9, 368.0), (1448.4, 304.0), (1473.9, 320.9), (1507.4, 368.0), (1547.4, 304.0), (1587.4, 320.9), (1627.4, 358.1), (1667.4, 326.0), (1707.4, 317.0), (1712.4, 338.1), (1716.9, 368.0), (1748.6, 368.3), (1788.6, 368.0), (1828.6, 339.8), (1868.6, 306.5), (1908.6, 335.9), (1948.6, 331.4), (1988.6, 310.8), (2028.6, 315.3), (2068.6, 354.2), (2108.6, 314.5), (2128.8, 260.9), (2128.8, 228.5), (2128.8, 219.2), (2128.8, 240.0), (2128.8, 296.4), (2131.5, 368.0), (2146.0, 304.0), (2168.5, 320.9), (2199.0, 368.0), (2238.6, 304.0), (2278.6, 320.9), (2318.6, 368.0), (2358.6, 304.0), (2398.6, 320.9), (2438.6, 368.0), (2478.6, 304.0), (2518.6, 320.9), (2558.6, 368.0), (2598.6, 299.1), (2638.6, 250.6), (2672.0, 224.0), (2672.4, 221.1), (2672.4, 250.8), (2674.6, 314.8), (2685.9, 348.9), (2707.4, 285.1), (2736.9, 278.8), (2774.2, 318.5), (2814.2, 348.9), (2854.2, 285.1), (2894.2, 278.8), (2934.2, 318.5), (2974.2, 348.9), (3014.2, 285.1), (3054.2, 241.8), (3094.2, 221.0), (3134.2, 225.2), (3174.2, 263.8), (3214.2, 333.1), (3254.2, 331.0), (3280.4, 272.3), (3286.9, 234.4), (3301.4, 219.4), (3323.9, 231.5), (3354.8, 261.4), (3394.4, 195.1), (3434.4, 149.2), (3474.4, 125.4), (3514.4, 126.0), (3554.4, 160.1), (3594.4, 227.0), (3634.4, 300.4), (3664.1, 368.0), (3664.4, 299.1), (3670.9, 250.6), (3685.4, 224.0), (3707.9, 221.1), (3738.4, 250.8), (3776.5, 314.8), (3816.5, 348.9), (3856.5, 285.1), (3859.5, 241.8), (3871.0, 221.0), (3890.5, 225.2), (3918.0, 263.8), (3955.8, 209.8), (3995.8, 158.7), (4035.8, 129.2), (4075.8, 123.0), (4115.8, 148.3), (4155.8, 208.7), (4195.8, 282.0), (4235.8, 316.9), (4242.6, 253.1), (4253.1, 209.8), (4271.6, 189.0), (4298.1, 193.2), (4332.6, 231.8), (4372.5, 186.5), (4412.5, 132.9), (4452.5, 100.5), (4492.5, 91.2), (4532.5, 112.0), (4572.5, 168.4), (4612.5, 241.8), (4624.1, 315.1), (4630.4, 348.9), (4646.9, 305.1), (4671.4, 330.4), (4704.6, 348.9), (4744.6, 305.1), (4784.6, 330.4), (4824.6, 348.9), (4864.6, 285.1), (4904.6, 241.8), (4944.6, 221.0), (4984.6, 202.0), (5024.6, 138.2), (5064.6, 94.9), (5104.6, 82.8), (5144.6, 114.5), (5184.6, 179.9), (5224.6, 253.3), (5264.6, 218.1), (5304.6, 164.5), (5344.6, 132.1), (5384.6, 122.8), (5424.6, 143.7), (5464.6, 200.0), (5488.8, 146.6), (5488.8, 95.6), (5488.8, 84.8), (5488.8, 121.0), (5488.8, 189.1), (5488.0, 154.5), (5488.0, 102.0), (5488.0, 82.8), (5488.0, 114.5), (5488.0, 179.9), (5488.0, 162.0), (5488.0, 105.9), (5488.0, 81.3), (5488.0, 108.6), (5488.0, 170.8), (5488.4, 170.5), (5488.4, 111.8), (5488.4, 80.4), (5488.4, 103.2), (5488.4, 161.6), (5488.4, 179.5), (5488.4, 119.3), (5488.4, 80.0), (5488.4, 98.4), (5488.4, 152.4), (5488.0, 188.3), (5488.0, 124.6), (5488.0, 81.3), (5488.0, 94.2), (5488.0, 143.8), (5488.0, 197.7), (5488.0, 131.4), (5488.0, 85.5), (5488.0, 90.5), (5488.0, 135.6), (5488.0, 207.4), (5488.4, 139.5), (5488.4, 92.0)]",0,27.48
novice,mario,Mario1-2,Stuck,10,0,198.36,0.969,"[(112.0, 208.0), (116.5, 226.4), (129.0, 280.4), (149.5, 353.8), (180.2, 314.5), (219.0, 260.9), (259.0, 228.5), (299.0, 219.2), (339.0, 240.0), (379.0, 171.2), (419.0, 122.7), (459.0, 96.1), (499.0, 93.1), (539.0, 122.8), (579.0, 186.8), (619.0, 260.1), (659.0, 275.8), (699.0, 214.6), (739.0, 173.9), (779.0, 156.0), (819.0, 164.1), (859.0, 207.1), (899.0, 203.0), (939.0, 144.3), (979.0, 106.4), (1019.0, 91.4), (1059.0, 103.5), (1099.0, 151.0), (1139.0, 223.4), (1179.0, 296.8), (1219.0, 340.8), (1259.0, 311.6), (1299.0, 305.7), (1339.0, 331.3), (1379.0, 348.9), (1419.0, 285.1), (1424.4, 241.8), (1424.4, 254.2), (1424.4, 303.8), (1430.9, 368.0), (1448.4, 304.0), (1473.9, 320.9), (1507.4, 368.0), (1547.4, 304.0), (1587.4, 320.9), (1627.4, 358.1), (1667.4, 326.0), (1707.4, 317.0), (1712.4, 338.1), (1716.9, 368.0), (1748.6, 368.3), (1788.6, 368.0), (1828.6, 322.9), (1868.6, 310.7), (1908.6, 348.7), (1948.6, 324.1), (1988.6, 309.3), (2028.6, 321.7), (2068.6, 368.0), (2108.6, 299.1), (2128.8, 250.6), (2128.8, 224.0), (2128.8, 221.1), (2128.8, 250.8), (2128.8, 314.8), (2137.0, 348.9), (2155.5, 305.1), (2182.0, 330.4), (2217.1, 348.9), (2257.1, 305.1), (2297.1, 330.4), (2337.1, 348.9), (2377.1, 305.1), (2417.1, 330.4), (2457.1, 348.9), (2497.1, 305.1), (2536.0, 330.4), (2576.0, 348.9), (2616.0, 285.1), (2655.6, 241.8), (2672.0, 221.0), (2672.0, 225.2), (2670.5, 263.8), (2671.0, 333.1), (2681.0, 331.0), (2700.5, 272.3), (2728.0, 285.4), (2763.5, 333.9), (2803.5, 331.0), (2843.5, 272.3), (2883.5, 285.4), (2923.5, 333.9), (2963.5, 331.4), (3003.5, 273.8), (3043.5, 236.9), (3083.5, 222.9), (3123.5, 236.1), (3163.5, 284.6), (3203.5, 357.3), (3243.5, 315.1), (3283.5, 262.5), (3323.5, 231.2), (3363.5, 223.0), (3403.5, 244.9), (3443.5, 302.3), (3472.4, 368.0), (3472.8, 300.1), (3472.8, 252.6), (3475.5, 227.0), (3487.0, 225.1), (3507.6, 212.0), (3538.1, 150.7), (3576.2, 110.1), (3616.2, 92.2), (3656.2, 100.2), (3694.4, 143.3), (3727.4, 214.4), (3766.1, 287.8), (3806.1, 361.1), (3846.1, 306.6), (3857.9, 255.6), (3867.4, 226.1), (3884.9, 219.9), (3910.4, 245.1), (3945.4, 234.1), (3985.4, 175.5), (4025.4, 137.5), (4065.4, 122.5), (4105.4, 134.6), (4144.2, 182.1), (4184.2, 254.5), (4224.2, 327.9), (4241.2, 274.6), (4249.8, 223.6), (4266.2, 194.1), (4290.8, 187.9), (4323.2, 213.1), (4362.5, 211.8), (4402.5, 150.6), (4442.5, 109.9), (4482.5, 92.0), (4522.5, 100.1), (4560.6, 143.1), (4593.6, 214.3), (4624.1, 287.6), (4629.6, 360.9), (4645.8, 306.6), (4670.2, 317.0), (4702.8, 363.8), (4742.4, 306.6), (4782.4, 317.0), (4822.4, 363.8), (4862.4, 307.4), (4902.4, 257.4), (4942.4, 228.9), (4982.4, 223.8), (5022.4, 172.5), (5062.4, 118.9), (5102.4, 86.5), (5142.4, 84.8), (5180.5, 121.0), (5211.2, 189.1), (5244.8, 262.4), (5284.5, 210.3), (5324.5, 159.2), (5364.5, 129.7), (5404.5, 123.5), (5444.5, 148.8), (5484.5, 208.0), (5488.8, 139.1), (5488.8, 90.6), (5488.8, 87.4), (5488.8, 128.0), (5488.8, 198.3), (5488.1, 146.1), (5488.1, 95.0), (5488.1, 84.8), (5488.1, 121.0), (5488.1, 189.1), (5488.1, 153.9), (5488.1, 100.3), (5488.1, 82.8), (5488.1, 114.5), (5488.1, 179.9), (5488.8, 162.5), (5488.8, 107.4), (5488.8, 81.3), (5488.8, 108.6), (5488.8, 170.8), (5488.8, 170.5), (5488.8, 111.8), (5488.8, 80.4), (5488.8, 103.2), (5488.8, 161.6), (5488.1, 179.2), (5488.1, 118.0), (5488.1, 80.0), (5488.1, 98.4), (5488.1, 152.4), (5488.1, 188.5), (5488.1, 125.7), (5488.1, 83.5), (5488.1, 94.2), (5488.1, 143.8), (5488.5, 197.7), (5488.8, 131.4)]",0,27.42
novice,mario,Mario1-2,Stuck,1,0,196.88,0.969,"[(112.0, 208.0), (116.5, 226.4), (129.0, 280.4), (149.5, 353.8), (180.2, 314.5), (219.0, 260.9), (259.0, 228.5), (299.0, 219.2), (339.0, 240.0), (379.0, 171.2), (419.0, 122.7), (459.0, 96.1), (499.0, 93.1), (539.0, 122.8), (579.0, 186.8), (619.0, 260.1), (659.0, 275.8), (699.0, 214.6), (739.0, 173.9), (779.0, 156.0), (819.0, 164.1), (859.0, 207.1), (899.0, 203.0), (939.0, 144.3), (979.0, 106.4), (1019.0, 91.4), (1059.0, 103.5), (1099.0, 151.0), (1139.0, 223.4), (1179.0, 296.8), (1219.0, 340.8), (1259.0, 311.6), (1299.0, 305.7), (1339.0, 331.3), (1379.0, 348.9), (1419.0, 285.1), (1424.4, 241.8), (1424.4, 254.2), (1424.4, 303.8), (1430.9, 368.0), (1448.4, 304.0), (1473.9, 320.9), (1507.4, 368.0), (1547.4, 304.0), (1587.4, 320.9), (1627.4, 358.1), (1667.4, 326.0), (1707.4, 317.0), (1712.4, 338.1), (1716.9, 368.0), (1748.6, 368.3), (1788.6, 368.0), (1828.6, 339.8), (1868.6, 306.5), (1908.6, 335.9), (1948.6, 331.4), (1988.6, 310.8), (2028.6, 315.3), (2068.6, 354.2), (2108.6, 314.5), (2128.8, 260.9), (2128.8, 228.5), (2128.8, 219.2), (2128.8, 240.0), (2128.8, 296.4), (2131.5, 368.0), (2146.0, 304.0), (2168.5, 320.9), (2199.0, 368.0), (2238.6, 304.0), (2278.6, 320.9), (2318.6, 368.0), (2358.6, 304.0), (2398.6, 320.9), (2438.6, 368.0), (2478.6, 304.0), (2518.6, 320.9), (2558.6, 368.0), (2598.6, 299.1), (2638.6, 250.6), (2671.9, 224.0), (2671.6, 221.1), (2670.9, 250.8), (2674.4, 314.8), (2686.6, 348.9), (2709.1, 285.1), (2739.6, 278.8), (2777.8, 318.5), (2817.8, 348.9), (2857.8, 285.1), (2897.8, 278.8), (2937.8, 318.5), (2977.8, 348.9), (3017.8, 285.1), (3057.8, 241.8), (3097.8, 221.0), (3137.8, 225.2), (3177.8, 263.8), (3217.8, 333.1), (3257.8, 331.0), (3280.8, 272.3), (3288.2, 234.4), (3303.8, 219.4), (3327.2, 231.5), (3359.1, 261.4), (3399.0, 195.1), (3439.0, 149.2), (3479.0, 125.4), (3519.0, 126.0), (3559.0, 160.1), (3599.0, 227.0), (3639.0, 300.4), (3664.4, 368.0), (3663.0, 299.1), (3668.5, 250.6), (3682.0, 224.0), (3703.5, 221.1), (3733.0, 250.8), (3770.4, 314.8), (3810.4, 348.9), (3850.4, 285.1), (3858.6, 241.8), (3869.1, 221.0), (3887.6, 225.2), (3914.1, 263.8), (3951.1, 209.8), (3991.1, 158.7), (4031.1, 129.2), (4071.1, 123.0), (4111.1, 148.3), (4151.1, 208.7), (4191.1, 282.0), (4231.1, 316.9), (4242.6, 253.1), (4253.1, 209.8), (4271.6, 189.0), (4298.1, 193.2), (4332.6, 231.8), (4372.5, 186.5), (4412.5, 132.9), (4452.5, 100.5), (4492.5, 91.2), (4532.5, 112.0), (4572.5, 168.4), (4612.5, 241.8), (4624.1, 315.1), (4630.4, 348.9), (4646.9, 305.1), (4671.4, 330.4), (4704.6, 348.9), (4744.6, 305.1), (4784.6, 330.4), (4824.6, 348.9), (4864.6, 285.1), (4904.6, 241.8), (4944.6, 221.0), (4984.6, 202.0), (5024.6, 138.2), (5064.6, 94.9), (5104.6, 82.8), (5144.6, 114.5), (5184.6, 179.9), (5224.6, 253.3), (5264.6, 218.1), (5304.6, 164.5), (5344.6, 132.1), (5384.6, 122.8), (5424.6, 143.7), (5464.6, 200.0), (5488.0, 146.6), (5488.0, 95.6), (5488.0, 84.8), (5488.0, 121.0), (5488.0, 189.1), (5488.4, 153.9), (5488.9, 100.3), (5488.8, 82.8), (5488.8, 114.5), (5488.8, 179.9), (5487.0, 162.0), (5485.8, 105.9), (5488.1, 81.3), (5488.1, 108.6), (5488.1, 170.8), (5487.6, 170.5), (5485.9, 111.8), (5488.4, 80.4), (5488.8, 103.2), (5488.8, 161.6), (5488.1, 179.2), (5487.6, 118.0), (5488.0, 80.0), (5488.0, 98.4), (5488.0, 152.4), (5487.9, 188.3), (5486.1, 124.6), (5487.6, 81.3), (5488.4, 94.2), (5488.4, 143.8), (5488.8, 197.7), (5486.8, 131.4), (5486.5, 85.5), (5488.0, 90.5), (5488.0, 135.6), (5488.0, 207.4), (5487.6, 138.6), (5487.6, 90.1)]",0,27.48
novice,mario,Mario1-2,Pit,1,0,193.7,0.875,"[(112.0, 208.0), (116.5, 226.4), (129.0, 280.4), (149.5, 353.8), (180.2, 314.5), (219.0, 260.9), (259.0, 228.5), (299.0, 219.2), (339.0, 240.0), (379.0, 171.2), (418.8, 122.7), (455.2, 96.1), (488.3, 93.1), (526.8, 122.8), (566.8, 186.8), (606.8, 260.1), (646.8, 275.8), (686.8, 214.6), (726.8, 173.9), (766.8, 156.0), (806.8, 164.1), (846.8, 207.1), (886.8, 203.0), (926.8, 144.3), (966.4, 106.4), (1002.2, 91.4), (1039.0, 103.5), (1079.0, 151.0), (1119.0, 223.4), (1159.0, 296.8), (1199.0, 355.3), (1239.0, 323.2), (1279.0, 314.2), (1319.0, 335.3), (1359.0, 348.9), (1398.5, 305.1), (1438.5, 330.4), (1478.5, 348.9), (1518.5, 305.1), (1558.5, 330.4), (1598.5, 335.6), (1638.5, 312.1), (1678.5, 313.0), (1712.1, 347.4), (1712.8, 322.3), (1712.8, 307.6), (1712.8, 320.0), (1712.8, 367.7), (1712.0, 306.6), (1712.1, 255.6), (1713.9, 226.1), (1723.4, 219.9), (1741.2, 230.3), (1764.3, 164.0), (1784.1, 148.4), (1809.9, 183.6), (1840.0, 251.1), (1841.2, 324.4), (1850.3, 339.8), (1859.7, 306.5), (1865.8, 335.9), (1875.0, 331.4), (1880.4, 310.8), (1881.6, 315.3), (1883.4, 354.2), (1893.2, 314.5), (1900.5, 313.6), (1910.3, 356.0), (1922.7, 321.0), (1930.7, 309.1), (1934.8, 325.7), (1943.7, 338.4), (1952.3, 312.1), (1956.5, 309.4), (1958.2, 339.4), (1967.8, 339.8), (1980.3, 306.5), (1990.3, 335.9), (2008.3, 339.8), (2029.7, 306.5), (2056.2, 335.9), (2091.7, 339.8), (2128.0, 278.6), (2128.0, 237.9), (2128.0, 220.0), (2128.0, 228.1), (2128.0, 271.1), (2129.2, 342.3), (2139.0, 322.6), (2148.4, 310.7), (2157.5, 348.7), (2175.6, 322.6), (2193.3, 310.7), (2210.7, 348.7), (2237.1, 322.6), (2265.1, 310.7), (2300.0, 348.7), (2339.7, 322.6), (2377.9, 310.7), (2417.9, 348.7), (2457.7, 322.6), (2496.0, 310.7), (2536.0, 348.7), (2575.8, 322.6), (2612.3, 266.4), (2651.6, 231.3), (2672.8, 219.1), (2672.8, 235.5), (2672.8, 287.4), (2680.2, 360.6), (2696.4, 306.6), (2709.7, 273.1), (2719.1, 299.4), (2733.6, 360.8), (2757.6, 306.6), (2779.4, 273.1), (2798.8, 299.4), (2824.9, 360.8), (2861.6, 306.6), (2901.6, 273.1), (2941.6, 299.4), (2981.6, 360.8), (3021.6, 306.6), (3061.6, 255.6), (3101.6, 226.1), (3141.6, 219.9), (3181.6, 245.1), (3221.6, 305.6), (3261.6, 358.3), (3280.2, 292.0), (3284.7, 246.0), (3297.2, 222.3), (3317.7, 222.9), (3346.2, 257.0), (3384.2, 217.6), (3424.2, 164.0), (3464.2, 131.6), (3504.2, 122.3), (3544.2, 143.2), (3584.2, 199.5), (3624.2, 272.9), (3664.2, 346.2), (3664.0, 322.6), (3668.5, 266.4), (3681.0, 231.3), (3701.5, 219.1), (3730.0, 235.5), (3766.5, 287.4), (3806.5, 360.6), (3846.5, 306.6), (3857.9, 255.6), (3867.4, 226.1), (3884.9, 219.9), (3910.4, 245.1), (3945.4, 234.1), (3985.4, 175.5), (4025.4, 137.5), (4065.4, 122.5), (4105.4, 134.6), (4145.4, 182.1), (4185.4, 254.5), (4225.4, 327.9), (4241.2, 274.6), (4249.8, 223.6), (4266.2, 194.1), (4290.8, 187.9), (4323.2, 213.1), (4362.5, 211.8), (4402.5, 150.6), (4442.3, 109.9), (4478.9, 92.0), (4518.1, 100.1), (4558.1, 143.1), (4598.1, 214.3), (4624.4, 287.6), (4626.6, 360.9), (4637.8, 306.6), (4646.1, 317.0), (4656.9, 363.8), (4676.4, 306.6), (4693.0, 317.0), (4712.2, 363.8), (4740.1, 306.6), (4766.2, 317.0), (4798.3, 363.8), (4837.9, 306.6), (4877.9, 317.0), (4917.9, 363.8), (4957.9, 436.0)]",0,25.07
novice,mario,Mario1-2,Stuck,2,0,198.12,0.969,"[(112.0, 208.0), (116.5, 226.4), (129.0, 280.4), (149.5, 353.8), (180.2, 314.5), (219.0, 260.9), (259.0, 228.5), (299.0, 219.2), (339.0, 240.0), (379.0, 171.2), (419.0, 122.7), (459.0, 96.1), (499.0, 93.1), (539.0, 122.8), (579.0, 186.8), (619.0, 260.1), (659.0, 275.8), (699.0, 214.6), (739.0, 173.9), (779.0, 156.0), (819.0, 164.1), (859.0, 207.1), (899.0, 203.0), (939.0, 144.3), (979.0, 106.4), (1019.0, 91.4), (1059.0, 103.5), (1099.0, 151.0), (1139.0, 223.4), (1179.0, 296.8), (1219.0, 340.8), (1259.0, 311.6), (1299.0, 305.7), (1339.0, 331.3), (1379.0, 348.9), (1419.0, 285.1), (1424.4, 241.8), (1424.4, 254.2), (1424.4, 303.8), (1430.9, 368.0), (1448.4, 304.0), (1473.9, 320.9), (1507.4, 368.0), (1547.4, 304.0), (1587.4, 320.9), (1627.4, 358.1), (1667.4, 326.0), (1707.4, 317.0), (1712.4, 338.1), (1716.9, 368.0), (1748.6, 368.3), (1788.6, 368.0), (1828.6, 339.8), (1868.6, 306.5), (1908.6, 335.9), (1948.6, 331.4), (1988.6, 310.8), (2028.6, 315.3), (2068.6, 354.2), (2108.6, 314.5), (2128.8, 260.9), (2128.8, 228.5), (2128.8, 219.2), (2128.8, 240.0), (2128.8, 296.4), (2131.5, 368.0), (2146.0, 304.0), (2168.5, 320.9), (2199.0, 368.0), (2238.6, 304.0), (2278.6, 320.9), (2318.6, 368.0), (2358.6, 304.0), (2398.6, 320.9), (2438.6, 368.0), (2478.6, 304.0), (2518.6, 320.9), (2558.6, 368.0), (2598.6, 299.1), (2638.6, 250.6), (2672.1, 224.0), (2672.1, 221.1), (2672.1, 250.8), (2673.9, 314.8), (2684.1, 348.9), (2704.6, 285.1), (2733.1, 278.8), (2769.6, 318.5), (2809.6, 348.9), (2849.6, 285.1), (2889.6, 278.8), (2929.6, 318.5), (2969.6, 348.9), (3009.6, 285.1), (3049.6, 241.8), (3089.6, 221.0), (3129.6, 225.2), (3169.6, 263.8), (3209.6, 333.1), (3249.6, 331.0), (3280.1, 272.3), (3285.6, 234.4), (3299.1, 219.4), (3320.6, 231.5), (3350.5, 261.4), (3389.8, 195.1), (3429.8, 149.2), (3469.8, 125.4), (3509.8, 126.0), (3549.8, 160.1), (3589.8, 227.0), (3629.8, 300.4), (3664.0, 368.0), (3664.4, 299.1), (3670.9, 250.6), (3685.4, 224.0), (3707.9, 221.1), (3738.4, 250.8), (3776.5, 314.8), (3816.5, 348.9), (3856.5, 285.1), (3859.5, 241.8), (3871.0, 221.0), (3890.5, 225.2), (3918.0, 263.8), (3955.8, 209.8), (3995.8, 158.7), (4035.8, 129.2), (4075.8, 123.0), (4115.8, 148.3), (4155.8, 208.7), (4195.8, 282.0), (4235.8, 316.9), (4242.6, 253.1), (4253.1, 209.8), (4271.6, 189.0), (4298.1, 193.2), (4332.6, 231.8), (4372.5, 186.5), (4412.5, 132.9), (4452.5, 100.5), (4492.5, 91.2), (4532.5, 112.0), (4572.5, 168.4), (4612.5, 241.8), (4624.1, 315.1), (4630.4, 348.9), (4646.9, 305.1), (4671.4, 330.4), (4704.6, 348.9), (4744.6, 305.1), (4784.6, 330.4), (4824.6, 348.9), (4864.6, 285.1), (4904.6, 241.8), (4944.6, 221.0), (4984.6, 202.0), (5024.6, 138.2), (5064.6, 94.9), (5104.6, 82.8), (5144.6, 114.5), (5184.6, 179.9), (5224.6, 253.3), (5264.6, 218.1), (5304.6, 164.5), (5344.6, 132.1), (5384.6, 122.8), (5424.6, 143.7), (5464.6, 200.0), (5488.8, 146.6), (5488.8, 95.6), (5488.8, 84.8), (5488.8, 121.0), (5488.8, 189.1), (5488.0, 153.9), (5488.0, 100.3), (5488.0, 82.8), (5488.0, 114.5), (5488.0, 179.9), (5488.0, 162.0), (5488.0, 105.9), (5488.0, 81.3), (5488.0, 108.6), (5488.0, 170.8), (5488.4, 170.5), (5488.4, 111.8), (5488.4, 80.4), (5488.4, 103.2), (5488.4, 161.6), (5488.4, 179.2), (5488.4, 118.0), (5488.4, 80.0), (5488.4, 98.4), (5488.4, 152.4), (5488.0, 188.3), (5488.0, 124.6), (5488.0, 81.3), (5488.0, 94.2), (5488.0, 143.8), (5488.0, 197.7), (5488.0, 131.4), (5488.0, 85.5), (5488.0, 90.5), (5488.0, 135.6), (5488.0, 207.4), (5488.4, 138.6), (5488.4, 90.1)]",0,27.48
novice,mario,Mario1-2,Pit,1,0,246.41,0.907,"[(112.0, 208.0), (116.5, 226.4), (129.0, 280.4), (149.5, 353.8), (180.2, 314.5), (219.0, 260.9), (259.0, 228.5), (299.0, 219.2), (339.0, 240.0), (379.0, 171.2), (419.0, 122.7), (459.0, 96.1), (499.0, 93.1), (539.0, 122.8), (579.0, 186.8), (619.0, 260.1), (659.0, 275.8), (699.0, 214.6), (739.0, 173.9), (779.0, 156.0), (819.0, 164.1), (859.0, 207.1), (899.0, 203.0), (939.0, 144.3), (979.0, 106.4), (1019.0, 91.4), (1059.0, 103.5), (1099.0, 151.0), (1139.0, 223.4), (1179.0, 296.8), (1219.0, 340.8), (1259.0, 311.6), (1299.0, 305.7), (1339.0, 331.3), (1379.0, 348.9), (1419.0, 285.1), (1424.4, 241.8), (1424.4, 254.2), (1424.4, 303.8), (1430.9, 368.0), (1448.4, 304.0), (1473.9, 320.9), (1507.4, 368.0), (1547.4, 304.0), (1587.4, 320.9), (1627.4, 358.1), (1667.4, 326.0), (1707.4, 317.0), (1712.4, 338.1), (1716.9, 368.0), (1748.6, 368.3), (1788.6, 368.0), (1828.6, 339.8), (1868.6, 306.5), (1908.6, 335.9), (1948.6, 331.4), (1988.6, 310.8), (2028.6, 315.3), (2068.6, 354.2), (2108.6, 314.5), (2128.8, 260.9), (2128.8, 228.5), (2128.8, 219.2), (2128.8, 240.0), (2128.8, 296.4), (2131.5, 368.0), (2146.0, 304.0), (2168.5, 320.9), (2199.0, 368.0), (2238.6, 304.0), (2278.6, 320.9), (2318.6, 368.0), (2358.6, 304.0), (2398.6, 320.9), (2438.6, 368.0), (2478.6, 304.0), (2518.6, 320.9), (2558.6, 368.0), (2598.6, 299.1), (2638.6, 250.6), (2672.0, 224.0), (2672.4, 221.1), (2672.6, 250.8), (2674.6, 314.8), (2685.9, 348.9), (2707.4, 285.1), (2736.9, 278.8), (2774.2, 318.5), (2814.2, 348.9), (2854.2, 285.1), (2894.2, 278.8), (2934.2, 318.5), (2974.2, 348.9), (3014.2, 285.1), (3054.2, 241.8), (3094.2, 221.0), (3134.2, 225.2), (3174.2, 263.8), (3214.2, 333.1), (3254.2, 331.0), (3280.4, 272.3), (3286.9, 234.4), (3301.4, 219.4), (3323.9, 231.5), (3354.8, 261.4), (3394.4, 195.1), (3434.4, 149.2), (3474.4, 125.4), (3514.4, 126.0), (3554.4, 160.1), (3594.4, 227.0), (3634.4, 300.4), (3664.1, 368.0), (3664.0, 299.1), (3668.5, 250.6), (3681.0, 224.0), (3701.5, 221.1), (3730.0, 250.8), (3766.5, 314.8), (3806.5, 348.9), (3846.5, 285.1), (3886.5, 241.8), (3926.5, 221.0), (3966.5, 225.2), (4006.5, 263.8), (4046.5, 333.1), (4086.5, 331.0), (4126.5, 272.3), (4166.5, 234.4), (4206.5, 219.4), (4246.5, 231.5), (4286.5, 261.4), (4326.5, 195.1), (4366.5, 149.2), (4406.5, 125.4), (4446.5, 126.0), (4486.5, 160.1), (4526.5, 227.0), (4566.5, 220.0), (4606.5, 161.3), (4646.5, 123.4), (4686.5, 108.4), (4726.5, 120.5), (4766.5, 168.0), (4806.5, 240.4), (4846.5, 171.6), (4886.5, 123.1), (4926.5, 96.4), (4966.5, 93.5), (5006.5, 123.2), (5046.5, 187.2), (5086.5, 260.5), (5126.5, 333.9), (5136.1, 407.2)]",0,20.45
novice,mario,Mario1-2,Success,3,0,219.56,0.947,"[(112.0, 208.0), (116.5, 226.4), (129.0, 280.4), (149.5, 353.8), (180.2, 314.5), (219.0, 260.9), (259.0, 228.5), (299.0, 219.2), (339.0, 240.0), (379.0, 171.2), (419.0, 122.7), (458.5, 96.1), (498.5, 93.1), (538.5, 122.8), (578.5, 186.8), (618.5, 260.1), (658.5, 275.8), (698.5, 214.6), (738.5, 173.9), (778.5, 156.0), (818.5, 164.1), (858.5, 207.1), (898.5, 203.0), (938.5, 144.3), (978.5, 106.4), (1018.5, 91.4), (1058.5, 103.5), (1098.5, 151.0), (1138.5, 223.4), (1178.5, 296.8), (1218.5, 340.8), (1258.5, 311.6), (1298.5, 305.7), (1338.5, 331.3), (1378.5, 348.9), (1418.4, 285.1), (1424.4, 241.8), (1424.4, 254.2), (1424.4, 303.8), (1430.9, 368.0), (1445.5, 304.0), (1458.1, 320.9), (1477.6, 368.0), (1508.1, 304.0), (1546.2, 320.9), (1586.2, 345.1), (1626.2, 315.8), (1666.2, 309.9), (1706.2, 335.5), (1716.9, 368.0), (1748.6, 368.3), (1788.6, 368.0), (1828.6, 339.8), (1868.6, 306.5), (1908.6, 335.9), (1948.6, 331.4), (1988.6, 310.8), (2028.6, 315.3), (2068.6, 354.2), (2108.6, 314.5), (2128.0, 260.9), (2128.0, 228.5), (2128.0, 219.2), (2128.0, 240.0), (2128.0, 296.4), (2132.5, 368.0), (2143.9, 304.0), (2151.7, 320.9), (2164.5, 368.0), (2184.2, 304.0), (2202.7, 320.9), (2228.5, 368.0), (2265.3, 299.1), (2288.8, 250.6), (2288.8, 224.0), (2288.8, 221.1), (2288.8, 250.8), (2288.8, 314.8), (2297.0, 348.9), (2308.5, 305.1), (2317.5, 330.4), (2334.1, 348.9), (2358.6, 305.1), (2388.7, 330.4), (2426.6, 348.9), (2466.6, 305.1), (2506.6, 330.4), (2546.6, 348.9), (2586.6, 285.1), (2626.6, 241.8), (2666.6, 221.0), (2672.4, 225.2), (2672.4, 263.8), (2674.6, 333.1), (2686.0, 331.0), (2697.4, 272.3), (2704.4, 285.4), (2713.9, 333.9), (2732.7, 331.0), (2752.6, 272.3), (2768.7, 285.4), (2789.9, 333.9), (2820.5, 331.0), (2859.6, 272.3), (2899.6, 285.4), (2939.6, 333.9), (2979.6, 331.0), (3019.6, 272.3), (3059.6, 234.4), (3099.6, 219.4), (3139.6, 231.5), (3179.6, 279.0), (3219.6, 351.4), (3259.6, 314.5), (3280.8, 260.9), (3288.2, 228.5), (3303.8, 219.2), (3327.2, 240.0), (3359.9, 242.9), (3399.8, 181.7), (3439.8, 141.1), (3479.8, 123.1), (3519.8, 131.2), (3559.8, 174.2), (3599.8, 245.4), (3639.8, 318.7), (3664.4, 335.0), (3664.4, 311.5), (3664.4, 312.4), (3664.4, 346.8), (3664.8, 323.5), (3667.5, 267.3), (3679.0, 232.2), (3698.5, 220.0), (3726.0, 236.4), (3761.5, 288.3), (3801.5, 361.5), (3841.5, 306.6), (3857.2, 255.6), (3865.8, 226.1), (3882.2, 219.9), (3906.8, 245.1), (3940.8, 234.1), (3980.8, 175.5), (4020.8, 137.5), (4060.8, 122.5), (4100.8, 134.6), (4140.8, 182.1), (4180.8, 254.5), (4220.8, 327.9), (4240.8, 274.6), (4248.2, 223.6), (4263.8, 194.1), (4287.2, 187.9), (4318.8, 213.1), (4357.5, 211.8), (4397.5, 150.6), (4437.5, 109.9), (4477.5, 92.0), (4517.5, 100.1), (4557.5, 143.1), (4597.5, 133.0), (4637.1, 80.0), (4677.0, 97.3), (4717.0, 149.9), (4757.0, 223.2), (4797.0, 186.5), (4837.0, 132.9), (4877.0, 100.5), (4917.0, 91.2), (4957.0, 112.0), (4997.0, 168.4), (5037.0, 238.0), (5077.0, 169.1), (5117.0, 120.6), (5157.0, 94.0), (5197.0, 91.1), (5237.0, 120.8), (5277.0, 184.8), (5317.0, 258.1), (5357.0, 218.5)]",0,24.02
novice,mario,Mario1-2,Stuck,1,0,197.9,0.969,"[(112.0, 208.0), (116.5, 226.4), (129.0, 280.4), (149.5, 353.8), (180.2, 314.5), (219.0, 260.9), (259.0, 228.5), (299.0, 219.2), (339.0, 240.0), (379.0, 171.2), (419.0, 122.7), (459.0, 96.1), (499.0, 93.1), (539.0, 122.8), (579.0, 186.8), (619.0, 260.1), (659.0, 275.8), (699.0, 214.6), (739.0, 173.9), (779.0, 156.0), (819.0, 164.1), (859.0, 207.1), (899.0, 203.0), (939.0, 144.3), (979.0, 106.4), (1019.0, 91.4), (1059.0, 103.5), (1099.0, 151.0), (1139.0, 223.4), (1179.0, 296.8), (1219.0, 340.8), (1259.0, 311.6), (1299.0, 305.7), (1339.0, 331.3), (1379.0, 348.9), (1419.0, 285.1), (1424.4, 241.8), (1424.4, 254.2), (1424.4, 303.8), (1430.9, 368.0), (1448.4, 304.0), (1473.9, 320.9), (1507.4, 368.0), (1547.4, 304.0), (1587.4, 320.9), (1627.4, 358.1), (1667.4, 326.0), (1707.4, 317.0), (1712.4, 338.1), (1716.9, 368.0), (1748.6, 368.3), (1788.6, 368.0), (1828.6, 339.8), (1868.6, 306.5), (1908.6, 335.9), (1948.6, 331.4), (1988.6, 310.8), (2028.6, 315.3), (2068.6, 354.2), (2108.6, 314.5), (2128.8, 260.9), (2128.8, 228.5), (2128.8, 219.2), (2128.8, 240.0), (2128.8, 296.4), (2131.5, 368.0), (2146.0, 304.0), (2168.5, 320.9), (2199.0, 368.0), (2238.6, 304.0), (2278.6, 320.9), (2318.6, 368.0), (2358.6, 304.0), (2398.6, 320.9), (2438.6, 368.0), (2478.6, 304.0), (2518.6, 320.9), (2558.6, 368.0), (2598.6, 299.1), (2638.6, 250.6), (2671.9, 224.0), (2671.6, 221.1), (2670.9, 250.8), (2674.4, 314.8), (2686.6, 348.9), (2709.1, 285.1), (2739.6, 278.8), (2777.8, 318.5), (2817.8, 348.9), (2857.8, 285.1), (2897.8, 278.8), (2937.8, 318.5), (2977.8, 348.9), (3017.8, 285.1), (3057.8, 241.8), (3097.8, 221.0), (3137.8, 225.2), (3177.8, 263.8), (3217.8, 333.1), (3257.8, 331.0), (3280.8, 272.3), (3288.2, 234.4), (3303.8, 219.4), (3327.2, 231.5), (3359.1, 261.4), (3399.0, 195.1), (3439.0, 149.2), (3479.0, 125.4), (3519.0, 126.0), (3559.0, 160.1), (3599.0, 227.0), (3639.0, 300.4), (3664.0, 368.0), (3664.8, 299.4), (3672.2, 251.2), (3687.8, 224.9), (3711.2, 222.3), (3742.8, 252.3), (3781.5, 316.4), (3821.5, 348.9), (3856.0, 285.1), (3860.5, 241.8), (3873.0, 221.0), (3893.5, 225.2), (3922.0, 263.8), (3960.4, 209.8), (4000.4, 158.7), (4040.4, 129.2), (4080.4, 123.0), (4120.4, 148.3), (4160.4, 208.7), (4200.4, 282.0), (4240.4, 316.9), (4243.5, 253.1), (4255.0, 209.8), (4274.5, 189.0), (4302.0, 193.2), (4337.5, 231.8), (4377.5, 186.5), (4417.5, 132.9), (4457.5, 100.5), (4497.5, 91.2), (4537.5, 112.0), (4577.5, 168.4), (4617.5, 241.8), (4624.4, 315.1), (4631.6, 348.9), (4649.1, 305.1), (4674.6, 330.4), (4708.9, 348.9), (4748.9, 305.1), (4788.9, 330.4), (4828.9, 348.9), (4868.9, 285.1), (4908.9, 241.8), (4948.9, 221.0), (4988.9, 202.0), (5028.9, 138.2), (5068.9, 94.9), (5108.9, 82.8), (5148.9, 114.5), (5188.9, 179.9), (5228.9, 253.3), (5268.9, 218.1), (5308.9, 164.5), (5348.9, 132.1), (5388.9, 122.8), (5428.9, 143.7), (5468.9, 200.0), (5488.8, 146.6), (5488.8, 95.6), (5488.8, 84.8), (5488.8, 121.0), (5488.6, 189.1), (5488.1, 153.9), (5488.1, 100.3), (5488.1, 82.8), (5488.1, 114.5), (5488.0, 179.9), (5488.0, 162.2), (5488.0, 106.4), (5488.0, 81.3), (5488.0, 108.6), (5488.2, 170.8), (5488.6, 170.6), (5488.4, 112.2), (5488.4, 80.4), (5488.4, 103.2), (5488.2, 161.6), (5488.1, 179.2), (5488.1, 118.0), (5488.1, 80.0), (5488.1, 98.4), (5488.1, 152.4), (5488.8, 188.4), (5488.8, 124.9), (5488.8, 81.9), (5488.8, 94.2), (5488.8, 143.8), (5488.7, 197.8), (5488.1, 131.7), (5488.1, 86.1), (5488.1, 90.5), (5488.1, 135.6), (5488.7, 207.4), (5488.8, 138.6), (5488.8, 90.1)]",0,27.47
novice,mario,Mario1-2,Stuck,1,0,197.5,0.969,"[(112.0, 208.0), (116.5, 226.4), (129.0, 280.4), (149.5, 353.8), (180.2, 314.5), (219.0, 260.9), (259.0, 228.5), (299.0, 219.2), (339.0, 240.0), (379.0, 171.2), (419.0, 122.7), (459.0, 96.1), (499.0, 93.1), (539.0, 122.8), (579.0, 186.8), (619.0, 260.1), (659.0, 275.8), (699.0, 214.6), (739.0, 173.9), (779.0, 156.0), (819.0, 164.1), (859.0, 207.1), (899.0, 203.0), (939.0, 144.3), (979.0, 106.4), (1019.0, 91.4), (1059.0, 103.5), (1099.0, 151.0), (1139.0, 223.4), (1179.0, 296.8), (1219.0, 340.8), (1259.0, 311.6), (1299.0, 305.7), (1339.0, 331.3), (1379.0, 348.9), (1419.0, 285.1), (1424.4, 241.8), (1424.4, 254.2), (1424.4, 303.8), (1430.9, 368.0), (1448.4, 304.0), (1473.9, 320.9), (1507.4, 368.0), (1547.4, 304.0), (1587.4, 320.9), (1627.4, 358.1), (1667.4, 326.0), (1707.4, 317.0), (1712.4, 338.1), (1716.9, 368.0), (1748.6, 368.3), (1788.6, 368.0), (1828.6, 339.8), (1868.6, 306.5), (1908.6, 335.9), (1948.6, 331.4), (1988.6, 310.8), (2028.6, 315.3), (2068.6, 354.2), (2108.6, 314.5), (2128.8, 260.9), (2128.8, 228.5), (2128.8, 219.2), (2128.8, 240.0), (2128.8, 296.4), (2131.5, 368.0), (2146.0, 304.0), (2168.5, 320.9), (2199.0, 368.0), (2238.6, 304.0), (2278.6, 320.9), (2318.6, 368.0), (2358.6, 304.0), (2398.6, 320.9), (2438.6, 368.0), (2478.6, 304.0), (2518.6, 320.9), (2558.6, 368.0), (2598.6, 299.1), (2638.6, 250.6), (2672.0, 224.0), (2672.4, 221.1), (2672.4, 250.8), (2674.6, 314.8), (2685.9, 348.9), (2707.4, 285.1), (2736.9, 278.8), (2774.2, 318.5), (2814.2, 348.9), (2854.2, 285.1), (2894.2, 278.8), (2934.2, 318.5), (2974.2, 348.9), (3014.2, 285.1), (3054.2, 241.8), (3094.2, 221.0), (3134.2, 225.2), (3174.2, 263.8), (3214.2, 333.1), (3254.2, 331.0), (3280.4, 272.3), (3286.9, 234.4), (3301.4, 219.4), (3323.9, 231.5), (3354.8, 261.4), (3394.4, 195.1), (3434.4, 149.2), (3474.4, 125.4), (3514.4, 126.0), (3554.4, 160.1), (3594.4, 227.0), (3634.4, 300.4), (3664.1, 368.0), (3664.4, 299.1), (3670.9, 250.6), (3685.4, 224.0), (3707.9, 221.1), (3738.4, 250.8), (3776.5, 314.8), (3816.5, 348.9), (3856.5, 285.1), (3859.5, 241.8), (3871.0, 221.0), (3890.5, 225.2), (3918.0, 263.8), (3955.8, 209.8), (3995.8, 158.7), (4035.8, 129.2), (4075.8, 123.0), (4115.8, 148.3), (4155.8, 208.7), (4195.8, 282.0), (4235.8, 316.9), (4242.6, 253.1), (4253.1, 209.8), (4271.6, 189.0), (4298.1, 193.2), (4332.6, 231.8), (4372.5, 186.5), (4412.5, 132.9), (4452.5, 100.5), (4492.5, 91.2), (4532.5, 112.0), (4572.5, 168.4), (4612.5, 241.8), (4624.1, 315.1), (4630.4, 348.9), (4646.9, 305.1), (4671.4, 330.4), (4704.6, 348.9), (4744.6, 305.1), (4784.6, 330.4), (4824.6, 348.9), (4864.6, 285.1), (4904.6, 241.8), (4944.6, 221.0), (4984.6, 202.0), (5024.6, 138.2), (5064.6, 94.9), (5104.6, 82.8), (5144.6, 114.5), (5184.6, 179.9), (5224.6, 253.3), (5264.6, 218.1), (5304.6, 164.5), (5344.6, 132.1), (5384.6, 122.8), (5424.6, 143.7), (5464.6, 200.0), (5488.2, 146.6), (5488.3, 95.6), (5488.1, 84.8), (5488.1, 121.0), (5488.1, 189.1), (5488.7, 153.9), (5488.0, 100.3), (5488.0, 82.8), (5488.0, 114.5), (5488.0, 179.9), (5488.0, 162.0), (5488.0, 105.9), (5488.0, 81.3), (5488.0, 108.6), (5488.0, 170.8), (5488.0, 170.5), (5488.0, 111.8), (5488.4, 80.4), (5488.4, 103.2), (5488.4, 161.6), (5488.4, 179.2), (5488.7, 118.0), (5488.1, 80.0), (5488.1, 98.4), (5488.1, 152.4), (5488.0, 188.3), (5488.0, 124.6), (5488.1, 81.3), (5488.1, 94.2), (5488.1, 143.8), (5488.5, 197.7), (5488.0, 131.4), (5488.8, 85.5), (5488.8, 90.5), (5488.8, 135.6), (5488.8, 207.4), (5488.7, 138.6), (5488.4, 90.1)]",0,27.48
novice,mario,Mario1-2,Stuck,4,0,197.84,0.969,"[(112.0, 208.0), (116.5, 226.4), (129.0, 280.4), (149.5, 353.8), (180.2, 314.5), (219.0, 260.9), (259.0, 228.5), (299.0, 219.2), (339.0, 240.0), (379.0, 171.2), (419.0, 122.7), (459.0, 96.1), (499.0, 93.1), (539.0, 122.8), (579.0, 186.8), (619.0, 260.1), (659.0, 275.8), (699.0, 214.6), (739.0, 173.9), (779.0, 156.0), (819.0, 164.1), (859.0, 207.1), (899.0, 203.0), (939.0, 144.3), (979.0, 106.4), (1019.0, 91.4), (1059.0, 103.5), (1099.0, 151.0), (1139.0, 223.4), (1179.0, 296.8), (1219.0, 340.8), (1259.0, 311.6), (1299.0, 305.7), (1339.0, 331.3), (1379.0, 348.9), (1419.0, 285.1), (1424.4, 241.8), (1424.4, 254.2), (1424.4, 303.8), (1430.9, 368.0), (1448.4, 304.0), (1473.9, 320.9), (1507.4, 368.0), (1547.4, 304.0), (1587.4, 320.9), (1627.4, 358.1), (1667.4, 326.0), (1707.4, 317.0), (1712.4, 338.1), (1716.9, 368.0), (1748.6, 368.3), (1788.6, 368.0), (1828.6, 339.8), (1868.6, 306.5), (1908.6, 335.9), (1948.6, 331.4), (1988.6, 310.8), (2028.6, 315.3), (2068.6, 354.2), (2108.6, 314.5), (2128.8, 260.9), (2128.8, 228.5), (2128.8, 219.2), (2128.8, 240.0), (2128.8, 296.4), (2131.5, 368.0), (2146.0, 304.0), (2168.5, 320.9), (2199.0, 368.0), (2238.6, 304.0), (2278.6, 320.9), (2318.6, 368.0), (2358.6, 304.0), (2398.6, 320.9), (2438.6, 368.0), (2478.6, 304.0), (2518.6, 320.9), (2558.6, 368.0), (2598.6, 299.1), (2638.6, 250.6), (2672.0, 224.0), (2672.4, 221.1), (2672.4, 250.8), (2674.6, 314.8), (2685.9, 348.9), (2707.4, 285.1), (2736.9, 278.8), (2774.2, 318.5), (2814.2, 348.9), (2854.2, 285.1), (2894.2, 278.8), (2934.2, 318.5), (2974.2, 348.9), (3014.2, 285.1), (3054.2, 241.8), (3094.2, 221.0), (3134.2, 225.2), (3174.2, 263.8), (3214.2, 333.1), (3254.2, 331.0), (3280.4, 272.3), (3286.9, 234.4), (3301.4, 219.4), (3323.9, 231.5), (3354.8, 261.4), (3394.4, 195.1), (3434.4, 149.2), (3474.4, 125.4), (3514.4, 126.0), (3554.4, 160.1), (3594.4, 227.0), (3634.4, 300.4), (3664.1, 368.0), (3664.4, 299.1), (3670.9, 250.6), (3685.4, 224.0), (3707.9, 221.1), (3738.4, 250.8), (3776.5, 314.8), (3816.5, 348.9), (3856.5, 285.1), (3859.5, 241.8), (3871.0, 221.0), (3890.5, 225.2), (3918.0, 263.8), (3955.8, 209.8), (3995.8, 158.7), (4035.8, 129.2), (4075.8, 123.0), (4115.8, 148.3), (4155.8, 208.7), (4195.8, 282.0), (4235.8, 316.9), (4242.6, 253.1), (4253.1, 209.8), (4271.6, 189.0), (4298.1, 193.2), (4332.6, 231.8), (4372.5, 186.5), (4412.5, 132.9), (4452.5, 100.5), (4492.5, 91.2), (4532.5, 112.0), (4572.5, 168.4), (4612.5, 241.8), (4624.1, 315.1), (4630.4, 348.9), (4646.9, 305.1), (4671.4, 330.4), (4704.6, 348.9), (4744.6, 305.1), (4784.6, 330.4), (4824.6, 348.9), (4864.6, 285.1), (4904.6, 241.8), (4944.6, 221.0), (4984.6, 202.0), (5024.6, 138.2), (5064.6, 94.9), (5104.6, 82.8), (5144.6, 114.5), (5184.6, 179.9), (5224.6, 253.3), (5264.6, 218.1), (5304.6, 164.5), (5344.6, 132.1), (5384.6, 122.8), (5424.6, 143.7), (5464.6, 200.0), (5488.8, 146.6), (5488.8, 95.6), (5488.8, 84.8), (5488.8, 121.0), (5488.8, 189.1), (5488.2, 154.5), (5488.0, 102.0), (5488.0, 82.8), (5488.0, 114.5), (5488.0, 179.9), (5488.0, 162.0), (5488.4, 105.9), (5488.4, 81.3), (5488.4, 108.6), (5488.4, 170.8), (5488.2, 170.5), (5488.0, 111.8), (5488.0, 80.4), (5488.0, 103.2), (5488.0, 161.6), (5488.1, 179.5), (5488.1, 119.3), (5488.1, 80.0), (5488.1, 98.4), (5488.1, 152.4), (5488.0, 188.3), (5488.8, 124.6), (5488.8, 81.3), (5488.8, 94.2), (5488.8, 143.8), (5488.0, 197.7), (5488.3, 131.4), (5488.1, 85.5), (5488.1, 90.5), (5488.1, 135.6), (5488.1, 207.4), (5488.6, 139.5), (5488.4, 92.0)]",0,27.48
novice,mario,Mario1-2,Stuck,1,0,197.62,0.969,"[(112.0, 208.0), (116.5, 226.4), (129.0, 280.4), (149.5, 353.8), (180.2, 314.5), (219.0, 260.9), (259.0, 228.5), (299.0, 219.2), (339.0, 240.0), (379.0, 171.2), (419.0, 122.7), (459.0, 96.1), (499.0, 93.1), (539.0, 122.8), (579.0, 186.8), (619.0, 260.1), (659.0, 275.8), (699.0, 214.6), (739.0, 173.9), (779.0, 156.0), (819.0, 164.1), (859.0, 207.1), (899.0, 203.0), (939.0, 144.3), (979.0, 106.4), (1019.0, 91.4), (1059.0, 103.5), (1099.0, 151.0), (1139.0, 223.4), (1179.0, 296.8), (1219.0, 340.8), (1259.0, 311.6), (1299.0, 305.7), (1339.0, 331.3), (1379.0, 348.9), (1419.0, 285.1), (1424.4, 241.8), (1424.4, 254.2), (1424.4, 303.8), (1430.9, 368.0), (1448.4, 304.0), (1473.9, 320.9), (1507.4, 368.0), (1547.4, 304.0), (1587.4, 320.9), (1627.4, 358.1), (1667.4, 326.0), (1707.4, 317.0), (1712.4, 338.1), (1716.9, 368.0), (1748.6, 368.3), (1788.6, 368.0), (1828.6, 339.8), (1868.6, 306.5), (1908.6, 335.9), (1948.6, 331.4), (1988.6, 310.8), (2028.6, 315.3), (2068.6, 354.2), (2108.6, 314.5), (2128.8, 260.9), (2128.8, 228.5), (2128.8, 219.2), (2128.8, 240.0), (2128.8, 296.4), (2131.5, 368.0), (2146.0, 304.0), (2168.5, 320.9), (2199.0, 368.0), (2238.6, 304.0), (2278.6, 320.9), (2318.6, 368.0), (2358.6, 304.0), (2398.6, 320.9), (2438.6, 368.0), (2478.6, 304.0), (2518.6, 320.9), (2558.6, 368.0), (2598.6, 299.1), (2638.6, 250.6), (2671.9, 224.0), (2671.6, 221.1), (2670.9, 250.8), (2674.4, 314.8), (2686.6, 348.9), (2709.1, 285.1), (2739.6, 278.8), (2777.8, 318.5), (2817.8, 348.9), (2857.8, 285.1), (2897.8, 278.8), (2937.8, 318.5), (2977.8, 348.9), (3017.8, 285.1), (3057.8, 241.8), (3097.8, 221.0), (3137.8, 225.2), (3177.8, 263.8), (3217.8, 333.1), (3257.8, 331.0), (3280.8, 272.3), (3288.2, 234.4), (3303.8, 219.4), (3327.2, 231.5), (3359.1, 261.4), (3399.0, 195.1), (3439.0, 149.2), (3479.0, 125.4), (3519.0, 126.0), (3559.0, 160.1), (3599.0, 227.0), (3639.0, 300.4), (3664.4, 368.0), (3663.0, 299.1), (3668.5, 250.6), (3682.0, 224.0), (3703.5, 221.1), (3733.0, 250.8), (3770.4, 314.8), (3810.4, 348.9), (3850.4, 285.1), (3858.6, 241.8), (3869.1, 221.0), (3887.6, 225.2), (3914.1, 263.8), (3951.1, 209.8), (3991.1, 158.7), (4031.1, 129.2), (4071.1, 123.0), (4111.1, 148.3), (4151.1, 208.7), (4191.1, 282.0), (4231.1, 316.9), (4242.6, 253.1), (4253.1, 209.8), (4271.6, 189.0), (4298.1, 193.2), (4332.6, 231.8), (4372.5, 186.5), (4412.5, 132.9), (4452.5, 100.5), (4492.5, 91.2), (4532.5, 112.0), (4572.5, 168.4), (4612.5, 241.8), (4624.1, 315.1), (4630.4, 348.9), (4646.9, 305.1), (4671.4, 330.4), (4704.6, 348.9), (4744.6, 305.1), (4784.6, 330.4), (4824.6, 348.9), (4864.6, 285.1), (4904.6, 241.8), (4944.6, 221.0), (4984.6, 202.0), (5024.6, 138.2), (5064.6, 94.9), (5104.6, 82.8), (5144.6, 114.5), (5184.6, 179.9), (5224.6, 253.3), (5264.6, 218.1), (5304.6, 164.5), (5344.6, 132.1), (5384.6, 122.8), (5424.6, 143.7), (5464.6, 200.0), (5488.8, 146.6), (5488.8, 95.6), (5488.8, 84.8), (5488.8, 121.0), (5488.8, 189.1), (5488.0, 153.9), (5488.0, 100.3), (5488.0, 82.8), (5488.0, 114.5), (5488.0, 179.9), (5487.0, 162.0), (5488.0, 105.9), (5488.0, 81.3), (5488.0, 108.6), (5488.0, 170.8), (5488.4, 170.5), (5488.4, 111.8), (5488.4, 80.4), (5488.4, 103.2), (5488.4, 161.6), (5488.4, 179.2), (5488.4, 118.0), (5488.4, 80.0), (5488.4, 98.4), (5488.4, 152.4), (5488.0, 188.3), (5488.0, 124.6), (5488.0, 81.3), (5488.0, 94.2), (5488.0, 143.8), (5488.0, 197.7), (5488.0, 131.4), (5488.0, 85.5), (5488.0, 90.5), (5488.0, 135.6), (5488.0, 207.4), (5488.4, 138.6), (5488.4, 90.1)]",0,27.48
novice,mario,Mario1-2,Stuck,1,0,198.04,0.969,"[(112.0, 208.0), (116.5, 226.4), (129.0, 280.4), (149.5, 353.8), (180.2, 314.5), (219.0, 260.9), (259.0, 228.5), (299.0, 219.2), (339.0, 240.0), (379.0, 171.2), (419.0, 122.7), (459.0, 96.1), (499.0, 93.1), (539.0, 122.8), (579.0, 186.8), (619.0, 260.1), (659.0, 275.8), (699.0, 214.6), (739.0, 173.9), (779.0, 156.0), (819.0, 164.1), (859.0, 207.1), (899.0, 203.0), (939.0, 144.3), (979.0, 106.4), (1019.0, 91.4), (1059.0, 103.5), (1099.0, 151.0), (1139.0, 223.4), (1179.0, 296.8), (1219.0, 340.8), (1259.0, 311.6), (1299.0, 305.7), (1339.0, 331.3), (1379.0, 348.9), (1419.0, 285.1), (1424.4, 241.8), (1424.4, 254.2), (1424.4, 303.8), (1430.9, 368.0), (1448.4, 304.0), (1473.9, 320.9), (1507.4, 368.0), (1547.4, 304.0), (1587.4, 320.9), (1627.4, 358.1), (1667.4, 326.0), (1707.4, 317.0), (1712.4, 338.1), (1716.9, 368.0), (1748.6, 368.3), (1788.6, 368.0), (1828.6, 339.8), (1868.6, 306.5), (1908.6, 335.9), (1948.6, 331.4), (1988.6, 310.8), (2028.6, 315.3), (2068.6, 354.2), (2108.6, 314.5), (2128.8, 260.9), (2128.8, 228.5), (2128.8, 219.2), (2128.8, 240.0), (2128.8, 296.4), (2131.5, 368.0), (2146.0, 304.0), (2168.5, 320.9), (2199.0, 368.0), (2238.6, 304.0), (2278.6, 320.9), (2318.6, 368.0), (2358.6, 304.0), (2398.6, 320.9), (2438.6, 368.0), (2478.6, 304.0), (2518.6, 320.9), (2558.6, 368.0), (2598.6, 299.1), (2638.6, 250.6), (2671.9, 224.0), (2671.6, 221.1), (2670.9, 250.8), (2674.4, 314.8), (2686.6, 348.9), (2709.1, 285.1), (2739.6, 278.8), (2777.8, 318.5), (2817.8, 348.9), (2857.8, 285.1), (2897.8, 278.8), (2937.8, 318.5), (2977.8, 348.9), (3017.8, 285.1), (3057.8, 241.8), (3097.8, 221.0), (3137.8, 225.2), (3177.8, 263.8), (3217.8, 333.1), (3257.8, 331.0), (3280.8, 272.3), (3288.2, 234.4), (3303.8, 219.4), (3327.2, 231.5), (3359.1, 261.4), (3399.0, 195.1), (3439.0, 149.2), (3479.0, 125.4), (3519.0, 126.0), (3559.0, 160.1), (3599.0, 227.0), (3639.0, 300.4), (3664.4, 368.0), (3664.8, 299.1), (3672.2, 250.6), (3687.8, 224.0), (3711.2, 221.1), (3742.8, 250.8), (3781.5, 314.8), (3821.5, 348.9), (3856.0, 285.1), (3860.5, 241.8), (3873.0, 221.0), (3893.5, 225.2), (3922.0, 263.8), (3960.4, 209.8), (4000.4, 158.7), (4040.4, 129.2), (4080.4, 123.0), (4120.4, 148.3), (4160.4, 208.7), (4200.4, 282.0), (4240.4, 316.9), (4243.5, 253.1), (4255.0, 209.8), (4274.5, 189.0), (4302.0, 193.2), (4337.5, 231.8), (4377.5, 186.5), (4417.5, 132.9), (4457.5, 100.5), (4497.5, 91.2), (4537.5, 112.0), (4577.5, 168.4), (4617.5, 241.8), (4624.4, 315.1), (4631.6, 348.9), (4649.1, 305.1), (4674.6, 330.4), (4708.9, 348.9), (4748.9, 305.1), (4788.9, 330.4), (4828.9, 348.9), (4868.9, 285.1), (4908.9, 241.8), (4948.9, 221.0), (4988.9, 202.0), (5028.9, 138.2), (5068.9, 94.9), (5108.9, 82.8), (5148.9, 114.5), (5188.9, 179.9), (5228.9, 253.3), (5268.9, 218.1), (5308.9, 164.5), (5348.9, 132.1), (5388.9, 122.8), (5428.9, 143.7), (5468.9, 200.0), (5488.8, 146.6), (5488.8, 95.6), (5488.8, 84.8), (5488.8, 121.0), (5488.8, 189.1), (5488.0, 153.9), (5488.0, 100.3), (5488.0, 82.8), (5488.0, 114.5), (5488.0, 179.9), (5488.0, 162.0), (5488.0, 105.9), (5488.0, 81.3), (5488.0, 108.6), (5488.0, 170.8), (5488.4, 170.6), (5488.4, 112.2), (5488.4, 80.4), (5488.4, 103.2), (5488.4, 161.6), (5488.1, 179.2), (5488.1, 118.0), (5488.1, 80.0), (5488.1, 98.4), (5488.1, 152.4), (5488.1, 188.3), (5488.1, 124.6), (5488.1, 81.3), (5488.1, 94.2), (5488.1, 143.8), (5488.0, 197.8), (5488.8, 131.7), (5488.8, 86.1), (5488.8, 90.5), (5488.8, 135.6), (5488.0, 207.4), (5488.4, 138.6), (5488.4, 90.1)]",0,27.47
novice,mario,Mario1-2,Stuck,7,2,140.04,0.347,"[(112.0, 208.0), (116.5, 226.4), (129.0, 280.4), (149.5, 353.8), (180.2, 314.5), (219.0, 260.9), (259.0, 228.5), (299.0, 219.2), (339.0, 240.0), (379.0, 171.2), (419.0, 122.7), (459.0, 96.1), (499.0, 93.1), (539.0, 122.8), (579.0, 186.8), (619.0, 260.1), (659.0, 275.8), (699.0, 214.6), (739.0, 173.9), (779.0, 156.0), (819.0, 164.1), (859.0, 207.1), (899.0, 203.0), (939.0, 144.3), (979.0, 106.4), (1019.0, 91.4), (1059.0, 103.5), (1099.0, 151.0), (1139.0, 223.4), (1179.0, 296.8), (1218.6, 340.8), (1258.5, 311.6), (1298.5, 305.7), (1338.5, 331.3), (1378.5, 348.9), (1418.5, 285.1), (1424.4, 241.8), (1424.0, 254.2), (1424.0, 303.8), (1424.0, 368.0), (1425.9, 304.0), (1435.4, 320.9), (1448.8, 368.0), (1468.0, 304.0), (1495.1, 320.9), (1530.3, 358.1), (1570.2, 326.0), (1610.2, 317.0), (1650.2, 338.1), (1690.2, 330.6), (1712.8, 310.1), (1712.0, 314.6), (1712.0, 353.5), (1712.0, 315.4), (1712.0, 262.1), (1713.2, 230.0), (1721.8, 221.1), (1738.2, 240.0), (1765.8, 171.1), (1801.2, 146.5), (1841.2, 177.2), (1881.2, 240.0), (1921.2, 171.1), (1961.2, 146.5), (1968.2, 177.2), (1968.2, 240.0), (1968.4, 171.4), (1968.0, 146.5), (1968.0, 177.2), (1968.0, 240.0), (1968.4, 172.1), (1968.2, 146.5), (1968.2, 177.2), (1968.2, 240.0), (1968.8, 171.4), (1968.0, 146.5), (1968.0, 177.2), (1968.0, 240.0), (1968.4, 171.4), (1968.0, 146.5), (1968.0, 177.2), (1968.0, 240.0), (1968.4, 172.1), (1968.2, 146.5), (1968.2, 177.2), (1968.2, 240.0), (1968.8, 171.4), (1968.0, 146.5), (1968.0, 177.2), (1968.0, 240.0), (1968.4, 171.4), (1968.0, 146.5), (1968.0, 177.2), (1968.0, 240.0), (1968.4, 172.1), (1968.2, 146.5), (1968.2, 177.2), (1968.2, 240.0), (1968.8, 171.4), (1968.0, 146.5), (1968.0, 177.2)]",0,13.43
novice,mario,Mario1-2,Stuck,1,0,196.86,0.969,"[(112.0, 208.0), (116.5, 226.4), (129.0, 280.4), (149.5, 353.8), (180.2, 314.5), (219.0, 260.9), (259.0, 228.5), (299.0, 219.2), (339.0, 240.0), (379.0, 171.2), (419.0, 122.7), (459.0, 96.1), (499.0, 93.1), (539.0, 122.8), (579.0, 186.8), (619.0, 260.1), (659.0, 275.8), (699.0, 214.6), (739.0, 173.9), (779.0, 156.0), (819.0, 164.1), (859.0, 207.1), (899.0, 203.0), (939.0, 144.3), (979.0, 106.4), (1019.0, 91.4), (1059.0, 103.5), (1099.0, 151.0), (1139.0, 223.4), (1179.0, 296.8), (1219.0, 340.8), (1259.0, 311.6), (1299.0, 305.7), (1339.0, 331.3), (1379.0, 348.9), (1419.0, 285.1), (1424.4, 241.8), (1424.4, 254.2), (1424.4, 303.8), (1430.9, 368.0), (1448.4, 304.0), (1473.9, 320.9), (1507.4, 368.0), (1547.4, 304.0), (1587.4, 320.9), (1627.4, 358.1), (1667.4, 326.0), (1707.4, 317.0), (1712.4, 338.1), (1716.9, 368.0), (1748.6, 368.3), (1788.6, 368.0), (1828.6, 339.8), (1868.6, 306.5), (1908.6, 335.9), (1948.6, 331.4), (1988.6, 310.8), (2028.6, 315.3), (2068.6, 354.2), (2108.6, 314.5), (2128.8, 260.9), (2128.8, 228.5), (2128.8, 219.2), (2128.8, 240.0), (2128.8, 296.4), (2131.5, 368.0), (2146.0, 304.0), (2168.5, 320.9), (2199.0, 368.0), (2238.6, 304.0), (2278.6, 320.9), (2318.6, 368.0), (2358.6, 304.0), (2398.6, 320.9), (2438.6, 368.0), (2478.6, 304.0), (2518.6, 320.9), (2558.6, 368.0), (2598.6, 299.1), (2638.6, 250.6), (2671.9, 224.0), (2671.6, 221.1), (2670.9, 250.8), (2674.4, 314.8), (2686.6, 348.9), (2709.1, 285.1), (2739.6, 278.8), (2777.8, 318.5), (2817.8, 348.9), (2857.8, 285.1), (2897.8, 278.8), (2937.8, 318.5), (2977.8, 348.9), (3017.8, 285.1), (3057.8, 241.8), (3097.8, 221.0), (3137.8, 225.2), (3177.8, 263.8), (3217.8, 333.1), (3257.8, 331.0), (3280.8, 272.3), (3288.2, 234.4), (3303.8, 219.4), (3327.2, 231.5), (3359.1, 261.4), (3399.0, 195.1), (3439.0, 149.2), (3479.0, 125.4), (3519.0, 126.0), (3559.0, 160.1), (3599.0, 227.0), (3639.0, 300.4), (3664.0, 368.0), (3663.0, 299.4), (3668.5, 251.2), (3682.0, 224.9), (3703.5, 222.3), (3733.0, 252.3), (3770.4, 316.4), (3810.4, 348.9), (3850.4, 285.1), (3858.6, 241.8), (3869.1, 221.0), (3887.6, 225.2), (3914.1, 263.8), (3951.1, 209.8), (3991.1, 158.7), (4031.1, 129.2), (4071.1, 123.0), (4111.1, 148.3), (4151.1, 208.7), (4191.1, 282.0), (4231.1, 316.9), (4242.6, 253.1), (4253.1, 209.8), (4271.6, 189.0), (4298.1, 193.2), (4332.6, 231.8), (4372.5, 186.5), (4412.5, 132.9), (4452.5, 100.5), (4492.5, 91.2), (4532.5, 112.0), (4572.5, 168.4), (4612.5, 241.8), (4624.1, 315.1), (4630.4, 348.9), (4646.9, 305.1), (4671.4, 330.4), (4704.6, 348.9), (4744.6, 305.1), (4784.6, 330.4), (4824.6, 348.9), (4864.6, 285.1), (4904.6, 241.8), (4944.6, 221.0), (4984.6, 202.0), (5024.6, 138.2), (5064.6, 94.9), (5104.6, 82.8), (5144.6, 114.5), (5184.6, 179.9), (5224.6, 253.3), (5264.6, 218.1), (5304.6, 164.5), (5344.6, 132.1), (5384.6, 122.8), (5424.6, 143.7), (5464.6, 200.0), (5488.0, 146.6), (5488.0, 95.6), (5488.0, 84.8), (5488.0, 121.0), (5488.2, 189.1), (5487.8, 153.9), (5488.1, 100.3), (5488.1, 82.8), (5488.1, 114.5), (5488.0, 179.9), (5487.0, 162.2), (5488.0, 106.4), (5488.0, 81.3), (5488.0, 108.6), (5488.2, 170.8), (5487.8, 170.6), (5488.3, 112.2), (5488.4, 80.4), (5488.4, 103.2), (5488.7, 161.6), (5488.4, 179.2), (5488.1, 118.0), (5488.1, 80.0), (5488.1, 98.4), (5488.0, 152.4), (5487.9, 188.4), (5487.6, 124.9), (5488.1, 81.9), (5488.1, 94.2), (5488.1, 143.8), (5488.2, 197.8), (5487.2, 131.7), (5488.8, 86.1), (5488.8, 90.5), (5488.6, 135.6), (5488.7, 207.4), (5488.5, 138.6), (5488.4, 90.1)]",0,27.48
novice,mario,Mario1-2,Enemy,2,0,219.91,0.328,"[(112.0, 208.0), (116.5, 226.4), (129.0, 280.4), (149.5, 353.8), (180.2, 314.5), (219.0, 260.9), (259.0, 228.5), (299.0, 219.2), (339.0, 240.0), (379.0, 171.2), (419.0, 122.7), (459.0, 96.1), (499.0, 93.1), (539.0, 122.8), (579.0, 186.8), (619.0, 260.1), (659.0, 275.8), (699.0, 214.6), (739.0, 173.9), (779.0, 156.0), (819.0, 164.1), (859.0, 207.1), (899.0, 203.0), (939.0, 144.3), (979.0, 106.4), (1019.0, 91.4), (1059.0, 103.5), (1099.0, 151.0), (1139.0, 223.4), (1179.0, 296.8), (1219.0, 340.8), (1259.0, 311.6), (1299.0, 305.7), (1339.0, 331.3), (1379.0, 348.9), (1419.0, 285.1), (1424.0, 241.8), (1424.0, 254.2), (1424.0, 303.8), (1428.5, 368.0), (1441.1, 304.0), (1455.2, 320.9), (1477.4, 368.0), (1510.6, 304.0), (1550.1, 320.9), (1590.1, 368.0), (1630.1, 299.1), (1648.0, 250.6), (1648.0, 224.0), (1648.4, 221.1), (1648.4, 250.8), (1648.4, 314.8), (1654.9, 331.0), (1669.4, 307.6), (1691.9, 308.4), (1712.4, 342.9), (1718.4, 368.0), (1752.1, 368.0), (1792.1, 368.0), (1832.1, 368.0)]",0,7.97
novice,mario,Mario1-2,Stuck,1,0,198.07,0.969,"[(112.0, 208.0), (116.5, 226.4), (129.0, 280.4), (149.5, 353.8), (180.2, 314.5), (219.0, 260.9), (259.0, 228.5), (299.0, 219.2), (339.0, 240.0), (379.0, 171.2), (419.0, 122.7), (459.0, 96.1), (499.0, 93.1), (539.0, 122.8), (579.0, 186.8), (619.0, 260.1), (659.0, 275.8), (699.0, 214.6), (739.0, 173.9), (779.0, 156.0), (819.0, 164.1), (859.0, 207.1), (899.0, 203.0), (939.0, 144.3), (979.0, 106.4), (1019.0, 91.4), (1059.0, 103.5), (1099.0, 151.0), (1139.0, 223.4), (1179.0, 296.8), (1219.0, 340.8), (1259.0, 311.6), (1299.0, 305.7), (1339.0, 331.3), (1379.0, 348.9), (1419.0, 285.1), (1424.4, 241.8), (1424.4, 254.2), (1424.4, 303.8), (1430.9, 368.0), (1448.4, 304.0), (1473.9, 320.9), (1507.4, 368.0), (1547.4, 304.0), (1587.4, 320.9), (1627.4, 358.1), (1667.4, 326.0), (1707.4, 317.0), (1712.4, 338.1), (1716.9, 368.0), (1748.6, 368.3), (1788.6, 368.0), (1828.6, 339.8), (1868.6, 306.5), (1908.6, 335.9), (1948.6, 331.4), (1988.6, 310.8), (2028.6, 315.3), (2068.6, 354.2), (2108.6, 314.5), (2128.8, 260.9), (2128.8, 228.5), (2128.8, 219.2), (2128.8, 240.0), (2128.8, 296.4), (2131.5, 368.0), (2146.0, 304.0), (2168.5, 320.9), (2199.0, 368.0), (2238.6, 304.0), (2278.6, 320.9), (2318.6, 368.0), (2358.6, 304.0), (2398.6, 320.9), (2438.6, 368.0), (2478.6, 304.0), (2518.6, 320.9), (2558.6, 368.0), (2598.6, 299.1), (2638.6, 250.6), (2671.9, 224.0), (2671.6, 221.1), (2672.1, 250.8), (2673.9, 314.8), (2684.1, 348.9), (2704.6, 285.1), (2733.1, 278.8), (2769.6, 318.5), (2809.6, 348.9), (2849.6, 285.1), (2889.6, 278.8), (2929.6, 318.5), (2969.6, 348.9), (3009.6, 285.1), (3049.6, 241.8), (3089.6, 221.0), (3129.6, 225.2), (3169.6, 263.8), (3209.6, 333.1), (3249.6, 331.0), (3280.1, 272.3), (3285.6, 234.4), (3299.1, 219.4), (3320.6, 231.5), (3350.5, 261.4), (3389.8, 195.1), (3429.8, 149.2), (3469.8, 125.4), (3509.8, 126.0), (3549.8, 160.1), (3589.8, 227.0), (3629.8, 300.4), (3664.0, 368.0), (3664.4, 299.1), (3670.9, 250.6), (3685.4, 224.0), (3707.9, 221.1), (3738.4, 250.8), (3776.5, 314.8), (3816.5, 348.9), (3856.5, 285.1), (3859.5, 241.8), (3871.0, 221.0), (3890.5, 225.2), (3918.0, 263.8), (3955.8, 209.8), (3995.8, 158.7), (4035.8, 129.2), (4075.8, 123.0), (4115.8, 148.3), (4155.8, 208.7), (4195.8, 282.0), (4235.8, 316.9), (4242.6, 253.1), (4253.1, 209.8), (4271.6, 189.0), (4298.1, 193.2), (4332.6, 231.8), (4372.5, 186.5), (4412.5, 132.9), (4452.5, 100.5), (4492.5, 91.2), (4532.5, 112.0), (4572.5, 168.4), (4612.5, 241.8), (4624.1, 315.1), (4630.4, 348.9), (4646.9, 305.1), (4671.4, 330.4), (4704.6, 348.9), (4744.6, 305.1), (4784.6, 330.4), (4824.6, 348.9), (4864.6, 285.1), (4904.6, 241.8), (4944.6, 221.0), (4984.6, 202.0), (5024.6, 138.2), (5064.6, 94.9), (5104.6, 82.8), (5144.6, 114.5), (5184.6, 179.9), (5224.6, 253.3), (5264.6, 218.1), (5304.6, 164.5), (5344.6, 132.1), (5384.6, 122.8), (5424.6, 143.7), (5464.6, 200.0), (5488.8, 146.6), (5488.8, 95.6), (5488.8, 84.8), (5488.8, 121.0), (5488.8, 189.1), (5488.0, 153.9), (5488.0, 100.3), (5488.0, 82.8), (5488.0, 114.5), (5488.0, 179.9), (5488.0, 162.0), (5488.0, 105.9), (5488.0, 81.3), (5488.0, 108.6), (5488.0, 170.8), (5488.4, 170.5), (5488.4, 111.8), (5488.4, 80.4), (5488.4, 103.2), (5488.4, 161.6), (5488.4, 179.2), (5488.4, 118.0), (5488.4, 80.0), (5488.4, 98.4), (5488.4, 152.4), (5488.0, 188.3), (5488.0, 124.6), (5488.0, 81.3), (5488.0, 94.2), (5488.0, 143.8), (5488.0, 197.7), (5488.0, 131.4), (5488.0, 85.5), (5488.0, 90.5), (5488.0, 135.6), (5488.0, 207.4), (5488.4, 138.6), (5488.4, 90.1)]",0,27.48
novice,mario,Mario1-2,Success,3,0,219.56,0.947,"[(112.0, 208.0), (116.5, 226.4), (129.0, 280.4), (149.5, 353.8), (180.2, 314.5), (219.0, 260.9), (259.0, 228.5), (299.0, 219.2), (339.0, 240.0), (379.0, 171.2), (419.0, 122.7), (458.5, 96.1), (498.5, 93.1), (538.5, 122.8), (578.5, 186.8), (618.5, 260.1), (658.5, 275.8), (698.5, 214.6), (738.5, 173.9), (778.5, 156.0), (818.5, 164.1), (858.5, 207.1), (898.5, 203.0), (938.5, 144.3), (978.5, 106.4), (1018.5, 91.4), (1058.5, 103.5), (1098.5, 151.0), (1138.5, 223.4), (1178.5, 296.8), (1218.5, 340.8), (1258.5, 311.6), (1298.5, 305.7), (1338.5, 331.3), (1378.5, 348.9), (1418.4, 285.1), (1424.4, 241.8), (1424.4, 254.2), (1424.4, 303.8), (1430.9, 368.0), (1445.5, 304.0), (1458.1, 320.9), (1477.6, 368.0), (1508.1, 304.0), (1546.2, 320.9), (1586.2, 345.1), (1626.2, 315.8), (1666.2, 309.9), (1706.2, 335.5), (1716.9, 368.0), (1748.6, 368.3), (1788.6, 368.0), (1828.6, 339.8), (1868.6, 306.5), (1908.6, 335.9), (1948.6, 331.4), (1988.6, 310.8), (2028.6, 315.3), (2068.6, 354.2), (2108.6, 314.5), (2128.0, 260.9), (2128.0, 228.5), (2128.0, 219.2), (2128.0, 240.0), (2128.0, 296.4), (2132.5, 368.0), (2143.9, 304.0), (2151.7, 320.9), (2164.5, 368.0), (2184.2, 304.0), (2202.7, 320.9), (2228.5, 368.0), (2265.3, 299.1), (2288.8, 250.6), (2288.8, 224.0), (2288.8, 221.1), (2288.8, 250.8), (2288.8, 314.8), (2297.0, 348.9), (2308.5, 305.1), (2317.5, 330.4), (2334.1, 348.9), (2358.6, 305.1), (2388.7, 330.4), (2426.6, 348.9), (2466.6, 305.1), (2506.6, 330.4), (2546.6, 348.9), (2586.6, 285.1), (2626.6, 241.8), (2666.6, 221.0), (2672.4, 225.2), (2672.4, 263.8), (2674.6, 333.1), (2686.0, 331.0), (2697.4, 272.3), (2704.4, 285.4), (2713.9, 333.9), (2732.7, 331.0), (2752.6, 272.3), (2768.7, 285.4), (2789.9, 333.9), (2820.5, 331.0), (2859.6, 272.3), (2899.6, 285.4), (2939.6, 333.9), (2979.6, 331.0), (3019.6, 272.3), (3059.6, 234.4), (3099.6, 219.4), (3139.6, 231.5), (3179.6, 279.0), (3219.6, 351.4), (3259.6, 314.5), (3280.8, 260.9), (3288.2, 228.5), (3303.8, 219.2), (3327.2, 240.0), (3359.9, 242.9), (3399.8, 181.7), (3439.8, 141.1), (3479.8, 123.1), (3519.8, 131.2), (3559.8, 174.2), (3599.8, 245.4), (3639.8, 318.7), (3664.4, 335.0), (3664.4, 311.5), (3664.4, 312.4), (3664.4, 346.8), (3664.8, 323.5), (3667.5, 267.3), (3679.0, 232.2), (3698.5, 220.0), (3726.0, 236.4), (3761.5, 288.3), (3801.5, 361.5), (3841.5, 306.6), (3857.2, 255.6), (3865.8, 226.1), (3882.2, 219.9), (3906.8, 245.1), (3940.8, 234.1), (3980.8, 175.5), (4020.8, 137.5), (4060.8, 122.5), (4100.8, 134.6), (4140.8, 182.1), (4180.8, 254.5), (4220.8, 327.9), (4240.8, 274.6), (4248.2, 223.6), (4263.8, 194.1), (4287.2, 187.9), (4318.8, 213.1), (4357.5, 211.8), (4397.5, 150.6), (4437.5, 109.9), (4477.5, 92.0), (4517.5, 100.1), (4557.5, 143.1), (4597.5, 133.0), (4637.1, 80.0), (4677.0, 97.3), (4717.0, 149.9), (4757.0, 223.2), (4797.0, 186.5), (4837.0, 132.9), (4877.0, 100.5), (4917.0, 91.2), (4957.0, 112.0), (4997.0, 168.4), (5037.0, 238.0), (5077.0, 169.1), (5117.0, 120.6), (5157.0, 94.0), (5197.0, 91.1), (5237.0, 120.8), (5277.0, 184.8), (5317.0, 258.1), (5357.0, 218.5)]",0,24.02
novice,mario,Mario1-2,Stuck,1,0,196.86,0.969,"[(112.0, 208.0), (116.5, 226.4), (129.0, 280.4), (149.5, 353.8), (180.2, 314.5), (219.0, 260.9), (259.0, 228.5), (299.0, 219.2), (339.0, 240.0), (379.0, 171.2), (419.0, 122.7), (459.0, 96.1), (499.0, 93.1), (539.0, 122.8), (579.0, 186.8), (619.0, 260.1), (659.0, 275.8), (699.0, 214.6), (739.0, 173.9), (779.0, 156.0), (819.0, 164.1), (859.0, 207.1), (899.0, 203.0), (939.0, 144.3), (979.0, 106.4), (1019.0, 91.4), (1059.0, 103.5), (1099.0, 151.0), (1139.0, 223.4), (1179.0, 296.8), (1219.0, 340.8), (1259.0, 311.6), (1299.0, 305.7), (1339.0, 331.3), (1379.0, 348.9), (1419.0, 285.1), (1424.4, 241.8), (1424.4, 254.2), (1424.4, 303.8), (1430.9, 368.0), (1448.4, 304.0), (1473.9, 320.9), (1507.4, 368.0), (1547.4, 304.0), (1587.4, 320.9), (1627.4, 358.1), (1667.4, 326.0), (1707.4, 317.0), (1712.4, 338.1), (1716.9, 368.0), (1748.6, 368.3), (1788.6, 368.0), (1828.6, 339.8), (1868.6, 306.5), (1908.6, 335.9), (1948.6, 331.4), (1988.6, 310.8), (2028.6, 315.3), (2068.6, 354.2), (2108.6, 314.5), (2128.8, 260.9), (2128.8, 228.5), (2128.8, 219.2), (2128.8, 240.0), (2128.8, 296.4), (2131.5, 368.0), (2146.0, 304.0), (2168.5, 320.9), (2199.0, 368.0), (2238.6, 304.0), (2278.6, 320.9), (2318.6, 368.0), (2358.6, 304.0), (2398.6, 320.9), (2438.6, 368.0), (2478.6, 304.0), (2518.6, 320.9), (2558.6, 368.0), (2598.6, 299.1), (2638.6, 250.6), (2671.9, 224.0), (2671.6, 221.1), (2670.9, 250.8), (2674.4, 314.8), (2686.6, 348.9), (2709.1, 285.1), (2739.6, 278.8), (2777.8, 318.5), (2817.8, 348.9), (2857.8, 285.1), (2897.8, 278.8), (2937.8, 318.5), (2977.8, 348.9), (3017.8, 285.1), (3057.8, 241.8), (3097.8, 221.0), (3137.8, 225.2), (3177.8, 263.8), (3217.8, 333.1), (3257.8, 331.0), (3280.8, 272.3), (3288.2, 234.4), (3303.8, 219.4), (3327.2, 231.5), (3359.1, 261.4), (3399.0, 195.1), (3439.0, 149.2), (3479.0, 125.4), (3519.0, 126.0), (3559.0, 160.1), (3599.0, 227.0), (3639.0, 300.4), (3664.0, 368.0), (3663.0, 299.4), (3668.5, 251.2), (3682.0, 224.9), (3703.5, 222.3), (3733.0, 252.3), (3770.4, 316.4), (3810.4, 348.9), (3850.4, 285.1), (3858.6, 241.8), (3869.1, 221.0), (3887.6, 225.2), (3914.1, 263.8), (3951.1, 209.8), (3991.1, 158.7), (4031.1, 129.2), (4071.1, 123.0), (4111.1, 148.3), (4151.1, 208.7), (4191.1, 282.0), (4231.1, 316.9), (4242.6, 253.1), (4253.1, 209.8), (4271.6, 189.0), (4298.1, 193.2), (4332.6, 231.8), (4372.5, 186.5), (4412.5, 132.9), (4452.5, 100.5), (4492.5, 91.2), (4532.5, 112.0), (4572.5, 168.4), (4612.5, 241.8), (4624.1, 315.1), (4630.4, 348.9), (4646.9, 305.1), (4671.4, 330.4), (4704.6, 348.9), (4744.6, 305.1), (4784.6, 330.4), (4824.6, 348.9), (4864.6, 285.1), (4904.6, 241.8), (4944.6, 221.0), (4984.6, 202.0), (5024.6, 138.2), (5064.6, 94.9), (5104.6, 82.8), (5144.6, 114.5), (5184.6, 179.9), (5224.6, 253.3), (5264.6, 218.1), (5304.6, 164.5), (5344.6, 132.1), (5384.6, 122.8), (5424.6, 143.7), (5464.6, 200.0), (5488.0, 146.6), (5488.0, 95.6), (5488.0, 84.8), (5488.0, 121.0), (5488.2, 189.1), (5487.8, 153.9), (5488.1, 100.3), (5488.1, 82.8), (5488.1, 114.5), (5488.0, 179.9), (5487.0, 162.2), (5488.0, 106.4), (5488.0, 81.3), (5488.0, 108.6), (5488.2, 170.8), (5487.8, 170.6), (5488.3, 112.2), (5488.4, 80.4), (5488.4, 103.2), (5488.7, 161.6), (5488.4, 179.2), (5488.1, 118.0), (5488.1, 80.0), (5488.1, 98.4), (5488.0, 152.4), (5487.9, 188.4), (5487.6, 124.9), (5488.1, 81.9), (5488.1, 94.2), (5488.1, 143.8), (5488.2, 197.8), (5487.2, 131.7), (5488.8, 86.1), (5488.8, 90.5), (5488.6, 135.6), (5488.7, 207.4), (5488.5, 138.6), (5488.4, 90.1)]",0,27.48
novice,mario,Mario1-2,Stuck,4,0,197.84,0.969,"[(112.0, 208.0), (116.5, 226.4), (129.0, 280.4), (149.5, 353.8), (180.2, 314.5), (219.0, 260.9), (259.0, 228.5), (299.0, 219.2), (339.0, 240.0), (379.0, 171.2), (419.0, 122.7), (459.0, 96.1), (499.0, 93.1), (539.0, 122.8), (579.0, 186.8), (619.0, 260.1), (659.0, 275.8), (699.0, 214.6), (739.0, 173.9), (779.0, 156.0), (819.0, 164.1), (859.0, 207.1), (899.0, 203.0), (939.0, 144.3), (979.0, 106.4), (1019.0, 91.4), (1059.0, 103.5), (1099.0, 151.0), (1139.0, 223.4), (1179.0, 296.8), (1219.0, 340.8), (1259.0, 311.6), (1299.0, 305.7), (1339.0, 331.3), (1379.0, 348.9), (1419.0, 285.1), (1424.4, 241.8), (1424.4, 254.2), (1424.4, 303.8), (1430.9, 368.0), (1448.4, 304.0), (1473.9, 320.9), (1507.4, 368.0), (1547.4, 304.0), (1587.4, 320.9), (1627.4, 358.1), (1667.4, 326.0), (1707.4, 317.0), (1712.4, 338.1), (1716.9, 368.0), (1748.6, 368.3), (1788.6, 368.0), (1828.6, 339.8), (1868.6, 306.5), (1908.6, 335.9), (1948.6, 331.4), (1988.6, 310.8), (2028.6, 315.3), (2068.6, 354.2), (2108.6, 314.5), (2128.8, 260.9), (2128.8, 228.5), (2128.8, 219.2), (2128.8, 240.0), (2128.8, 296.4), (2131.5, 368.0), (2146.0, 304.0), (2168.5, 320.9), (2199.0, 368.0), (2238.6, 304.0), (2278.6, 320.9), (2318.6, 368.0), (2358.6, 304.0), (2398.6, 320.9), (2438.6, 368.0), (2478.6, 304.0), (2518.6, 320.9), (2558.6, 368.0), (2598.6, 299.1), (2638.6, 250.6), (2672.0, 224.0), (2672.4, 221.1), (2672.4, 250.8), (2674.6, 314.8), (2685.9, 348.9), (2707.4, 285.1), (2736.9, 278.8), (2774.2, 318.5), (2814.2, 348.9), (2854.2, 285.1), (2894.2, 278.8), (2934.2, 318.5), (2974.2, 348.9), (3014.2, 285.1), (3054.2, 241.8), (3094.2, 221.0), (3134.2, 225.2), (3174.2, 263.8), (3214.2, 333.1), (3254.2, 331.0), (3280.4, 272.3), (3286.9, 234.4), (3301.4, 219.4), (3323.9, 231.5), (3354.8, 261.4), (3394.4, 195.1), (3434.4, 149.2), (3474.4, 125.4), (3514.4, 126.0), (3554.4, 160.1), (3594.4, 227.0), (3634.4, 300.4), (3664.1, 368.0), (3664.4, 299.1), (3670.9, 250.6), (3685.4, 224.0), (3707.9, 221.1), (3738.4, 250.8), (3776.5, 314.8), (3816.5, 348.9), (3856.5, 285.1), (3859.5, 241.8), (3871.0, 221.0), (3890.5, 225.2), (3918.0, 263.8), (3955.8, 209.8), (3995.8, 158.7), (4035.8, 129.2), (4075.8, 123.0), (4115.8, 148.3), (4155.8, 208.7), (4195.8, 282.0), (4235.8, 316.9), (4242.6, 253.1), (4253.1, 209.8), (4271.6, 189.0), (4298.1, 193.2), (4332.6, 231.8), (4372.5, 186.5), (4412.5, 132.9), (4452.5, 100.5), (4492.5, 91.2), (4532.5, 112.0), (4572.5, 168.4), (4612.5, 241.8), (4624.1, 315.1), (4630.4, 348.9), (4646.9, 305.1), (4671.4, 330.4), (4704.6, 348.9), (4744.6, 305.1), (4784.6, 330.4), (4824.6, 348.9), (4864.6, 285.1), (4904.6, 241.8), (4944.6, 221.0), (4984.6, 202.0), (5024.6, 138.2), (5064.6, 94.9), (5104.6, 82.8), (5144.6, 114.5), (5184.6, 179.9), (5224.6, 253.3), (5264.6, 218.1), (5304.6, 164.5), (5344.6, 132.1), (5384.6, 122.8), (5424.6, 143.7), (5464.6, 200.0), (5488.8, 146.6), (5488.8, 95.6), (5488.8, 84.8), (5488.8, 121.0), (5488.8, 189.1), (5488.2, 154.5), (5488.0, 102.0), (5488.0, 82.8), (5488.0, 114.5), (5488.0, 179.9), (5488.0, 162.0), (5488.4, 105.9), (5488.4, 81.3), (5488.4, 108.6), (5488.4, 170.8), (5488.2, 170.5), (5488.0, 111.8), (5488.0, 80.4), (5488.0, 103.2), (5488.0, 161.6), (5488.1, 179.5), (5488.1, 119.3), (5488.1, 80.0), (5488.1, 98.4), (5488.1, 152.4), (5488.0, 188.3), (5488.8, 124.6), (5488.8, 81.3), (5488.8, 94.2), (5488.8, 143.8), (5488.0, 197.7), (5488.3, 131.4), (5488.1, 85.5), (5488.1, 90.5), (5488.1, 135.6), (5488.1, 207.4), (5488.6, 139.5), (5488.4, 92.0)]",0,27.48
novice,mario,Mario1-2,Stuck,1,0,197.5,0.969,"[(112.0, 208.0), (116.5, 226.4), (129.0, 280.4), (149.5, 353.8), (180.2, 314.5), (219.0, 260.9), (259.0, 228.5), (299.0, 219.2), (339.0, 240.0), (379.0, 171.2), (419.0, 122.7), (459.0, 96.1), (499.0, 93.1), (539.0, 122.8), (579.0, 186.8), (619.0, 260.1), (659.0, 275.8), (699.0, 214.6), (739.0, 173.9), (779.0, 156.0), (819.0, 164.1), (859.0, 207.1), (899.0, 203.0), (939.0, 144.3), (979.0, 106.4), (1019.0, 91.4), (1059.0, 103.5), (1099.0, 151.0), (1139.0, 223.4), (1179.0, 296.8), (1219.0, 340.8), (1259.0, 311.6), (1299.0, 305.7), (1339.0, 331.3), (1379.0, 348.9), (1419.0, 285.1), (1424.4, 241.8), (1424.4, 254.2), (1424.4, 303.8), (1430.9, 368.0), (1448.4, 304.0), (1473.9, 320.9), (1507.4, 368.0), (1547.4, 304.0), (1587.4, 320.9), (1627.4, 358.1), (1667.4, 326.0), (1707.4, 317.0), (1712.4, 338.1), (1716.9, 368.0), (1748.6, 368.3), (1788.6, 368.0), (1828.6, 339.8), (1868.6, 306.5), (1908.6, 335.9), (1948.6, 331.4), (1988.6, 310.8), (2028.6, 315.3), (2068.6, 354.2), (2108.6, 314.5), (2128.8, 260.9), (2128.8, 228.5), (2128.8, 219.2), (2128.8, 240.0), (2128.8, 296.4), (2131.5, 368.0), (2146.0, 304.0), (2168.5, 320.9), (2199.0, 368.0), (2238.6, 304.0), (2278.6, 320.9), (2318.6, 368.0), (2358.6, 304.0), (2398.6, 320.9), (2438.6, 368.0), (2478.6, 304.0), (2518.6, 320.9), (2558.6, 368.0), (2598.6, 299.1), (2638.6, 250.6), (2672.0, 224.0), (2672.4, 221.1), (2672.4, 250.8), (2674.6, 314.8), (2685.9, 348.9), (2707.4, 285.1), (2736.9, 278.8), (2774.2, 318.5), (2814.2, 348.9), (2854.2, 285.1), (2894.2, 278.8), (2934.2, 318.5), (2974.2, 348.9), (3014.2, 285.1), (3054.2, 241.8), (3094.2, 221.0), (3134.2, 225.2), (3174.2, 263.8), (3214.2, 333.1), (3254.2, 331.0), (3280.4, 272.3), (3286.9, 234.4), (3301.4, 219.4), (3323.9, 231.5), (3354.8, 261.4), (3394.4, 195.1), (3434.4, 149.2), (3474.4, 125.4), (3514.4, 126.0), (3554.4, 160.1), (3594.4, 227.0), (3634.4, 300.4), (3664.1, 368.0), (3664.4, 299.1), (3670.9, 250.6), (3685.4, 224.0), (3707.9, 221.1), (3738.4, 250.8), (3776.5, 314.8), (3816.5, 348.9), (3856.5, 285.1), (3859.5, 241.8), (3871.0, 221.0), (3890.5, 225.2), (3918.0, 263.8), (3955.8, 209.8), (3995.8, 158.7), (4035.8, 129.2), (4075.8, 123.0), (4115.8, 148.3), (4155.8, 208.7), (4195.8, 282.0), (4235.8, 316.9), (4242.6, 253.1), (4253.1, 209.8), (4271.6, 189.0), (4298.1, 193.2), (4332.6, 231.8), (4372.5, 186.5), (4412.5, 132.9), (4452.5, 100.5), (4492.5, 91.2), (4532.5, 112.0), (4572.5, 168.4), (4612.5, 241.8), (4624.1, 315.1), (4630.4, 348.9), (4646.9, 305.1), (4671.4, 330.4), (4704.6, 348.9), (4744.6, 305.1), (4784.6, 330.4), (4824.6, 348.9), (4864.6, 285.1), (4904.6, 241.8), (4944.6, 221.0), (4984.6, 202.0), (5024.6, 138.2), (5064.6, 94.9), (5104.6, 82.8), (5144.6, 114.5), (5184.6, 179.9), (5224.6, 253.3), (5264.6, 218.1), (5304.6, 164.5), (5344.6, 132.1), (5384.6, 122.8), (5424.6, 143.7), (5464.6, 200.0), (5488.2, 146.6), (5488.3, 95.6), (5488.1, 84.8), (5488.1, 121.0), (5488.1, 189.1), (5488.7, 153.9), (5488.0, 100.3), (5488.0, 82.8), (5488.0, 114.5), (5488.0, 179.9), (5488.0, 162.0), (5488.0, 105.9), (5488.0, 81.3), (5488.0, 108.6), (5488.0, 170.8), (5488.0, 170.5), (5488.0, 111.8), (5488.4, 80.4), (5488.4, 103.2), (5488.4, 161.6), (5488.4, 179.2), (5488.7, 118.0), (5488.1, 80.0), (5488.1, 98.4), (5488.1, 152.4), (5488.0, 188.3), (5488.0, 124.6), (5488.1, 81.3), (5488.1, 94.2), (5488.1, 143.8), (5488.5, 197.7), (5488.0, 131.4), (5488.8, 85.5), (5488.8, 90.5), (5488.8, 135.6), (5488.8, 207.4), (5488.7, 138.6), (5488.4, 90.1)]",0,27.48
novice,mario,Mario1-2,Stuck,1,0,198.12,0.969,"[(112.0, 208.0), (116.5, 226.4), (129.0, 280.4), (149.5, 353.8), (180.2, 314.5), (219.0, 260.9), (259.0, 228.5), (299.0, 219.2), (339.0, 240.0), (379.0, 171.2), (419.0, 122.7), (459.0, 96.1), (499.0, 93.1), (539.0, 122.8), (579.0, 186.8), (619.0, 260.1), (659.0, 275.8), (699.0, 214.6), (739.0, 173.9), (779.0, 156.0), (819.0, 164.1), (859.0, 207.1), (899.0, 203.0), (939.0, 144.3), (979.0, 106.4), (1019.0, 91.4), (1059.0, 103.5), (1099.0, 151.0), (1139.0, 223.4), (1179.0, 296.8), (1219.0, 340.8), (1259.0, 311.6), (1299.0, 305.7), (1339.0, 331.3), (1379.0, 348.9), (1419.0, 285.1), (1424.4, 241.8), (1424.4, 254.2), (1424.4, 303.8), (1430.9, 368.0), (1448.4, 304.0), (1473.9, 320.9), (1507.4, 368.0), (1547.4, 304.0), (1587.4, 320.9), (1627.4, 358.1), (1667.4, 326.0), (1707.4, 317.0), (1712.4, 338.1), (1716.9, 368.0), (1748.6, 368.3), (1788.6, 368.0), (1828.6, 339.8), (1868.6, 306.5), (1908.6, 335.9), (1948.6, 331.4), (1988.6, 310.8), (2028.6, 315.3), (2068.6, 354.2), (2108.6, 314.5), (2128.8, 260.9), (2128.8, 228.5), (2128.8, 219.2), (2128.8, 240.0), (2128.8, 296.4), (2131.5, 368.0), (2146.0, 304.0), (2168.5, 320.9), (2199.0, 368.0), (2238.6, 304.0), (2278.6, 320.9), (2318.6, 368.0), (2358.6, 304.0), (2398.6, 320.9), (2438.6, 368.0), (2478.6, 304.0), (2518.6, 320.9), (2558.6, 368.0), (2598.6, 299.1), (2638.6, 250.6), (2672.1, 224.0), (2672.1, 221.1), (2672.1, 250.8), (2673.9, 314.8), (2684.1, 348.9), (2704.6, 285.1), (2733.1, 278.8), (2769.6, 318.5), (2809.6, 348.9), (2849.6, 285.1), (2889.6, 278.8), (2929.6, 318.5), (2969.6, 348.9), (3009.6, 285.1), (3049.6, 241.8), (3089.6, 221.0), (3129.6, 225.2), (3169.6, 263.8), (3209.6, 333.1), (3249.6, 331.0), (3280.1, 272.3), (3285.6, 234.4), (3299.1, 219.4), (3320.6, 231.5), (3350.5, 261.4), (3389.8, 195.1), (3429.8, 149.2), (3469.8, 125.4), (3509.8, 126.0), (3549.8, 160.1), (3589.8, 227.0), (3629.8, 300.4), (3664.0, 368.0), (3664.4, 299.1), (3670.9, 250.6), (3685.4, 224.0), (3707.9, 221.1), (3738.4, 250.8), (3776.5, 314.8), (3816.5, 348.9), (3856.5, 285.1), (3859.5, 241.8), (3871.0, 221.0), (3890.5, 225.2), (3918.0, 263.8), (3955.8, 209.8), (3995.8, 158.7), (4035.8, 129.2), (4075.8, 123.0), (4115.8, 148.3), (4155.8, 208.7), (4195.8, 282.0), (4235.8, 316.9), (4242.6, 253.1), (4253.1, 209.8), (4271.6, 189.0), (4298.1, 193.2), (4332.6, 231.8), (4372.5, 186.5), (4412.5, 132.9), (4452.5, 100.5), (4492.5, 91.2), (4532.5, 112.0), (4572.5, 168.4), (4612.5, 241.8), (4624.1, 315.1), (4630.4, 348.9), (4646.9, 305.1), (4671.4, 330.4), (4704.6, 348.9), (4744.6, 305.1), (4784.6, 330.4), (4824.6, 348.9), (4864.6, 285.1), (4904.6, 241.8), (4944.6, 221.0), (4984.6, 202.0), (5024.6, 138.2), (5064.6, 94.9), (5104.6, 82.8), (5144.6, 114.5), (5184.6, 179.9), (5224.6, 253.3), (5264.6, 218.1), (5304.6, 164.5), (5344.6, 132.1), (5384.6, 122.8), (5424.6, 143.7), (5464.6, 200.0), (5488.8, 146.6), (5488.8, 95.6), (5488.8, 84.8), (5488.8, 121.0), (5488.8, 189.1), (5488.0, 153.9), (5488.0, 100.3), (5488.0, 82.8), (5488.0, 114.5), (5488.0, 179.9), (5488.0, 162.0), (5488.0, 105.9), (5488.0, 81.3), (5488.0, 108.6), (5488.0, 170.8), (5488.4, 170.5), (5488.4, 111.8), (5488.4, 80.4), (5488.4, 103.2), (5488.4, 161.6), (5488.4, 179.2), (5488.4, 118.0), (5488.4, 80.0), (5488.4, 98.4), (5488.4, 152.4), (5488.0, 188.3), (5488.0, 124.6), (5488.0, 81.3), (5488.0, 94.2), (5488.0, 143.8), (5488.0, 197.7), (5488.0, 131.4), (5488.0, 85.5), (5488.0, 90.5), (5488.0, 135.6), (5488.0, 207.4), (5488.4, 138.6), (5488.4, 90.1)]",0,27.48
novice,mario,Mario1-2,Pit,1,0,226.76,0.466,"[(112.0, 208.0), (116.5, 226.4), (129.0, 280.4), (149.5, 353.8), (180.2, 314.5), (219.0, 260.9), (259.0, 228.5), (299.0, 219.2), (339.0, 240.0), (379.0, 171.2), (419.0, 122.7), (459.0, 96.1), (499.0, 93.1), (539.0, 122.8), (579.0, 186.8), (619.0, 260.1), (659.0, 275.8), (699.0, 214.6), (739.0, 173.9), (779.0, 156.0), (819.0, 164.1), (859.0, 207.1), (899.0, 203.0), (939.0, 144.3), (979.0, 106.4), (1019.0, 91.4), (1059.0, 103.5), (1099.0, 151.0), (1139.0, 223.4), (1179.0, 296.8), (1219.0, 340.8), (1259.0, 311.6), (1299.0, 305.7), (1339.0, 331.3), (1379.0, 348.9), (1419.0, 285.1), (1424.4, 241.8), (1424.4, 254.2), (1424.4, 303.8), (1430.9, 368.0), (1445.5, 304.0), (1456.4, 320.9), (1471.2, 368.0), (1497.0, 304.0), (1530.9, 320.9), (1570.6, 345.1), (1610.6, 315.8), (1650.6, 309.9), (1690.6, 335.5), (1712.2, 329.6), (1712.8, 309.1), (1712.8, 313.6), (1712.8, 352.5), (1721.1, 368.3), (1757.1, 368.0), (1797.1, 368.0), (1837.1, 322.6), (1877.1, 310.7), (1917.1, 348.7), (1957.1, 322.6), (1997.1, 310.7), (2037.1, 348.7), (2077.1, 322.6), (2117.1, 266.4), (2128.1, 231.3), (2128.1, 219.1), (2128.1, 235.5), (2128.1, 287.4), (2133.6, 360.6), (2148.6, 306.6), (2161.4, 317.0), (2175.2, 363.8), (2199.7, 306.6), (2228.5, 317.0), (2264.6, 363.8), (2304.6, 306.6), (2344.6, 317.0), (2384.6, 363.8), (2424.6, 306.6), (2464.6, 317.0), (2504.6, 363.8), (2544.6, 306.6), (2584.6, 317.0), (2624.6, 363.8), (2640.0, 436.0)]",0,11.2
novice,mario,Mario1-2,Pit,1,0,246.44,0.907,"[(112.0, 208.0), (116.5, 226.4), (129.0, 280.4), (149.5, 353.8), (180.2, 314.5), (219.0, 260.9), (259.0, 228.5), (299.0, 219.2), (339.0, 240.0), (379.0, 171.2), (419.0, 122.7), (459.0, 96.1), (499.0, 93.1), (539.0, 122.8), (579.0, 186.8), (619.0, 260.1), (659.0, 275.8), (699.0, 214.6), (739.0, 173.9), (779.0, 156.0), (819.0, 164.1), (859.0, 207.1), (899.0, 203.0), (939.0, 144.3), (979.0, 106.4), (1019.0, 91.4), (1059.0, 103.5), (1099.0, 151.0), (1139.0, 223.4), (1179.0, 296.8), (1219.0, 340.8), (1259.0, 311.6), (1299.0, 305.7), (1339.0, 331.3), (1379.0, 348.9), (1419.0, 285.1), (1424.4, 241.8), (1424.4, 254.2), (1424.4, 303.8), (1430.9, 368.0), (1448.4, 304.0), (1473.9, 320.9), (1507.4, 368.0), (1547.4, 304.0), (1587.4, 320.9), (1627.4, 358.1), (1667.4, 326.0), (1707.4, 317.0), (1712.4, 338.1), (1716.9, 368.0), (1748.6, 368.3), (1788.6, 368.0), (1828.6, 339.8), (1868.6, 306.5), (1908.6, 335.9), (1948.6, 331.4), (1988.6, 310.8), (2028.6, 315.3), (2068.6, 354.2), (2108.6, 314.5), (2128.8, 260.9), (2128.8, 228.5), (2128.8, 219.2), (2128.8, 240.0), (2128.8, 296.4), (2131.5, 368.0), (2146.0, 304.0), (2168.5, 320.9), (2199.0, 368.0), (2238.6, 304.0), (2278.6, 320.9), (2318.6, 368.0), (2358.6, 304.0), (2398.6, 320.9), (2438.6, 368.0), (2478.6, 304.0), (2518.6, 320.9), (2558.6, 368.0), (2598.6, 299.1), (2638.6, 250.6), (2672.0, 224.0), (2672.4, 221.1), (2672.4, 250.8), (2674.6, 314.8), (2685.9, 348.9), (2707.4, 285.1), (2736.9, 278.8), (2774.2, 318.5), (2814.2, 348.9), (2854.2, 285.1), (2894.2, 278.8), (2934.2, 318.5), (2974.2, 348.9), (3014.2, 285.1), (3054.2, 241.8), (3094.2, 221.0), (3134.2, 225.2), (3174.2, 263.8), (3214.2, 333.1), (3254.2, 331.0), (3280.4, 272.3), (3286.9, 234.4), (3301.4, 219.4), (3323.9, 231.5), (3354.8, 261.4), (3394.4, 195.1), (3434.4, 149.2), (3474.4, 125.4), (3514.4, 126.0), (3554.4, 160.1), (3594.4, 227.0), (3634.4, 300.4), (3664.1, 368.0), (3664.0, 299.1), (3668.5, 250.6), (3681.0, 224.0), (3701.5, 221.1), (3730.0, 250.8), (3766.5, 314.8), (3806.5, 348.9), (3846.5, 285.1), (3886.5, 241.8), (3926.5, 221.0), (3966.5, 225.2), (4006.5, 263.8), (4046.5, 333.1), (4086.5, 331.0), (4126.5, 272.3), (4166.5, 234.4), (4206.5, 219.4), (4246.5, 231.5), (4286.5, 261.4), (4326.5, 195.1), (4366.5, 149.2), (4406.5, 125.4), (4446.5, 126.0), (4486.5, 160.1), (4526.5, 227.0), (4566.5, 220.0), (4606.5, 161.3), (4646.5, 123.4), (4686.5, 108.4), (4726.5, 120.5), (4766.5, 168.0), (4806.5, 240.4), (4846.5, 171.6), (4886.5, 123.1), (4926.5, 96.4), (4966.5, 93.5), (5006.5, 123.2), (5046.5, 187.2), (5086.5, 260.5), (5126.5, 333.9), (5136.1, 407.2)]",0,20.45
novice,mario,Mario1-2,Enemy,1,0,222.89,0.342,"[(112.0, 208.0), (116.5, 226.4), (129.0, 280.4), (149.5, 353.8), (180.2, 314.5), (219.0, 260.9), (259.0, 228.5), (299.0, 219.2), (339.0, 240.0), (379.0, 171.2), (419.0, 122.7), (459.0, 96.1), (499.0, 93.1), (539.0, 122.8), (579.0, 186.8), (619.0, 260.1), (659.0, 275.8), (699.0, 214.6), (739.0, 173.9), (779.0, 156.0), (819.0, 164.1), (859.0, 207.1), (899.0, 203.0), (939.0, 144.3), (979.0, 106.4), (1019.0, 91.4), (1059.0, 103.5), (1099.0, 151.0), (1139.0, 223.4), (1179.0, 296.8), (1219.0, 340.8), (1259.0, 311.6), (1299.0, 305.7), (1339.0, 331.3), (1379.0, 348.9), (1419.0, 285.1), (1424.4, 241.8), (1424.4, 254.2), (1424.4, 303.8), (1430.9, 368.0), (1445.5, 304.0), (1461.6, 320.9), (1485.8, 368.0), (1521.0, 304.0), (1560.9, 320.9), (1600.9, 368.0), (1640.9, 299.1), (1648.1, 250.6), (1648.9, 224.0), (1648.4, 221.1), (1648.4, 250.8), (1648.4, 314.8), (1654.9, 331.0), (1669.4, 307.6), (1691.9, 308.4), (1712.4, 342.9), (1718.4, 368.0), (1752.1, 368.0), (1792.1, 368.3), (1832.1, 331.0), (1872.1, 308.3), (1912.1, 342.1)]",0,8.23
novice,mario,Mario1-2,Stuck,1,0,198.12,0.969,"[(112.0, 208.0), (116.5, 226.4), (129.0, 280.4), (149.5, 353.8), (180.2, 314.5), (219.0, 260.9), (259.0, 228.5), (299.0, 219.2), (339.0, 240.0), (379.0, 171.2), (419.0, 122.7), (459.0, 96.1), (499.0, 93.1), (539.0, 122.8), (579.0, 186.8), (619.0, 260.1), (659.0, 275.8), (699.0, 214.6), (739.0, 173.9), (779.0, 156.0), (819.0, 164.1), (859.0, 207.1), (899.0, 203.0), (939.0, 144.3), (979.0, 106.4), (1019.0, 91.4), (1059.0, 103.5), (1099.0, 151.0), (1139.0, 223.4), (1179.0, 296.8), (1219.0, 340.8), (1259.0, 311.6), (1299.0, 305.7), (1339.0, 331.3), (1379.0, 348.9), (1419.0, 285.1), (1424.4, 241.8), (1424.4, 254.2), (1424.4, 303.8), (1430.9, 368.0), (1448.4, 304.0), (1473.9, 320.9), (1507.4, 368.0), (1547.4, 304.0), (1587.4, 320.9), (1627.4, 358.1), (1667.4, 326.0), (1707.4, 317.0), (1712.4, 338.1), (1716.9, 368.0), (1748.6, 368.3), (1788.6, 368.0), (1828.6, 339.8), (1868.6, 306.5), (1908.6, 335.9), (1948.6, 331.4), (1988.6, 310.8), (2028.6, 315.3), (2068.6, 354.2), (2108.6, 314.5), (2128.8, 260.9), (2128.8, 228.5), (2128.8, 219.2), (2128.8, 240.0), (2128.8, 296.4), (2131.5, 368.0), (2146.0, 304.0), (2168.5, 320.9), (2199.0, 368.0), (2238.6, 304.0), (2278.6, 320.9), (2318.6, 368.0), (2358.6, 304.0), (2398.6, 320.9), (2438.6, 368.0), (2478.6, 304.0), (2518.6, 320.9), (2558.6, 368.0), (2598.6, 299.1), (2638.6, 250.6), (2672.1, 224.0), (2672.1, 221.1), (2672.1, 250.8), (2673.9, 314.8), (2684.1, 348.9), (2704.6, 285.1), (2733.1, 278.8), (2769.6, 318.5), (2809.6, 348.9), (2849.6, 285.1), (2889.6, 278.8), (2929.6, 318.5), (2969.6, 348.9), (3009.6, 285.1), (3049.6, 241.8), (3089.6, 221.0), (3129.6, 225.2), (3169.6, 263.8), (3209.6, 333.1), (3249.6, 331.0), (3280.1, 272.3), (3285.6, 234.4), (3299.1, 219.4), (3320.6, 231.5), (3350.5, 261.4), (3389.8, 195.1), (3429.8, 149.2), (3469.8, 125.4), (3509.8, 126.0), (3549.8, 160.1), (3589.8, 227.0), (3629.8, 300.4), (3664.0, 368.0), (3664.4, 299.1), (3670.9, 250.6), (3685.4, 224.0), (3707.9, 221.1), (3738.4, 250.8), (3776.5, 314.8), (3816.5, 348.9), (3856.5, 285.1), (3859.5, 241.8), (3871.0, 221.0), (3890.5, 225.2), (3918.0, 263.8), (3955.8, 209.8), (3995.8, 158.7), (4035.8, 129.2), (4075.8, 123.0), (4115.8, 148.3), (4155.8, 208.7), (4195.8, 282.0), (4235.8, 316.9), (4242.6, 253.1), (4253.1, 209.8), (4271.6, 189.0), (4298.1, 193.2), (4332.6, 231.8), (4372.5, 186.5), (4412.5, 132.9), (4452.5, 100.5), (4492.5, 91.2), (4532.5, 112.0), (4572.5, 168.4), (4612.5, 241.8), (4624.1, 315.1), (4630.4, 348.9), (4646.9, 305.1), (4671.4, 330.4), (4704.6, 348.9), (4744.6, 305.1), (4784.6, 330.4), (4824.6, 348.9), (4864.6, 285.1), (4904.6, 241.8), (4944.6, 221.0), (4984.6, 202.0), (5024.6, 138.2), (5064.6, 94.9), (5104.6, 82.8), (5144.6, 114.5), (5184.6, 179.9), (5224.6, 253.3), (5264.6, 218.1), (5304.6, 164.5), (5344.6, 132.1), (5384.6, 122.8), (5424.6, 143.7), (5464.6, 200.0), (5488.8, 146.6), (5488.8, 95.6), (5488.8, 84.8), (5488.8, 121.0), (5488.8, 189.1), (5488.0, 153.9), (5488.0, 100.3), (5488.0, 82.8), (5488.0, 114.5), (5488.0, 179.9), (5488.0, 162.0), (5488.0, 105.9), (5488.0, 81.3), (5488.0, 108.6), (5488.0, 170.8), (5488.4, 170.5), (5488.4, 111.8), (5488.4, 80.4), (5488.4, 103.2), (5488.4, 161.6), (5488.4, 179.2), (5488.4, 118.0), (5488.4, 80.0), (5488.4, 98.4), (5488.4, 152.4), (5488.0, 188.3), (5488.0, 124.6), (5488.0, 81.3), (5488.0, 94.2), (5488.0, 143.8), (5488.0, 197.7), (5488.0, 131.4), (5488.0, 85.5), (5488.0, 90.5), (5488.0, 135.6), (5488.0, 207.4), (5488.4, 138.6), (5488.4, 90.1)]",0,27.48
novice,mario,Mario1-2,Stuck,1,2,5.4,0.03,"[(112.0, 208.0), (112.0, 226.4), (113.2, 280.4), (121.8, 353.8), (140.5, 314.5), (168.0, 260.9), (203.5, 228.5), (242.5, 219.2), (277.4, 240.0), (304.4, 296.4), (304.7, 368.0), (303.0, 299.4), (299.0, 251.2), (288.9, 224.9), (270.7, 222.3), (244.5, 252.3), (214.1, 316.4), (191.8, 348.9), (177.6, 285.1), (168.5, 241.8), (164.6, 221.0), (164.3, 225.2), (164.3, 263.8), (167.8, 333.1), (180.8, 331.0), (203.3, 272.3), (231.3, 234.4), (253.9, 219.4), (272.1, 231.5), (291.3, 279.0), (318.4, 351.4), (345.9, 316.4), (368.3, 304.5), (386.3, 321.2), (400.3, 368.0), (415.5, 304.0), (423.8, 320.9), (427.7, 368.0), (424.2, 304.0), (416.8, 320.9), (413.6, 368.0), (410.1, 304.0), (402.7, 320.9), (399.5, 368.0), (396.0, 304.0), (388.6, 320.9), (385.4, 368.0), (381.9, 304.0), (374.5, 320.9), (371.3, 368.0), (367.8, 304.0), (360.4, 320.9), (357.3, 368.0), (353.8, 304.0), (346.3, 320.9), (343.2, 368.0), (339.7, 304.0), (332.3, 320.9), (329.1, 368.0), (325.6, 304.0), (318.2, 320.9), (315.0, 368.0), (311.5, 304.0), (304.1, 320.9), (300.9, 368.0), (299.7, 299.4), (294.1, 251.2), (282.3, 224.9), (262.4, 222.3), (234.6, 252.3), (206.6, 316.4), (187.2, 348.9), (176.1, 285.1), (170.0, 241.8), (168.9, 221.0)]",0,9.92
