persona,game,world,cause_of_death,jump_count,coins_collected,avg_vx,progress_ratio,route,enemies_killed,elapsed_time
speedrunner,meatboy,5,Stuck,0,0,0.0,0.06,"[(73.0, 525.0), (73.0, 531.3), (73.0, 531.0), (73.0, 531.9), (73.0, 531.3), (73.0, 531.0), (73.0, 531.9), (73.0, 531.3), (73.0, 531.0), (73.0, 531.9), (73.0, 531.3), (73.0, 531.0), (73.0, 531.9), (73.0, 531.3), (73.0, 531.0), (73.0, 531.9), (73.0, 531.3), (73.0, 531.0), (73.0, 531.9), (73.0, 531.3), (73.0, 531.0), (73.0, 531.9), (73.0, 531.3), (73.0, 531.0), (73.0, 531.9), (73.0, 531.3), (73.0, 531.0), (73.0, 531.9), (73.0, 531.3), (73.0, 531.0), (73.0, 531.9), (73.0, 531.3), (73.0, 531.0), (73.0, 531.9), (73.0, 531.3), (73.0, 531.0), (73.0, 531.9), (73.0, 531.3)]",0,5.02
speedrunner,meatboy,5,Stuck,1,0,0.0,0.06,"[(73.0, 525.0), (73.0, 531.3), (73.0, 531.0), (73.0, 531.9), (73.0, 531.3), (73.0, 531.0), (73.0, 531.9), (73.0, 531.3), (73.0, 531.0), (73.0, 531.9), (73.0, 531.3), (73.0, 531.0), (73.0, 531.9), (73.0, 531.3), (73.0, 531.0), (73.0, 531.9), (73.0, 531.3), (73.0, 531.0), (73.0, 531.9), (73.0, 531.3), (73.0, 531.0), (73.0, 531.9), (73.0, 531.3), (73.0, 531.0), (73.0, 531.9), (73.0, 531.3), (73.0, 531.0), (73.0, 531.9), (73.0, 531.3), (73.0, 531.0), (73.0, 531.9), (73.0, 531.3), (73.0, 531.0), (73.0, 531.9), (73.0, 531.3), (73.0, 531.0), (73.0, 531.9), (73.0, 531.3)]",0,5.02
speedrunner,meatboy,5,Pit,2,0,-564.42,0.0,"[(73.0, 525.0), (32.0, 531.3), (-36.0, 516.2), (-116.0, 467.5), (-196.0, 437.6), (-276.0, 426.6), (-356.0, 434.5), (-436.0, 461.2), (-516.0, 506.7), (-596.0, 571.1), (-676.0, 654.3)]",0,1.43
speedrunner,meatboy,5,Pit,1,0,-140.0,0.0,"[(73.0, 525.0), (25.7, 531.3), (-54.3, 537.2), (-133.0, 561.9), (-154.3, 605.5), (-94.3, 667.9)]",0,0.77
speedrunner,meatboy,5,Saw,0,0,538.75,0.296,"[(73.0, 525.0), (120.3, 531.3), (200.3, 531.0), (280.3, 531.9), (360.3, 531.3)]",0,0.53
speedrunner,meatboy,5,Stuck,0,0,6.78,0.088,"[(73.0, 525.0), (104.1, 531.3), (107.6, 531.0), (107.6, 531.9), (107.6, 531.3), (107.6, 531.0), (107.6, 531.9), (107.6, 531.3), (107.6, 531.0), (107.6, 531.9), (107.6, 531.3), (107.6, 531.0), (107.6, 531.9), (107.6, 531.3), (107.6, 531.0), (107.6, 531.9), (107.6, 531.3), (107.6, 531.0), (107.6, 531.9), (107.6, 531.3), (107.6, 531.0), (107.6, 531.9), (107.6, 531.3), (107.6, 531.0), (107.6, 531.9), (107.6, 531.3), (107.6, 531.0), (107.6, 531.9), (107.6, 531.3), (107.6, 531.0), (107.6, 531.9), (107.6, 531.3), (107.6, 531.0), (107.6, 531.9), (107.6, 531.3), (107.6, 531.0), (107.6, 531.9), (107.6, 531.3), (107.6, 531.0)]",0,5.1
speedrunner,meatboy,5,Pit,2,0,-557.39,0.0,"[(73.0, 525.0), (25.7, 531.3), (-54.3, 537.2), (-134.3, 561.9), (-214.3, 605.5), (-294.3, 667.9)]",0,0.77
speedrunner,meatboy,5,Pit,2,0,-576.67,0.0,"[(73.0, 525.0), (25.7, 531.3), (-54.3, 502.8), (-134.3, 458.9), (-214.3, 433.7), (-294.3, 427.4), (-374.3, 440.0), (-454.3, 471.4), (-534.3, 521.6), (-614.3, 590.7), (-694.3, 678.7)]",0,1.4
speedrunner,meatboy,5,Stuck,0,0,0.0,0.06,"[(73.0, 525.0), (73.0, 531.3), (73.0, 531.0), (73.0, 531.9), (73.0, 531.3), (73.0, 531.0), (73.0, 531.9), (73.0, 531.3), (73.0, 531.0), (73.0, 531.9), (73.0, 531.3), (73.0, 531.0), (73.0, 531.9), (73.0, 531.3), (73.0, 531.0), (73.0, 531.9), (73.0, 531.3), (73.0, 531.0), (73.0, 531.9), (73.0, 531.3), (73.0, 531.0), (73.0, 531.9), (73.0, 531.3), (73.0, 531.0), (73.0, 531.9), (73.0, 531.3), (73.0, 531.0), (73.0, 531.9), (73.0, 531.3), (73.0, 531.0), (73.0, 531.9), (73.0, 531.3), (73.0, 531.0), (73.0, 531.9), (73.0, 531.3), (73.0, 531.0), (73.0, 531.9), (73.0, 531.3)]",0,5.02
speedrunner,meatboy,5,Saw,1,0,538.75,0.296,"[(73.0, 525.0), (120.3, 531.3), (200.3, 531.0), (280.3, 531.9), (360.3, 531.3)]",0,0.53
speedrunner,meatboy,5,Saw,1,0,538.75,0.296,"[(73.0, 525.0), (120.3, 531.3), (200.3, 531.0), (280.3, 531.9), (360.3, 531.3)]",0,0.53
speedrunner,meatboy,5,Saw,0,0,538.75,0.296,"[(73.0, 525.0), (120.3, 531.3), (200.3, 531.0), (280.3, 531.9), (360.3, 531.3)]",0,0.53
speedrunner,meatboy,5,Stuck,0,0,6.78,0.088,"[(73.0, 525.0), (104.1, 531.3), (107.6, 531.0), (107.6, 531.9), (107.6, 531.3), (107.6, 531.0), (107.6, 531.9), (107.6, 531.3), (107.6, 531.0), (107.6, 531.9), (107.6, 531.3), (107.6, 531.0), (107.6, 531.9), (107.6, 531.3), (107.6, 531.0), (107.6, 531.9), (107.6, 531.3), (107.6, 531.0), (107.6, 531.9), (107.6, 531.3), (107.6, 531.0), (107.6, 531.9), (107.6, 531.3), (107.6, 531.0), (107.6, 531.9), (107.6, 531.3), (107.6, 531.0), (107.6, 531.9), (107.6, 531.3), (107.6, 531.0), (107.6, 531.9), (107.6, 531.3), (107.6, 531.0), (107.6, 531.9), (107.6, 531.3), (107.6, 531.0), (107.6, 531.9), (107.6, 531.3), (107.6, 531.0)]",0,5.1
speedrunner,meatboy,5,Stuck,0,0,0.0,0.06,"[(73.0, 525.0), (73.0, 531.3), (73.0, 531.0), (73.0, 531.9), (73.0, 531.3), (73.0, 531.0), (73.0, 531.9), (73.0, 531.3), (73.0, 531.0), (73.0, 531.9), (73.0, 531.3), (73.0, 531.0), (73.0, 531.9), (73.0, 531.3), (73.0, 531.0), (73.0, 531.9), (73.0, 531.3), (73.0, 531.0), (73.0, 531.9), (73.0, 531.3), (73.0, 531.0), (73.0, 531.9), (73.0, 531.3), (73.0, 531.0), (73.0, 531.9), (73.0, 531.3), (73.0, 531.0), (73.0, 531.9), (73.0, 531.3), (73.0, 531.0), (73.0, 531.9), (73.0, 531.3), (73.0, 531.0), (73.0, 531.9), (73.0, 531.3), (73.0, 531.0), (73.0, 531.9), (73.0, 531.3)]",0,5.02
speedrunner,meatboy,5,Saw,1,0,538.75,0.296,"[(73.0, 525.0), (120.3, 531.3), (200.3, 531.0), (280.3, 531.9), (360.3, 531.3)]",0,0.53
speedrunner,meatboy,5,Stuck,16,0,83.3,0.466,"[(73.0, 525.0), (120.3, 516.1), (200.3, 467.4), (280.3, 437.5), (360.3, 426.5), (440.3, 434.4), (520.3, 461.1), (567.0, 502.2), (567.0, 522.1), (567.0, 515.0), (567.0, 526.8), (567.0, 515.2), (567.0, 517.6), (567.0, 521.8), (567.0, 514.8), (567.0, 526.6), (567.0, 515.2), (567.0, 517.6), (567.0, 521.8), (567.0, 514.8), (567.0, 526.6), (567.0, 515.2), (567.0, 517.6), (567.0, 521.8), (567.0, 514.8), (567.0, 526.6), (567.0, 515.2), (567.0, 517.6), (567.0, 521.8), (567.0, 514.8), (567.0, 526.6), (567.0, 515.2), (567.0, 517.6), (567.0, 521.8), (567.0, 514.8), (567.0, 526.6), (567.0, 515.2), (567.0, 517.6), (567.0, 521.8), (567.0, 514.8), (567.0, 526.6), (567.0, 515.2), (567.0, 517.6), (567.0, 521.8)]",0,5.85
speedrunner,meatboy,5,Saw,0,0,538.75,0.296,"[(73.0, 525.0), (120.3, 531.3), (200.3, 531.0), (280.3, 531.9), (360.3, 531.3)]",0,0.53
speedrunner,meatboy,5,Pit,3,0,-17.74,0.048,"[(73.0, 525.0), (29.7, 531.3), (-36.7, 537.2), (-26.0, 561.9), (-9.0, 600.9), (-9.0, 640.5), (11.0, 684.6)]",0,0.88
speedrunner,meatboy,5,Saw,1,0,538.75,0.296,"[(73.0, 525.0), (120.3, 531.3), (200.3, 531.0), (280.3, 531.9), (360.3, 531.3)]",0,0.53
speedrunner,meatboy,5,Saw,1,0,538.75,0.296,"[(73.0, 525.0), (120.3, 531.3), (200.3, 531.0), (280.3, 531.9), (360.3, 531.3)]",0,0.53
speedrunner,meatboy,5,Stuck,16,0,83.3,0.466,"[(73.0, 525.0), (120.3, 516.1), (200.3, 467.4), (280.3, 437.5), (360.3, 426.5), (440.3, 434.4), (520.3, 461.1), (567.0, 502.2), (567.0, 522.1), (567.0, 515.0), (567.0, 526.8), (567.0, 515.2), (567.0, 517.6), (567.0, 521.8), (567.0, 514.8), (567.0, 526.6), (567.0, 515.2), (567.0, 517.6), (567.0, 521.8), (567.0, 514.8), (567.0, 526.6), (567.0, 515.2), (567.0, 517.6), (567.0, 521.8), (567.0, 514.8), (567.0, 526.6), (567.0, 515.2), (567.0, 517.6), (567.0, 521.8), (567.0, 514.8), (567.0, 526.6), (567.0, 515.2), (567.0, 517.6), (567.0, 521.8), (567.0, 514.8), (567.0, 526.6), (567.0, 515.2), (567.0, 517.6), (567.0, 521.8), (567.0, 514.8), (567.0, 526.6), (567.0, 515.2), (567.0, 517.6), (567.0, 521.8)]",0,5.85
speedrunner,meatboy,5,Saw,1,0,538.75,0.296,"[(73.0, 525.0), (120.3, 531.3), (200.3, 531.0), (280.3, 531.9), (360.3, 531.3)]",0,0.53
speedrunner,meatboy,5,Saw,1,0,538.75,0.296,"[(73.0, 525.0), (120.3, 531.3), (200.3, 531.0), (280.3, 531.9), (360.3, 531.3)]",0,0.53
speedrunner,meatboy,5,Saw,0,0,538.75,0.296,"[(73.0, 525.0), (120.3, 531.3), (200.3, 531.0), (280.3, 531.9), (360.3, 531.3)]",0,0.53
speedrunner,meatboy,5,Saw,0,0,538.75,0.296,"[(73.0, 525.0), (120.3, 531.3), (200.3, 531.0), (280.3, 531.9), (360.3, 531.3)]",0,0.53
speedrunner,meatboy,5,Saw,2,0,538.75,0.296,"[(73.0, 525.0), (120.3, 521.3), (200.3, 514.2), (280.3, 526.0), (360.3, 531.9)]",0,0.53
speedrunner,meatboy,5,Saw,1,0,538.75,0.296,"[(73.0, 525.0), (120.3, 531.3), (200.3, 531.0), (280.3, 531.9), (360.3, 531.3)]",0,0.53
speedrunner,meatboy,5,Saw,1,0,538.75,0.296,"[(73.0, 525.0), (120.3, 531.3), (200.3, 531.0), (280.3, 531.9), (360.3, 531.3)]",0,0.53
speedrunner,meatboy,5,Saw,2,0,538.75,0.296,"[(73.0, 525.0), (120.3, 521.3), (200.3, 514.2), (280.3, 526.0), (360.3, 531.9)]",0,0.53
speedrunner,meatboy,5,Saw,2,0,538.75,0.296,"[(73.0, 525.0), (120.3, 521.3), (200.3, 514.2), (280.3, 526.0), (360.3, 531.9)]",0,0.53
speedrunner,meatboy,5,Stuck,16,0,83.3,0.466,"[(73.0, 525.0), (120.3, 516.1), (200.3, 467.4), (280.3, 437.5), (360.3, 426.5), (440.3, 434.4), (520.3, 461.1), (567.0, 502.2), (567.0, 522.1), (567.0, 515.0), (567.0, 526.8), (567.0, 515.2), (567.0, 517.6), (567.0, 521.8), (567.0, 514.8), (567.0, 526.6), (567.0, 515.2), (567.0, 517.6), (567.0, 521.8), (567.0, 514.8), (567.0, 526.6), (567.0, 515.2), (567.0, 517.6), (567.0, 521.8), (567.0, 514.8), (567.0, 526.6), (567.0, 515.2), (567.0, 517.6), (567.0, 521.8), (567.0, 514.8), (567.0, 526.6), (567.0, 515.2), (567.0, 517.6), (567.0, 521.8), (567.0, 514.8), (567.0, 526.6), (567.0, 515.2), (567.0, 517.6), (567.0, 521.8), (567.0, 514.8), (567.0, 526.6), (567.0, 515.2), (567.0, 517.6), (567.0, 521.8)]",0,5.85
speedrunner,meatboy,5,Saw,2,0,538.75,0.296,"[(73.0, 525.0), (120.3, 521.3), (200.3, 514.2), (280.3, 526.0), (360.3, 531.9)]",0,0.53
speedrunner,meatboy,5,Saw,2,0,538.75,0.296,"[(73.0, 525.0), (120.3, 521.3), (200.3, 514.2), (280.3, 526.0), (360.3, 531.9)]",0,0.53
speedrunner,meatboy,5,Saw,1,0,538.75,0.296,"[(73.0, 525.0), (120.3, 531.3), (200.3, 531.0), (280.3, 531.9), (360.3, 531.3)]",0,0.53
speedrunner,meatboy,5,Saw,1,0,538.75,0.296,"[(73.0, 525.0), (120.3, 531.3), (200.3, 531.0), (280.3, 531.9), (360.3, 531.3)]",0,0.53
speedrunner,meatboy,5,Saw,1,0,538.75,0.296,"[(73.0, 525.0), (120.3, 531.3), (200.3, 531.0), (280.3, 531.9), (360.3, 531.3)]",0,0.53
speedrunner,meatboy,5,Saw,2,0,542.35,0.313,"[(73.0, 525.0), (120.3, 521.3), (200.3, 514.2), (280.3, 526.0), (360.3, 490.1)]",0,0.57
speedrunner,meatboy,5,Saw,2,0,538.75,0.296,"[(73.0, 525.0), (120.3, 521.3), (200.3, 514.2), (280.3, 526.0), (360.3, 516.1)]",0,0.53
speedrunner,meatboy,5,Saw,1,0,538.75,0.296,"[(73.0, 525.0), (120.3, 531.3), (200.3, 531.0), (280.3, 531.9), (360.3, 531.3)]",0,0.53
speedrunner,meatboy,5,Saw,0,0,538.75,0.296,"[(73.0, 525.0), (120.3, 531.3), (200.3, 531.0), (280.3, 531.9), (360.3, 531.3)]",0,0.53
speedrunner,meatboy,5,Stuck,16,0,83.3,0.466,"[(73.0, 525.0), (120.3, 516.1), (200.3, 467.4), (280.3, 437.5), (360.3, 426.5), (440.3, 434.4), (520.3, 461.1), (567.0, 502.2), (567.0, 522.1), (567.0, 515.0), (567.0, 526.8), (567.0, 515.2), (567.0, 517.6), (567.0, 521.8), (567.0, 514.8), (567.0, 526.6), (567.0, 515.2), (567.0, 517.6), (567.0, 521.8), (567.0, 514.8), (567.0, 526.6), (567.0, 515.2), (567.0, 517.6), (567.0, 521.8), (567.0, 514.8), (567.0, 526.6), (567.0, 515.2), (567.0, 517.6), (567.0, 521.8), (567.0, 514.8), (567.0, 526.6), (567.0, 515.2), (567.0, 517.6), (567.0, 521.8), (567.0, 514.8), (567.0, 526.6), (567.0, 515.2), (567.0, 517.6), (567.0, 521.8), (567.0, 514.8), (567.0, 526.6), (567.0, 515.2), (567.0, 517.6), (567.0, 521.8)]",0,5.85
speedrunner,meatboy,5,Saw,2,0,542.35,0.313,"[(73.0, 525.0), (120.3, 521.3), (200.3, 514.2), (280.3, 526.0), (360.3, 490.1)]",0,0.57
speedrunner,meatboy,5,Saw,0,0,538.75,0.296,"[(73.0, 525.0), (120.3, 531.3), (200.3, 531.0), (280.3, 531.9), (360.3, 531.3)]",0,0.53
speedrunner,meatboy,5,Saw,1,0,538.75,0.296,"[(73.0, 525.0), (120.3, 531.3), (200.3, 531.0), (280.3, 531.9), (360.3, 531.3)]",0,0.53
speedrunner,meatboy,5,Saw,2,0,542.35,0.313,"[(73.0, 525.0), (120.3, 531.3), (200.3, 531.0), (280.3, 531.9), (360.3, 496.3)]",0,0.57
speedrunner,meatboy,5,Saw,2,0,538.75,0.296,"[(73.0, 525.0), (120.3, 521.3), (200.3, 514.2), (280.3, 526.0), (360.3, 531.9)]",0,0.53
speedrunner,meatboy,5,Saw,2,0,538.75,0.296,"[(73.0, 525.0), (120.3, 521.3), (200.3, 514.2), (280.3, 526.0), (360.3, 531.9)]",0,0.53
speedrunner,meatboy,5,Saw,2,0,538.75,0.296,"[(73.0, 525.0), (120.3, 521.3), (200.3, 514.2), (280.3, 526.0), (360.3, 531.9)]",0,0.53
speedrunner,meatboy,5,Stuck,16,0,83.3,0.466,"[(73.0, 525.0), (120.3, 516.1), (200.3, 467.4), (280.3, 437.5), (360.3, 426.5), (440.3, 434.4), (520.3, 461.1), (567.0, 502.2), (567.0, 523.3), (567.0, 513.9), (567.0, 523.3), (567.0, 517.0), (567.0, 517.0), (567.0, 523.3), (567.0, 513.9), (567.0, 523.3), (567.0, 517.0), (567.0, 517.0), (567.0, 523.3), (567.0, 513.9), (567.0, 523.3), (567.0, 517.0), (567.0, 517.0), (567.0, 523.3), (567.0, 513.9), (567.0, 523.3), (567.0, 517.0), (567.0, 517.0), (567.0, 523.3), (567.0, 513.9), (567.0, 523.3), (567.0, 517.0), (567.0, 517.0), (567.0, 523.3), (567.0, 513.9), (567.0, 523.3), (567.0, 517.0), (567.0, 517.0), (567.0, 523.3), (567.0, 513.9), (567.0, 523.3), (567.0, 517.0), (567.0, 517.0), (567.0, 523.3)]",0,5.85
speedrunner,meatboy,5,Saw,2,0,538.75,0.296,"[(73.0, 525.0), (120.3, 521.3), (200.3, 514.2), (280.3, 526.0), (360.3, 531.9)]",0,0.53
speedrunner,meatboy,5,Stuck,16,0,83.3,0.466,"[(73.0, 525.0), (120.3, 516.1), (200.3, 467.4), (280.3, 437.5), (360.3, 426.5), (440.3, 434.4), (520.3, 461.1), (567.0, 502.2), (567.0, 523.3), (567.0, 513.9), (567.0, 523.3), (567.0, 517.0), (567.0, 517.0), (567.0, 523.3), (567.0, 513.9), (567.0, 523.3), (567.0, 517.0), (567.0, 517.0), (567.0, 523.3), (567.0, 513.9), (567.0, 523.3), (567.0, 517.0), (567.0, 517.0), (567.0, 523.3), (567.0, 513.9), (567.0, 523.3), (567.0, 517.0), (567.0, 517.0), (567.0, 523.3), (567.0, 513.9), (567.0, 523.3), (567.0, 517.0), (567.0, 517.0), (567.0, 523.3), (567.0, 513.9), (567.0, 523.3), (567.0, 517.0), (567.0, 517.0), (567.0, 523.3), (567.0, 513.9), (567.0, 523.3), (567.0, 517.0), (567.0, 517.0), (567.0, 523.3)]",0,5.85
speedrunner,meatboy,5,Stuck,16,0,83.3,0.466,"[(73.0, 525.0), (120.3, 516.1), (200.3, 467.4), (280.3, 437.5), (360.3, 426.5), (440.3, 434.4), (520.3, 461.1), (567.0, 502.2), (567.0, 522.1), (567.0, 515.0), (567.0, 526.8), (567.0, 515.2), (567.0, 517.6), (567.0, 521.8), (567.0, 514.8), (567.0, 526.6), (567.0, 515.2), (567.0, 517.6), (567.0, 521.8), (567.0, 514.8), (567.0, 526.6), (567.0, 515.2), (567.0, 517.6), (567.0, 521.8), (567.0, 514.8), (567.0, 526.6), (567.0, 515.2), (567.0, 517.6), (567.0, 521.8), (567.0, 514.8), (567.0, 526.6), (567.0, 515.2), (567.0, 517.6), (567.0, 521.8), (567.0, 514.8), (567.0, 526.6), (567.0, 515.2), (567.0, 517.6), (567.0, 521.8), (567.0, 514.8), (567.0, 526.6), (567.0, 515.2), (567.0, 517.6), (567.0, 521.8)]",0,5.85
speedrunner,meatboy,5,Saw,2,0,542.35,0.313,"[(73.0, 525.0), (120.3, 531.3), (200.3, 531.0), (280.3, 531.9), (360.3, 496.3)]",0,0.57
speedrunner,meatboy,5,Saw,2,0,542.35,0.313,"[(73.0, 525.0), (120.3, 521.3), (200.3, 514.2), (280.3, 526.0), (360.3, 490.1)]",0,0.57
speedrunner,meatboy,5,Saw,2,0,538.75,0.296,"[(73.0, 525.0), (120.3, 521.3), (200.3, 514.2), (280.3, 526.0), (360.3, 531.9)]",0,0.53
speedrunner,meatboy,5,Saw,0,0,538.75,0.296,"[(73.0, 525.0), (120.3, 531.3), (200.3, 531.0), (280.3, 531.9), (360.3, 531.3)]",0,0.53
speedrunner,meatboy,5,Saw,2,0,542.35,0.313,"[(73.0, 525.0), (120.3, 521.3), (200.3, 514.2), (280.3, 526.0), (360.3, 490.1)]",0,0.57
speedrunner,meatboy,5,Saw,1,0,538.75,0.296,"[(73.0, 525.0), (120.3, 531.3), (200.3, 519.2), (280.3, 514.5), (360.3, 528.6)]",0,0.53
speedrunner,meatboy,5,Stuck,16,0,83.3,0.466,"[(73.0, 525.0), (120.3, 516.1), (200.3, 467.4), (280.3, 437.5), (360.3, 426.5), (440.3, 434.4), (520.3, 461.1), (567.0, 502.2), (567.0, 523.3), (567.0, 513.9), (567.0, 523.3), (567.0, 517.6), (567.0, 515.2), (567.0, 531.7), (567.0, 514.5), (567.0, 519.2), (567.0, 521.1), (567.0, 514.0), (567.0, 525.8), (567.0, 516.2), (567.0, 516.3), (567.0, 531.0), (567.0, 514.0), (567.0, 521.1), (567.0, 519.2), (567.0, 514.5), (567.0, 528.6), (567.0, 515.2), (567.0, 517.6), (567.0, 523.3), (567.0, 513.9), (567.0, 523.3), (567.0, 517.6), (567.0, 515.2), (567.0, 531.7), (567.0, 514.5), (567.0, 519.2), (567.0, 521.1), (567.0, 514.0), (567.0, 525.8), (567.0, 516.2), (567.0, 516.3), (567.0, 531.0), (567.0, 514.0)]",0,5.85
speedrunner,meatboy,5,Stuck,1,0,10.77,0.106,"[(73.0, 525.0), (114.0, 531.3), (129.0, 531.0), (129.0, 531.9), (129.0, 531.3), (129.0, 531.0), (129.0, 531.9), (129.0, 531.3), (129.0, 531.0), (129.0, 531.9), (129.0, 531.3), (129.0, 531.0), (129.0, 531.9), (129.0, 531.3), (129.0, 531.0), (129.0, 531.9), (129.0, 531.3), (129.0, 531.0), (129.0, 531.9), (129.0, 531.3), (129.0, 531.0), (129.0, 531.9), (129.0, 531.3), (129.0, 531.0), (129.0, 531.9), (129.0, 531.3), (129.0, 531.0), (129.0, 531.9), (129.0, 531.3), (129.0, 531.0), (129.0, 531.9), (129.0, 531.3), (129.0, 531.0), (129.0, 531.9), (129.0, 531.3), (129.0, 531.0), (129.0, 531.9), (129.0, 531.3), (129.0, 531.0), (129.0, 531.9)]",0,5.2
speedrunner,meatboy,5,Stuck,16,0,83.3,0.466,"[(73.0, 525.0), (120.3, 516.1), (200.3, 467.4), (280.3, 437.5), (360.3, 426.5), (440.3, 434.4), (520.3, 461.1), (567.0, 502.2), (567.0, 523.3), (567.0, 513.9), (567.0, 523.3), (567.0, 517.6), (567.0, 515.2), (567.0, 531.7), (567.0, 514.5), (567.0, 519.2), (567.0, 521.1), (567.0, 514.0), (567.0, 525.8), (567.0, 516.2), (567.0, 516.3), (567.0, 531.0), (567.0, 514.0), (567.0, 521.1), (567.0, 519.2), (567.0, 514.5), (567.0, 528.6), (567.0, 515.2), (567.0, 517.6), (567.0, 523.3), (567.0, 513.9), (567.0, 523.3), (567.0, 517.6), (567.0, 515.2), (567.0, 531.7), (567.0, 514.5), (567.0, 519.2), (567.0, 521.1), (567.0, 514.0), (567.0, 525.8), (567.0, 516.2), (567.0, 516.3), (567.0, 531.0), (567.0, 514.0)]",0,5.85
speedrunner,meatboy,5,Stuck,16,0,83.3,0.466,"[(73.0, 525.0), (120.3, 516.1), (200.3, 467.4), (280.3, 437.5), (360.3, 426.5), (440.3, 434.4), (520.3, 461.1), (567.0, 502.2), (567.0, 522.1), (567.0, 515.0), (567.0, 526.8), (567.0, 515.2), (567.0, 517.6), (567.0, 521.8), (567.0, 514.8), (567.0, 526.6), (567.0, 515.2), (567.0, 517.6), (567.0, 521.8), (567.0, 514.8), (567.0, 526.6), (567.0, 515.2), (567.0, 517.6), (567.0, 521.8), (567.0, 514.8), (567.0, 526.6), (567.0, 515.2), (567.0, 517.6), (567.0, 521.8), (567.0, 514.8), (567.0, 526.6), (567.0, 515.2), (567.0, 517.6), (567.0, 521.8), (567.0, 514.8), (567.0, 526.6), (567.0, 515.2), (567.0, 517.6), (567.0, 521.8), (567.0, 514.8), (567.0, 526.6), (567.0, 515.2), (567.0, 517.6), (567.0, 521.8)]",0,5.85
speedrunner,meatboy,5,Stuck,16,0,83.3,0.466,"[(73.0, 525.0), (120.3, 516.1), (200.3, 467.4), (280.3, 437.5), (360.3, 426.5), (440.3, 434.4), (520.3, 461.1), (567.0, 502.2), (567.0, 523.3), (567.0, 513.9), (567.0, 523.3), (567.0, 517.0), (567.0, 517.0), (567.0, 523.3), (567.0, 513.9), (567.0, 523.3), (567.0, 517.0), (567.0, 517.0), (567.0, 523.3), (567.0, 513.9), (567.0, 523.3), (567.0, 517.0), (567.0, 517.0), (567.0, 523.3), (567.0, 513.9), (567.0, 523.3), (567.0, 517.0), (567.0, 517.0), (567.0, 523.3), (567.0, 513.9), (567.0, 523.3), (567.0, 517.0), (567.0, 517.0), (567.0, 523.3), (567.0, 513.9), (567.0, 523.3), (567.0, 517.0), (567.0, 517.0), (567.0, 523.3), (567.0, 513.9), (567.0, 523.3), (567.0, 517.0), (567.0, 517.0), (567.0, 523.3)]",0,5.85
speedrunner,meatboy,5,Saw,2,0,542.35,0.313,"[(73.0, 525.0), (120.3, 521.3), (200.3, 514.2), (280.3, 526.0), (360.3, 490.1)]",0,0.57
speedrunner,meatboy,5,Stuck,15,0,83.3,0.466,"[(73.0, 525.0), (120.3, 516.1), (200.3, 467.4), (280.3, 437.5), (360.3, 426.5), (440.3, 434.4), (520.3, 461.1), (567.0, 502.2), (567.0, 523.3), (567.0, 513.9), (567.0, 523.3), (567.0, 517.6), (567.0, 515.2), (567.0, 531.7), (567.0, 514.5), (567.0, 519.2), (567.0, 521.1), (567.0, 514.0), (567.0, 525.8), (567.0, 516.2), (567.0, 516.3), (567.0, 531.0), (567.0, 514.0), (567.0, 521.1), (567.0, 519.2), (567.0, 514.5), (567.0, 528.6), (567.0, 515.2), (567.0, 517.6), (567.0, 523.3), (567.0, 513.9), (567.0, 523.3), (567.0, 517.6), (567.0, 515.2), (567.0, 531.7), (567.0, 514.5), (567.0, 519.2), (567.0, 521.1), (567.0, 514.0), (567.0, 525.8), (567.0, 516.2), (567.0, 516.3), (567.0, 531.0), (567.0, 514.0)]",0,5.85
speedrunner,meatboy,5,Saw,2,0,538.75,0.296,"[(73.0, 525.0), (120.3, 521.3), (200.3, 514.2), (280.3, 526.0), (360.3, 531.9)]",0,0.53
speedrunner,meatboy,5,Stuck,1,0,83.3,0.466,"[(73.0, 525.0), (120.3, 516.1), (200.3, 467.4), (280.3, 437.5), (360.3, 426.5), (440.3, 434.4), (520.3, 461.1), (567.0, 502.2), (567.0, 531.3), (567.0, 531.0), (567.0, 531.9), (567.0, 531.3), (567.0, 531.0), (567.0, 531.9), (567.0, 531.3), (567.0, 531.0), (567.0, 531.9), (567.0, 531.3), (567.0, 531.0), (567.0, 531.9), (567.0, 531.3), (567.0, 531.0), (567.0, 531.9), (567.0, 531.3), (567.0, 531.0), (567.0, 531.9), (567.0, 531.3), (567.0, 531.0), (567.0, 531.9), (567.0, 531.3), (567.0, 531.0), (567.0, 531.9), (567.0, 531.3), (567.0, 531.0), (567.0, 531.9), (567.0, 531.3), (567.0, 531.0), (567.0, 531.9), (567.0, 531.3), (567.0, 531.0), (567.0, 531.9), (567.0, 531.3), (567.0, 531.0), (567.0, 531.9)]",0,5.85
speedrunner,meatboy,5,Stuck,16,0,83.3,0.466,"[(73.0, 525.0), (120.3, 516.1), (200.3, 467.4), (280.3, 437.5), (360.3, 426.5), (440.3, 434.4), (520.3, 461.1), (567.0, 502.2), (567.0, 522.1), (567.0, 515.0), (567.0, 526.8), (567.0, 515.2), (567.0, 517.6), (567.0, 521.8), (567.0, 514.8), (567.0, 526.6), (567.0, 515.2), (567.0, 517.6), (567.0, 521.8), (567.0, 514.8), (567.0, 526.6), (567.0, 515.2), (567.0, 517.6), (567.0, 521.8), (567.0, 514.8), (567.0, 526.6), (567.0, 515.2), (567.0, 517.6), (567.0, 521.8), (567.0, 514.8), (567.0, 526.6), (567.0, 515.2), (567.0, 517.6), (567.0, 521.8), (567.0, 514.8), (567.0, 526.6), (567.0, 515.2), (567.0, 517.6), (567.0, 521.8), (567.0, 514.8), (567.0, 526.6), (567.0, 515.2), (567.0, 517.6), (567.0, 521.8)]",0,5.85
speedrunner,meatboy,5,Saw,2,0,538.75,0.296,"[(73.0, 525.0), (120.3, 521.3), (200.3, 514.2), (280.3, 526.0), (360.3, 531.9)]",0,0.53
speedrunner,meatboy,5,Stuck,17,0,83.3,0.466,"[(73.0, 525.0), (120.3, 516.1), (200.3, 467.4), (280.3, 437.5), (360.3, 426.5), (440.3, 434.4), (520.3, 461.1), (567.0, 502.2), (567.0, 522.1), (567.0, 515.0), (567.0, 526.8), (567.0, 515.2), (567.0, 517.6), (567.0, 521.8), (567.0, 514.8), (567.0, 526.6), (567.0, 515.2), (567.0, 517.6), (567.0, 521.8), (567.0, 514.8), (567.0, 526.6), (567.0, 515.2), (567.0, 517.6), (567.0, 521.8), (567.0, 514.8), (567.0, 526.6), (567.0, 515.2), (567.0, 517.6), (567.0, 521.8), (567.0, 514.8), (567.0, 526.6), (567.0, 515.2), (567.0, 517.6), (567.0, 521.8), (567.0, 514.8), (567.0, 526.6), (567.0, 515.2), (567.0, 517.6), (567.0, 521.8), (567.0, 514.8), (567.0, 526.6), (567.0, 515.2), (567.0, 517.6), (567.0, 521.8)]",0,5.85
speedrunner,meatboy,5,Stuck,17,0,83.3,0.466,"[(73.0, 525.0), (120.3, 516.1), (200.3, 467.4), (280.3, 437.5), (360.3, 426.5), (440.3, 434.4), (520.3, 461.1), (567.0, 502.2), (567.0, 522.1), (567.0, 515.0), (567.0, 526.8), (567.0, 515.2), (567.0, 517.6), (567.0, 521.8), (567.0, 514.8), (567.0, 526.6), (567.0, 515.2), (567.0, 517.6), (567.0, 521.8), (567.0, 514.8), (567.0, 526.6), (567.0, 515.2), (567.0, 517.6), (567.0, 521.8), (567.0, 514.8), (567.0, 526.6), (567.0, 515.2), (567.0, 517.6), (567.0, 521.8), (567.0, 514.8), (567.0, 526.6), (567.0, 515.2), (567.0, 517.6), (567.0, 521.8), (567.0, 514.8), (567.0, 526.6), (567.0, 515.2), (567.0, 517.6), (567.0, 521.8), (567.0, 514.8), (567.0, 526.6), (567.0, 515.2), (567.0, 517.6), (567.0, 521.8)]",0,5.85
speedrunner,meatboy,5,Stuck,16,0,83.3,0.466,"[(73.0, 525.0), (120.3, 516.1), (200.3, 467.4), (280.3, 437.5), (360.3, 426.5), (440.3, 434.4), (520.3, 461.1), (567.0, 502.2), (567.0, 522.1), (567.0, 515.0), (567.0, 526.8), (567.0, 515.2), (567.0, 517.6), (567.0, 521.8), (567.0, 514.8), (567.0, 526.6), (567.0, 515.2), (567.0, 517.6), (567.0, 521.8), (567.0, 514.8), (567.0, 526.6), (567.0, 515.2), (567.0, 517.6), (567.0, 521.8), (567.0, 514.8), (567.0, 526.6), (567.0, 515.2), (567.0, 517.6), (567.0, 521.8), (567.0, 514.8), (567.0, 526.6), (567.0, 515.2), (567.0, 517.6), (567.0, 521.8), (567.0, 514.8), (567.0, 526.6), (567.0, 515.2), (567.0, 517.6), (567.0, 521.8), (567.0, 514.8), (567.0, 526.6), (567.0, 515.2), (567.0, 517.6), (567.0, 521.8)]",0,5.85
speedrunner,meatboy,5,Stuck,1,0,83.3,0.466,"[(73.0, 525.0), (120.3, 516.1), (200.3, 467.4), (280.3, 437.5), (360.3, 426.5), (440.3, 434.4), (520.3, 461.1), (567.0, 502.2), (567.0, 531.3), (567.0, 531.0), (567.0, 531.9), (567.0, 531.3), (567.0, 531.0), (567.0, 531.9), (567.0, 531.3), (567.0, 531.0), (567.0, 531.9), (567.0, 531.3), (567.0, 531.0), (567.0, 531.9), (567.0, 531.3), (567.0, 531.0), (567.0, 531.9), (567.0, 531.3), (567.0, 531.0), (567.0, 531.9), (567.0, 531.3), (567.0, 531.0), (567.0, 531.9), (567.0, 531.3), (567.0, 531.0), (567.0, 531.9), (567.0, 531.3), (567.0, 531.0), (567.0, 531.9), (567.0, 531.3), (567.0, 531.0), (567.0, 531.9), (567.0, 531.3), (567.0, 531.0), (567.0, 531.9), (567.0, 531.3), (567.0, 531.0), (567.0, 531.9)]",0,5.85
speedrunner,meatboy,5,Stuck,15,0,83.3,0.466,"[(73.0, 525.0), (120.3, 516.1), (200.3, 467.4), (280.3, 437.5), (360.3, 426.5), (440.3, 434.4), (520.3, 461.1), (567.0, 502.2), (567.0, 523.3), (567.0, 513.9), (567.0, 523.3), (567.0, 517.6), (567.0, 515.2), (567.0, 531.7), (567.0, 514.5), (567.0, 519.2), (567.0, 521.1), (567.0, 514.0), (567.0, 525.8), (567.0, 516.2), (567.0, 516.3), (567.0, 531.0), (567.0, 514.0), (567.0, 521.1), (567.0, 519.2), (567.0, 514.5), (567.0, 528.6), (567.0, 515.2), (567.0, 517.6), (567.0, 523.3), (567.0, 513.9), (567.0, 523.3), (567.0, 517.6), (567.0, 515.2), (567.0, 531.7), (567.0, 514.5), (567.0, 519.2), (567.0, 521.1), (567.0, 514.0), (567.0, 525.8), (567.0, 516.2), (567.0, 516.3), (567.0, 531.0), (567.0, 514.0)]",0,5.85
speedrunner,meatboy,5,Stuck,17,0,83.3,0.466,"[(73.0, 525.0), (120.3, 516.1), (200.3, 467.4), (280.3, 437.5), (360.3, 426.5), (440.3, 434.4), (520.3, 461.1), (567.0, 502.2), (567.0, 522.1), (567.0, 515.0), (567.0, 526.8), (567.0, 515.2), (567.0, 517.6), (567.0, 521.8), (567.0, 514.8), (567.0, 526.6), (567.0, 515.2), (567.0, 517.6), (567.0, 521.8), (567.0, 514.8), (567.0, 526.6), (567.0, 515.2), (567.0, 517.6), (567.0, 521.8), (567.0, 514.8), (567.0, 526.6), (567.0, 515.2), (567.0, 517.6), (567.0, 521.8), (567.0, 514.8), (567.0, 526.6), (567.0, 515.2), (567.0, 517.6), (567.0, 521.8), (567.0, 514.8), (567.0, 526.6), (567.0, 515.2), (567.0, 517.6), (567.0, 521.8), (567.0, 514.8), (567.0, 526.6), (567.0, 515.2), (567.0, 517.6), (567.0, 521.8)]",0,5.85
speedrunner,meatboy,5,Stuck,17,0,83.3,0.466,"[(73.0, 525.0), (120.3, 516.1), (200.3, 467.4), (280.3, 437.5), (360.3, 426.5), (440.3, 434.4), (520.3, 461.1), (567.0, 502.2), (567.0, 522.1), (567.0, 515.0), (567.0, 526.8), (567.0, 515.2), (567.0, 517.6), (567.0, 521.8), (567.0, 514.8), (567.0, 526.6), (567.0, 515.2), (567.0, 517.6), (567.0, 521.8), (567.0, 514.8), (567.0, 526.6), (567.0, 515.2), (567.0, 517.6), (567.0, 521.8), (567.0, 514.8), (567.0, 526.6), (567.0, 515.2), (567.0, 517.6), (567.0, 521.8), (567.0, 514.8), (567.0, 526.6), (567.0, 515.2), (567.0, 517.6), (567.0, 521.8), (567.0, 514.8), (567.0, 526.6), (567.0, 515.2), (567.0, 517.6), (567.0, 521.8), (567.0, 514.8), (567.0, 526.6), (567.0, 515.2), (567.0, 517.6), (567.0, 521.8)]",0,5.85
speedrunner,meatboy,5,Stuck,16,0,83.3,0.466,"[(73.0, 525.0), (120.3, 516.1), (200.3, 467.4), (280.3, 437.5), (360.3, 426.5), (440.3, 434.4), (520.3, 461.1), (567.0, 502.2), (567.0, 522.1), (567.0, 515.0), (567.0, 526.8), (567.0, 515.2), (567.0, 517.6), (567.0, 521.8), (567.0, 514.8), (567.0, 526.6), (567.0, 515.2), (567.0, 517.6), (567.0, 521.8), (567.0, 514.8), (567.0, 526.6), (567.0, 515.2), (567.0, 517.6), (567.0, 521.8), (567.0, 514.8), (567.0, 526.6), (567.0, 515.2), (567.0, 517.6), (567.0, 521.8), (567.0, 514.8), (567.0, 526.6), (567.0, 515.2), (567.0, 517.6), (567.0, 521.8), (567.0, 514.8), (567.0, 526.6), (567.0, 515.2), (567.0, 517.6), (567.0, 521.8), (567.0, 514.8), (567.0, 526.6), (567.0, 515.2), (567.0, 517.6), (567.0, 521.8)]",0,5.85
speedrunner,meatboy,5,Stuck,18,0,83.3,0.466,"[(73.0, 525.0), (120.3, 516.1), (200.3, 467.4), (280.3, 437.5), (360.3, 426.5), (440.3, 434.4), (520.3, 461.1), (567.0, 502.2), (567.0, 522.1), (567.0, 515.0), (567.0, 526.8), (567.0, 515.2), (567.0, 517.6), (567.0, 521.8), (567.0, 514.8), (567.0, 526.6), (567.0, 515.2), (567.0, 517.6), (567.0, 521.8), (567.0, 514.8), (567.0, 526.6), (567.0, 515.2), (567.0, 517.6), (567.0, 521.8), (567.0, 514.8), (567.0, 526.6), (567.0, 515.2), (567.0, 517.6), (567.0, 521.8), (567.0, 514.8), (567.0, 526.6), (567.0, 515.2), (567.0, 517.6), (567.0, 521.8), (567.0, 514.8), (567.0, 526.6), (567.0, 515.2), (567.0, 517.6), (567.0, 521.8), (567.0, 514.8), (567.0, 526.6), (567.0, 515.2), (567.0, 517.6), (567.0, 521.8)]",0,5.85
speedrunner,meatboy,5,Stuck,16,0,83.3,0.466,"[(73.0, 525.0), (120.3, 516.1), (200.3, 467.4), (280.3, 437.5), (360.3, 426.5), (440.3, 434.4), (520.3, 461.1), (567.0, 502.2), (567.0, 522.1), (567.0, 515.0), (567.0, 526.8), (567.0, 515.2), (567.0, 517.6), (567.0, 521.8), (567.0, 514.8), (567.0, 526.6), (567.0, 515.2), (567.0, 517.6), (567.0, 521.8), (567.0, 514.8), (567.0, 526.6), (567.0, 515.2), (567.0, 517.6), (567.0, 521.8), (567.0, 514.8), (567.0, 526.6), (567.0, 515.2), (567.0, 517.6), (567.0, 521.8), (567.0, 514.8), (567.0, 526.6), (567.0, 515.2), (567.0, 517.6), (567.0, 521.8), (567.0, 514.8), (567.0, 526.6), (567.0, 515.2), (567.0, 517.6), (567.0, 521.8), (567.0, 514.8), (567.0, 526.6), (567.0, 515.2), (567.0, 517.6), (567.0, 521.8)]",0,5.85
speedrunner,meatboy,5,Stuck,17,0,83.3,0.466,"[(73.0, 525.0), (120.3, 516.1), (200.3, 467.4), (280.3, 437.5), (360.3, 426.5), (440.3, 434.4), (520.3, 461.1), (567.0, 502.2), (567.0, 522.1), (567.0, 515.0), (567.0, 526.8), (567.0, 515.2), (567.0, 517.6), (567.0, 521.8), (567.0, 514.8), (567.0, 526.6), (567.0, 515.2), (567.0, 517.6), (567.0, 521.8), (567.0, 514.8), (567.0, 526.6), (567.0, 515.2), (567.0, 517.6), (567.0, 521.8), (567.0, 514.8), (567.0, 526.6), (567.0, 515.2), (567.0, 517.6), (567.0, 521.8), (567.0, 514.8), (567.0, 526.6), (567.0, 515.2), (567.0, 517.6), (567.0, 521.8), (567.0, 514.8), (567.0, 526.6), (567.0, 515.2), (567.0, 517.6), (567.0, 521.8), (567.0, 514.8), (567.0, 526.6), (567.0, 515.2), (567.0, 517.6), (567.0, 521.8)]",0,5.85
speedrunner,meatboy,5,Stuck,17,0,83.3,0.466,"[(73.0, 525.0), (120.3, 516.1), (200.3, 467.4), (280.3, 437.5), (360.3, 426.5), (440.3, 434.4), (520.3, 461.1), (567.0, 502.2), (567.0, 522.1), (567.0, 515.0), (567.0, 526.8), (567.0, 515.2), (567.0, 517.6), (567.0, 521.8), (567.0, 514.8), (567.0, 526.6), (567.0, 515.2), (567.0, 517.6), (567.0, 521.8), (567.0, 514.8), (567.0, 526.6), (567.0, 515.2), (567.0, 517.6), (567.0, 521.8), (567.0, 514.8), (567.0, 526.6), (567.0, 515.2), (567.0, 517.6), (567.0, 521.8), (567.0, 514.8), (567.0, 526.6), (567.0, 515.2), (567.0, 517.6), (567.0, 521.8), (567.0, 514.8), (567.0, 526.6), (567.0, 515.2), (567.0, 517.6), (567.0, 521.8), (567.0, 514.8), (567.0, 526.6), (567.0, 515.2), (567.0, 517.6), (567.0, 521.8)]",0,5.85
speedrunner,meatboy,5,Stuck,16,0,83.3,0.466,"[(73.0, 525.0), (120.3, 516.1), (200.3, 467.4), (280.3, 437.5), (360.3, 426.5), (440.3, 434.4), (520.3, 461.1), (567.0, 502.2), (567.0, 522.1), (567.0, 515.0), (567.0, 526.8), (567.0, 515.2), (567.0, 517.6), (567.0, 521.8), (567.0, 514.8), (567.0, 526.6), (567.0, 515.2), (567.0, 517.6), (567.0, 521.8), (567.0, 514.8), (567.0, 526.6), (567.0, 515.2), (567.0, 517.6), (567.0, 521.8), (567.0, 514.8), (567.0, 526.6), (567.0, 515.2), (567.0, 517.6), (567.0, 521.8), (567.0, 514.8), (567.0, 526.6), (567.0, 515.2), (567.0, 517.6), (567.0, 521.8), (567.0, 514.8), (567.0, 526.6), (567.0, 515.2), (567.0, 517.6), (567.0, 521.8), (567.0, 514.8), (567.0, 526.6), (567.0, 515.2), (567.0, 517.6), (567.0, 521.8)]",0,5.85
speedrunner,meatboy,5,Stuck,18,0,83.3,0.466,"[(73.0, 525.0), (120.3, 516.1), (200.3, 467.4), (280.3, 437.5), (360.3, 426.5), (440.3, 434.4), (520.3, 461.1), (567.0, 502.2), (567.0, 522.1), (567.0, 515.0), (567.0, 526.8), (567.0, 515.2), (567.0, 517.6), (567.0, 521.8), (567.0, 514.8), (567.0, 526.6), (567.0, 515.2), (567.0, 517.6), (567.0, 521.8), (567.0, 514.8), (567.0, 526.6), (567.0, 515.2), (567.0, 517.6), (567.0, 521.8), (567.0, 514.8), (567.0, 526.6), (567.0, 515.2), (567.0, 517.6), (567.0, 521.8), (567.0, 514.8), (567.0, 526.6), (567.0, 515.2), (567.0, 517.6), (567.0, 521.8), (567.0, 514.8), (567.0, 526.6), (567.0, 515.2), (567.0, 517.6), (567.0, 521.8), (567.0, 514.8), (567.0, 526.6), (567.0, 515.2), (567.0, 517.6), (567.0, 521.8)]",0,5.85
speedrunner,meatboy,5,Stuck,16,0,83.3,0.466,"[(73.0, 525.0), (120.3, 516.1), (200.3, 467.4), (280.3, 437.5), (360.3, 426.5), (440.3, 434.4), (520.3, 461.1), (567.0, 502.2), (567.0, 522.1), (567.0, 515.0), (567.0, 526.8), (567.0, 515.2), (567.0, 517.6), (567.0, 521.8), (567.0, 514.8), (567.0, 526.6), (567.0, 515.2), (567.0, 517.6), (567.0, 521.8), (567.0, 514.8), (567.0, 526.6), (567.0, 515.2), (567.0, 517.6), (567.0, 521.8), (567.0, 514.8), (567.0, 526.6), (567.0, 515.2), (567.0, 517.6), (567.0, 521.8), (567.0, 514.8), (567.0, 526.6), (567.0, 515.2), (567.0, 517.6), (567.0, 521.8), (567.0, 514.8), (567.0, 526.6), (567.0, 515.2), (567.0, 517.6), (567.0, 521.8), (567.0, 514.8), (567.0, 526.6), (567.0, 515.2), (567.0, 517.6), (567.0, 521.8)]",0,5.85
speedrunner,meatboy,5,Stuck,16,0,83.3,0.466,"[(73.0, 525.0), (120.3, 516.1), (200.3, 467.4), (280.3, 437.5), (360.3, 426.5), (440.3, 434.4), (520.3, 461.1), (567.0, 502.2), (567.0, 522.1), (567.0, 515.0), (567.0, 526.8), (567.0, 515.2), (567.0, 517.6), (567.0, 521.8), (567.0, 514.8), (567.0, 526.6), (567.0, 515.2), (567.0, 517.6), (567.0, 521.8), (567.0, 514.8), (567.0, 526.6), (567.0, 515.2), (567.0, 517.6), (567.0, 521.8), (567.0, 514.8), (567.0, 526.6), (567.0, 515.2), (567.0, 517.6), (567.0, 521.8), (567.0, 514.8), (567.0, 526.6), (567.0, 515.2), (567.0, 517.6), (567.0, 521.8), (567.0, 514.8), (567.0, 526.6), (567.0, 515.2), (567.0, 517.6), (567.0, 521.8), (567.0, 514.8), (567.0, 526.6), (567.0, 515.2), (567.0, 517.6), (567.0, 521.8)]",0,5.85
speedrunner,meatboy,5,Saw,1,0,538.75,0.296,"[(73.0, 525.0), (120.3, 531.3), (200.3, 531.0), (280.3, 531.9), (360.3, 531.3)]",0,0.53
speedrunner,meatboy,5,Stuck,16,0,83.3,0.466,"[(73.0, 525.0), (120.3, 516.1), (200.3, 467.4), (280.3, 437.5), (360.3, 426.5), (440.3, 434.4), (520.3, 461.1), (567.0, 502.2), (567.0, 522.1), (567.0, 515.0), (567.0, 526.8), (567.0, 515.2), (567.0, 517.6), (567.0, 521.8), (567.0, 514.8), (567.0, 526.6), (567.0, 515.2), (567.0, 517.6), (567.0, 521.8), (567.0, 514.8), (567.0, 526.6), (567.0, 515.2), (567.0, 517.6), (567.0, 521.8), (567.0, 514.8), (567.0, 526.6), (567.0, 515.2), (567.0, 517.6), (567.0, 521.8), (567.0, 514.8), (567.0, 526.6), (567.0, 515.2), (567.0, 517.6), (567.0, 521.8), (567.0, 514.8), (567.0, 526.6), (567.0, 515.2), (567.0, 517.6), (567.0, 521.8), (567.0, 514.8), (567.0, 526.6), (567.0, 515.2), (567.0, 517.6), (567.0, 521.8)]",0,5.85
speedrunner,meatboy,5,Stuck,1,0,83.3,0.466,"[(73.0, 525.0), (120.3, 516.1), (200.3, 467.4), (280.3, 437.5), (360.3, 426.5), (440.3, 434.4), (520.3, 461.1), (567.0, 502.2), (567.0, 531.3), (567.0, 531.0), (567.0, 531.9), (567.0, 531.3), (567.0, 531.0), (567.0, 531.9), (567.0, 531.3), (567.0, 531.0), (567.0, 531.9), (567.0, 531.3), (567.0, 531.0), (567.0, 531.9), (567.0, 531.3), (567.0, 531.0), (567.0, 531.9), (567.0, 531.3), (567.0, 531.0), (567.0, 531.9), (567.0, 531.3), (567.0, 531.0), (567.0, 531.9), (567.0, 531.3), (567.0, 531.0), (567.0, 531.9), (567.0, 531.3), (567.0, 531.0), (567.0, 531.9), (567.0, 531.3), (567.0, 531.0), (567.0, 531.9), (567.0, 531.3), (567.0, 531.0), (567.0, 531.9), (567.0, 531.3), (567.0, 531.0), (567.0, 531.9)]",0,5.85
speedrunner,meatboy,5,Stuck,2,0,83.3,0.466,"[(73.0, 525.0), (120.3, 516.1), (200.3, 467.4), (280.3, 437.5), (360.3, 426.5), (440.3, 434.4), (520.3, 461.1), (567.0, 502.2), (567.0, 531.3), (567.0, 531.0), (567.0, 531.9), (567.0, 531.3), (567.0, 531.0), (567.0, 531.9), (567.0, 531.3), (567.0, 531.0), (567.0, 531.9), (567.0, 531.3), (567.0, 531.0), (567.0, 531.9), (567.0, 531.3), (567.0, 531.0), (567.0, 531.9), (567.0, 531.3), (567.0, 531.0), (567.0, 531.9), (567.0, 531.3), (567.0, 531.0), (567.0, 531.9), (567.0, 531.3), (567.0, 531.0), (567.0, 531.9), (567.0, 531.3), (567.0, 531.0), (567.0, 531.9), (567.0, 531.3), (567.0, 531.0), (567.0, 531.9), (567.0, 531.3), (567.0, 531.0), (567.0, 531.9), (567.0, 531.3), (567.0, 531.0), (567.0, 531.9)]",0,5.85
speedrunner,meatboy,5,Saw,2,0,538.75,0.296,"[(73.0, 525.0), (120.3, 521.3), (200.3, 514.2), (280.3, 526.0), (360.3, 531.9)]",0,0.53
speedrunner,meatboy,5,Stuck,2,0,83.3,0.466,"[(73.0, 525.0), (120.3, 516.1), (200.3, 467.4), (280.3, 437.5), (360.3, 426.5), (440.3, 434.4), (520.3, 461.1), (567.0, 502.2), (567.0, 531.3), (567.0, 531.0), (567.0, 531.9), (567.0, 531.3), (567.0, 531.0), (567.0, 531.9), (567.0, 531.3), (567.0, 531.0), (567.0, 531.9), (567.0, 531.3), (567.0, 531.0), (567.0, 531.9), (567.0, 531.3), (567.0, 531.0), (567.0, 531.9), (567.0, 531.3), (567.0, 531.0), (567.0, 531.9), (567.0, 531.3), (567.0, 531.0), (567.0, 531.9), (567.0, 531.3), (567.0, 531.0), (567.0, 531.9), (567.0, 531.3), (567.0, 531.0), (567.0, 531.9), (567.0, 531.3), (567.0, 531.0), (567.0, 531.9), (567.0, 531.3), (567.0, 531.0), (567.0, 531.9), (567.0, 531.3), (567.0, 531.0), (567.0, 531.9)]",0,5.85
speedrunner,meatboy,5,Stuck,1,0,83.3,0.466,"[(73.0, 525.0), (120.3, 516.1), (200.3, 467.4), (280.3, 437.5), (360.3, 426.5), (440.3, 434.4), (520.3, 461.1), (567.0, 502.2), (567.0, 531.3), (567.0, 531.0), (567.0, 531.9), (567.0, 531.3), (567.0, 531.0), (567.0, 531.9), (567.0, 531.3), (567.0, 531.0), (567.0, 531.9), (567.0, 531.3), (567.0, 531.0), (567.0, 531.9), (567.0, 531.3), (567.0, 531.0), (567.0, 531.9), (567.0, 531.3), (567.0, 531.0), (567.0, 531.9), (567.0, 531.3), (567.0, 531.0), (567.0, 531.9), (567.0, 531.3), (567.0, 531.0), (567.0, 531.9), (567.0, 531.3), (567.0, 531.0), (567.0, 531.9), (567.0, 531.3), (567.0, 531.0), (567.0, 531.9), (567.0, 531.3), (567.0, 531.0), (567.0, 531.9), (567.0, 531.3), (567.0, 531.0), (567.0, 531.9)]",0,5.85
speedrunner,meatboy,5,Stuck,16,0,83.3,0.466,"[(73.0, 525.0), (120.3, 516.1), (200.3, 467.4), (280.3, 437.5), (360.3, 426.5), (440.3, 434.4), (520.3, 461.1), (567.0, 502.2), (567.0, 522.1), (567.0, 515.0), (567.0, 526.8), (567.0, 515.2), (567.0, 517.6), (567.0, 521.8), (567.0, 514.8), (567.0, 526.6), (567.0, 515.2), (567.0, 517.6), (567.0, 521.8), (567.0, 514.8), (567.0, 526.6), (567.0, 515.2), (567.0, 517.6), (567.0, 521.8), (567.0, 514.8), (567.0, 526.6), (567.0, 515.2), (567.0, 517.6), (567.0, 521.8), (567.0, 514.8), (567.0, 526.6), (567.0, 515.2), (567.0, 517.6), (567.0, 521.8), (567.0, 514.8), (567.0, 526.6), (567.0, 515.2), (567.0, 517.6), (567.0, 521.8), (567.0, 514.8), (567.0, 526.6), (567.0, 515.2), (567.0, 517.6), (567.0, 521.8)]",0,5.85
speedrunner,meatboy,5,Stuck,16,0,83.3,0.466,"[(73.0, 525.0), (120.3, 516.1), (200.3, 467.4), (280.3, 437.5), (360.3, 426.5), (440.3, 434.4), (520.3, 461.1), (567.0, 502.2), (567.0, 522.1), (567.0, 515.0), (567.0, 526.8), (567.0, 515.2), (567.0, 517.6), (567.0, 521.8), (567.0, 514.8), (567.0, 526.6), (567.0, 515.2), (567.0, 517.6), (567.0, 521.8), (567.0, 514.8), (567.0, 526.6), (567.0, 515.2), (567.0, 517.6), (567.0, 521.8), (567.0, 514.8), (567.0, 526.6), (567.0, 515.2), (567.0, 517.6), (567.0, 521.8), (567.0, 514.8), (567.0, 526.6), (567.0, 515.2), (567.0, 517.6), (567.0, 521.8), (567.0, 514.8), (567.0, 526.6), (567.0, 515.2), (567.0, 517.6), (567.0, 521.8), (567.0, 514.8), (567.0, 526.6), (567.0, 515.2), (567.0, 517.6), (567.0, 521.8)]",0,5.85
speedrunner,meatboy,5,Stuck,2,0,83.3,0.466,"[(73.0, 525.0), (120.3, 516.1), (200.3, 467.4), (280.3, 437.5), (360.3, 426.5), (440.3, 434.4), (520.3, 461.1), (567.0, 502.2), (567.0, 531.3), (567.0, 531.0), (567.0, 531.9), (567.0, 531.3), (567.0, 531.0), (567.0, 531.9), (567.0, 531.3), (567.0, 531.0), (567.0, 531.9), (567.0, 531.3), (567.0, 531.0), (567.0, 531.9), (567.0, 531.3), (567.0, 531.0), (567.0, 531.9), (567.0, 531.3), (567.0, 531.0), (567.0, 531.9), (567.0, 531.3), (567.0, 531.0), (567.0, 531.9), (567.0, 531.3), (567.0, 531.0), (567.0, 531.9), (567.0, 531.3), (567.0, 531.0), (567.0, 531.9), (567.0, 531.3), (567.0, 531.0), (567.0, 531.9), (567.0, 531.3), (567.0, 531.0), (567.0, 531.9), (567.0, 531.3), (567.0, 531.0), (567.0, 531.9)]",0,5.85
speedrunner,meatboy,5,Saw,2,0,538.75,0.296,"[(73.0, 525.0), (120.3, 521.3), (200.3, 514.2), (280.3, 526.0), (360.3, 531.9)]",0,0.53
speedrunner,meatboy,5,Stuck,2,0,83.3,0.466,"[(73.0, 525.0), (120.3, 516.1), (200.3, 467.4), (280.3, 437.5), (360.3, 426.5), (440.3, 434.4), (520.3, 461.1), (567.0, 502.2), (567.0, 531.3), (567.0, 531.0), (567.0, 531.9), (567.0, 531.3), (567.0, 531.0), (567.0, 531.9), (567.0, 531.3), (567.0, 531.0), (567.0, 531.9), (567.0, 531.3), (567.0, 531.0), (567.0, 531.9), (567.0, 531.3), (567.0, 531.0), (567.0, 531.9), (567.0, 531.3), (567.0, 531.0), (567.0, 531.9), (567.0, 531.3), (567.0, 531.0), (567.0, 531.9), (567.0, 531.3), (567.0, 531.0), (567.0, 531.9), (567.0, 531.3), (567.0, 531.0), (567.0, 531.9), (567.0, 531.3), (567.0, 531.0), (567.0, 531.9), (567.0, 531.3), (567.0, 531.0), (567.0, 531.9), (567.0, 531.3), (567.0, 531.0), (567.0, 531.9)]",0,5.85
speedrunner,meatboy,5,Saw,2,0,538.75,0.296,"[(73.0, 525.0), (120.3, 521.3), (200.3, 514.2), (280.3, 526.0), (360.3, 531.9)]",0,0.53
speedrunner,meatboy,5,Stuck,17,0,83.3,0.466,"[(73.0, 525.0), (120.3, 516.1), (200.3, 467.4), (280.3, 437.5), (360.3, 426.5), (440.3, 434.4), (520.3, 461.1), (567.0, 502.2), (567.0, 522.1), (567.0, 515.0), (567.0, 526.8), (567.0, 515.2), (567.0, 517.6), (567.0, 521.8), (567.0, 514.8), (567.0, 526.6), (567.0, 515.2), (567.0, 517.6), (567.0, 521.8), (567.0, 514.8), (567.0, 526.6), (567.0, 515.2), (567.0, 517.6), (567.0, 521.8), (567.0, 514.8), (567.0, 526.6), (567.0, 515.2), (567.0, 517.6), (567.0, 521.8), (567.0, 514.8), (567.0, 526.6), (567.0, 515.2), (567.0, 517.6), (567.0, 521.8), (567.0, 514.8), (567.0, 526.6), (567.0, 515.2), (567.0, 517.6), (567.0, 521.8), (567.0, 514.8), (567.0, 526.6), (567.0, 515.2), (567.0, 517.6), (567.0, 521.8)]",0,5.85
speedrunner,meatboy,5,Stuck,1,0,83.3,0.466,"[(73.0, 525.0), (120.3, 516.1), (200.3, 467.4), (280.3, 437.5), (360.3, 426.5), (440.3, 434.4), (520.3, 461.1), (567.0, 502.2), (567.0, 531.3), (567.0, 531.0), (567.0, 531.9), (567.0, 531.3), (567.0, 531.0), (567.0, 531.9), (567.0, 531.3), (567.0, 531.0), (567.0, 531.9), (567.0, 531.3), (567.0, 531.0), (567.0, 531.9), (567.0, 531.3), (567.0, 531.0), (567.0, 531.9), (567.0, 531.3), (567.0, 531.0), (567.0, 531.9), (567.0, 531.3), (567.0, 531.0), (567.0, 531.9), (567.0, 531.3), (567.0, 531.0), (567.0, 531.9), (567.0, 531.3), (567.0, 531.0), (567.0, 531.9), (567.0, 531.3), (567.0, 531.0), (567.0, 531.9), (567.0, 531.3), (567.0, 531.0), (567.0, 531.9), (567.0, 531.3), (567.0, 531.0), (567.0, 531.9)]",0,5.85
speedrunner,meatboy,5,Stuck,1,0,83.3,0.466,"[(73.0, 525.0), (120.3, 516.1), (200.3, 467.4), (280.3, 437.5), (360.3, 426.5), (440.3, 434.4), (520.3, 461.1), (567.0, 502.2), (567.0, 531.3), (567.0, 531.0), (567.0, 531.9), (567.0, 531.3), (567.0, 531.0), (567.0, 531.9), (567.0, 531.3), (567.0, 531.0), (567.0, 531.9), (567.0, 531.3), (567.0, 531.0), (567.0, 531.9), (567.0, 531.3), (567.0, 531.0), (567.0, 531.9), (567.0, 531.3), (567.0, 531.0), (567.0, 531.9), (567.0, 531.3), (567.0, 531.0), (567.0, 531.9), (567.0, 531.3), (567.0, 531.0), (567.0, 531.9), (567.0, 531.3), (567.0, 531.0), (567.0, 531.9), (567.0, 531.3), (567.0, 531.0), (567.0, 531.9), (567.0, 531.3), (567.0, 531.0), (567.0, 531.9), (567.0, 531.3), (567.0, 531.0), (567.0, 531.9)]",0,5.85
speedrunner,meatboy,5,Stuck,17,0,83.3,0.466,"[(73.0, 525.0), (120.3, 516.1), (200.3, 467.4), (280.3, 437.5), (360.3, 426.5), (440.3, 434.4), (520.3, 461.1), (567.0, 502.2), (567.0, 522.1), (567.0, 515.0), (567.0, 526.8), (567.0, 515.2), (567.0, 517.6), (567.0, 521.8), (567.0, 514.8), (567.0, 526.6), (567.0, 515.2), (567.0, 517.6), (567.0, 521.8), (567.0, 514.8), (567.0, 526.6), (567.0, 515.2), (567.0, 517.6), (567.0, 521.8), (567.0, 514.8), (567.0, 526.6), (567.0, 515.2), (567.0, 517.6), (567.0, 521.8), (567.0, 514.8), (567.0, 526.6), (567.0, 515.2), (567.0, 517.6), (567.0, 521.8), (567.0, 514.8), (567.0, 526.6), (567.0, 515.2), (567.0, 517.6), (567.0, 521.8), (567.0, 514.8), (567.0, 526.6), (567.0, 515.2), (567.0, 517.6), (567.0, 521.8)]",0,5.85
speedrunner,meatboy,5,Stuck,2,0,83.3,0.466,"[(73.0, 525.0), (120.3, 516.1), (200.3, 467.4), (280.3, 437.5), (360.3, 426.5), (440.3, 434.4), (520.3, 461.1), (567.0, 502.2), (567.0, 531.3), (567.0, 531.0), (567.0, 531.9), (567.0, 531.3), (567.0, 531.0), (567.0, 531.9), (567.0, 531.3), (567.0, 531.0), (567.0, 531.9), (567.0, 531.3), (567.0, 531.0), (567.0, 531.9), (567.0, 531.3), (567.0, 531.0), (567.0, 531.9), (567.0, 531.3), (567.0, 531.0), (567.0, 531.9), (567.0, 531.3), (567.0, 531.0), (567.0, 531.9), (567.0, 531.3), (567.0, 531.0), (567.0, 531.9), (567.0, 531.3), (567.0, 531.0), (567.0, 531.9), (567.0, 531.3), (567.0, 531.0), (567.0, 531.9), (567.0, 531.3), (567.0, 531.0), (567.0, 531.9), (567.0, 531.3), (567.0, 531.0), (567.0, 531.9)]",0,5.85
speedrunner,meatboy,5,Stuck,2,0,83.3,0.466,"[(73.0, 525.0), (120.3, 516.1), (200.3, 467.4), (280.3, 437.5), (360.3, 426.5), (440.3, 434.4), (520.3, 461.1), (567.0, 502.2), (567.0, 531.3), (567.0, 531.0), (567.0, 531.9), (567.0, 531.3), (567.0, 531.0), (567.0, 531.9), (567.0, 531.3), (567.0, 531.0), (567.0, 531.9), (567.0, 531.3), (567.0, 531.0), (567.0, 531.9), (567.0, 531.3), (567.0, 531.0), (567.0, 531.9), (567.0, 531.3), (567.0, 531.0), (567.0, 531.9), (567.0, 531.3), (567.0, 531.0), (567.0, 531.9), (567.0, 531.3), (567.0, 531.0), (567.0, 531.9), (567.0, 531.3), (567.0, 531.0), (567.0, 531.9), (567.0, 531.3), (567.0, 531.0), (567.0, 531.9), (567.0, 531.3), (567.0, 531.0), (567.0, 531.9), (567.0, 531.3), (567.0, 531.0), (567.0, 531.9)]",0,5.85
speedrunner,meatboy,5,Stuck,1,0,83.3,0.466,"[(73.0, 525.0), (120.3, 516.1), (200.3, 467.4), (280.3, 437.5), (360.3, 426.5), (440.3, 434.4), (520.3, 461.1), (567.0, 502.2), (567.0, 531.3), (567.0, 531.0), (567.0, 531.9), (567.0, 531.3), (567.0, 531.0), (567.0, 531.9), (567.0, 531.3), (567.0, 531.0), (567.0, 531.9), (567.0, 531.3), (567.0, 531.0), (567.0, 531.9), (567.0, 531.3), (567.0, 531.0), (567.0, 531.9), (567.0, 531.3), (567.0, 531.0), (567.0, 531.9), (567.0, 531.3), (567.0, 531.0), (567.0, 531.9), (567.0, 531.3), (567.0, 531.0), (567.0, 531.9), (567.0, 531.3), (567.0, 531.0), (567.0, 531.9), (567.0, 531.3), (567.0, 531.0), (567.0, 531.9), (567.0, 531.3), (567.0, 531.0), (567.0, 531.9), (567.0, 531.3), (567.0, 531.0), (567.0, 531.9)]",0,5.85
speedrunner,meatboy,5,Stuck,17,0,83.3,0.466,"[(73.0, 525.0), (120.3, 516.1), (200.3, 467.4), (280.3, 437.5), (360.3, 426.5), (440.3, 434.4), (520.3, 461.1), (567.0, 502.2), (567.0, 522.1), (567.0, 515.0), (567.0, 526.8), (567.0, 515.2), (567.0, 517.6), (567.0, 521.8), (567.0, 514.8), (567.0, 526.6), (567.0, 515.2), (567.0, 517.6), (567.0, 521.8), (567.0, 514.8), (567.0, 526.6), (567.0, 515.2), (567.0, 517.6), (567.0, 521.8), (567.0, 514.8), (567.0, 526.6), (567.0, 515.2), (567.0, 517.6), (567.0, 521.8), (567.0, 514.8), (567.0, 526.6), (567.0, 515.2), (567.0, 517.6), (567.0, 521.8), (567.0, 514.8), (567.0, 526.6), (567.0, 515.2), (567.0, 517.6), (567.0, 521.8), (567.0, 514.8), (567.0, 526.6), (567.0, 515.2), (567.0, 517.6), (567.0, 521.8)]",0,5.85
speedrunner,meatboy,5,Saw,1,0,538.75,0.296,"[(73.0, 525.0), (120.3, 531.3), (200.3, 531.0), (280.3, 531.9), (360.3, 531.3)]",0,0.53
speedrunner,meatboy,5,Saw,1,0,540.61,0.305,"[(73.0, 525.0), (120.3, 531.3), (200.3, 495.7), (280.3, 486.3), (360.3, 495.8)]",0,0.55
speedrunner,meatboy,5,Stuck,16,0,83.3,0.466,"[(73.0, 525.0), (120.3, 516.1), (200.3, 467.4), (280.3, 437.5), (360.3, 426.5), (440.3, 434.4), (520.3, 461.1), (567.0, 502.2), (567.0, 522.1), (567.0, 515.0), (567.0, 526.8), (567.0, 515.2), (567.0, 517.6), (567.0, 521.8), (567.0, 514.8), (567.0, 526.6), (567.0, 515.2), (567.0, 517.6), (567.0, 521.8), (567.0, 514.8), (567.0, 526.6), (567.0, 515.2), (567.0, 517.6), (567.0, 521.8), (567.0, 514.8), (567.0, 526.6), (567.0, 515.2), (567.0, 517.6), (567.0, 521.8), (567.0, 514.8), (567.0, 526.6), (567.0, 515.2), (567.0, 517.6), (567.0, 521.8), (567.0, 514.8), (567.0, 526.6), (567.0, 515.2), (567.0, 517.6), (567.0, 521.8), (567.0, 514.8), (567.0, 526.6), (567.0, 515.2), (567.0, 517.6), (567.0, 521.8)]",0,5.85
speedrunner,meatboy,5,Saw,1,0,540.61,0.305,"[(73.0, 525.0), (120.3, 531.3), (200.3, 516.2), (280.3, 487.6), (360.3, 490.0)]",0,0.55
speedrunner,meatboy,5,Stuck,16,0,83.3,0.466,"[(73.0, 525.0), (120.3, 516.1), (200.3, 467.4), (280.3, 437.5), (360.3, 426.5), (440.3, 434.4), (520.3, 461.1), (567.0, 502.2), (567.0, 522.1), (567.0, 515.0), (567.0, 526.8), (567.0, 515.2), (567.0, 517.6), (567.0, 521.8), (567.0, 514.8), (567.0, 526.6), (567.0, 515.2), (567.0, 517.6), (567.0, 521.8), (567.0, 514.8), (567.0, 526.6), (567.0, 515.2), (567.0, 517.6), (567.0, 521.8), (567.0, 514.8), (567.0, 526.6), (567.0, 515.2), (567.0, 517.6), (567.0, 521.8), (567.0, 514.8), (567.0, 526.6), (567.0, 515.2), (567.0, 517.6), (567.0, 521.8), (567.0, 514.8), (567.0, 526.6), (567.0, 515.2), (567.0, 517.6), (567.0, 521.8), (567.0, 514.8), (567.0, 526.6), (567.0, 515.2), (567.0, 517.6), (567.0, 521.8)]",0,5.85
speedrunner,meatboy,5,Stuck,17,0,83.3,0.466,"[(73.0, 525.0), (120.3, 516.1), (200.3, 467.4), (280.3, 437.5), (360.3, 426.5), (440.3, 434.4), (520.3, 461.1), (567.0, 502.2), (567.0, 522.1), (567.0, 515.0), (567.0, 526.8), (567.0, 515.2), (567.0, 517.6), (567.0, 521.8), (567.0, 514.8), (567.0, 526.6), (567.0, 515.2), (567.0, 517.6), (567.0, 521.8), (567.0, 514.8), (567.0, 526.6), (567.0, 515.2), (567.0, 517.6), (567.0, 521.8), (567.0, 514.8), (567.0, 526.6), (567.0, 515.2), (567.0, 517.6), (567.0, 521.8), (567.0, 514.8), (567.0, 526.6), (567.0, 515.2), (567.0, 517.6), (567.0, 521.8), (567.0, 514.8), (567.0, 526.6), (567.0, 515.2), (567.0, 517.6), (567.0, 521.8), (567.0, 514.8), (567.0, 526.6), (567.0, 515.2), (567.0, 517.6), (567.0, 521.8)]",0,5.85
speedrunner,meatboy,5,Stuck,1,0,83.3,0.466,"[(73.0, 525.0), (120.3, 516.1), (200.3, 467.4), (280.3, 437.5), (360.3, 426.5), (440.3, 434.4), (520.3, 461.1), (567.0, 502.2), (567.0, 531.3), (567.0, 531.0), (567.0, 531.9), (567.0, 531.3), (567.0, 531.0), (567.0, 531.9), (567.0, 531.3), (567.0, 531.0), (567.0, 531.9), (567.0, 531.3), (567.0, 531.0), (567.0, 531.9), (567.0, 531.3), (567.0, 531.0), (567.0, 531.9), (567.0, 531.3), (567.0, 531.0), (567.0, 531.9), (567.0, 531.3), (567.0, 531.0), (567.0, 531.9), (567.0, 531.3), (567.0, 531.0), (567.0, 531.9), (567.0, 531.3), (567.0, 531.0), (567.0, 531.9), (567.0, 531.3), (567.0, 531.0), (567.0, 531.9), (567.0, 531.3), (567.0, 531.0), (567.0, 531.9), (567.0, 531.3), (567.0, 531.0), (567.0, 531.9)]",0,5.85
speedrunner,meatboy,5,Stuck,2,0,83.3,0.466,"[(73.0, 525.0), (120.3, 516.1), (200.3, 467.4), (280.3, 437.5), (360.3, 426.5), (440.3, 434.4), (520.3, 461.1), (567.0, 502.2), (567.0, 531.3), (567.0, 531.0), (567.0, 531.9), (567.0, 531.3), (567.0, 531.0), (567.0, 531.9), (567.0, 531.3), (567.0, 531.0), (567.0, 531.9), (567.0, 531.3), (567.0, 531.0), (567.0, 531.9), (567.0, 531.3), (567.0, 531.0), (567.0, 531.9), (567.0, 531.3), (567.0, 531.0), (567.0, 531.9), (567.0, 531.3), (567.0, 531.0), (567.0, 531.9), (567.0, 531.3), (567.0, 531.0), (567.0, 531.9), (567.0, 531.3), (567.0, 531.0), (567.0, 531.9), (567.0, 531.3), (567.0, 531.0), (567.0, 531.9), (567.0, 531.3), (567.0, 531.0), (567.0, 531.9), (567.0, 531.3), (567.0, 531.0), (567.0, 531.9)]",0,5.85
speedrunner,meatboy,5,Stuck,16,0,83.3,0.466,"[(73.0, 525.0), (120.3, 516.1), (200.3, 467.4), (280.3, 437.5), (360.3, 426.5), (440.3, 434.4), (520.3, 461.1), (567.0, 502.2), (567.0, 523.3), (567.0, 513.9), (567.0, 523.3), (567.0, 517.0), (567.0, 517.0), (567.0, 523.3), (567.0, 513.9), (567.0, 523.3), (567.0, 517.0), (567.0, 517.0), (567.0, 523.3), (567.0, 513.9), (567.0, 523.3), (567.0, 517.0), (567.0, 517.0), (567.0, 523.3), (567.0, 513.9), (567.0, 523.3), (567.0, 517.0), (567.0, 517.0), (567.0, 523.3), (567.0, 513.9), (567.0, 523.3), (567.0, 517.0), (567.0, 517.0), (567.0, 523.3), (567.0, 513.9), (567.0, 523.3), (567.0, 517.0), (567.0, 517.0), (567.0, 523.3), (567.0, 513.9), (567.0, 523.3), (567.0, 517.0), (567.0, 517.0), (567.0, 523.3)]",0,5.85
speedrunner,meatboy,5,Stuck,1,0,83.3,0.466,"[(73.0, 525.0), (120.3, 516.1), (200.3, 467.4), (280.3, 437.5), (360.3, 426.5), (440.3, 434.4), (520.3, 461.1), (567.0, 502.2), (567.0, 531.3), (567.0, 531.0), (567.0, 531.9), (567.0, 531.3), (567.0, 531.0), (567.0, 531.9), (567.0, 531.3), (567.0, 531.0), (567.0, 531.9), (567.0, 531.3), (567.0, 531.0), (567.0, 531.9), (567.0, 531.3), (567.0, 531.0), (567.0, 531.9), (567.0, 531.3), (567.0, 531.0), (567.0, 531.9), (567.0, 531.3), (567.0, 531.0), (567.0, 531.9), (567.0, 531.3), (567.0, 531.0), (567.0, 531.9), (567.0, 531.3), (567.0, 531.0), (567.0, 531.9), (567.0, 531.3), (567.0, 531.0), (567.0, 531.9), (567.0, 531.3), (567.0, 531.0), (567.0, 531.9), (567.0, 531.3), (567.0, 531.0), (567.0, 531.9)]",0,5.85
speedrunner,meatboy,5,Stuck,16,0,83.3,0.466,"[(73.0, 525.0), (120.3, 516.1), (200.3, 467.4), (280.3, 437.5), (360.3, 426.5), (440.3, 434.4), (520.3, 461.1), (567.0, 502.2), (567.0, 522.1), (567.0, 515.0), (567.0, 526.8), (567.0, 515.2), (567.0, 517.6), (567.0, 521.8), (567.0, 514.8), (567.0, 526.6), (567.0, 515.2), (567.0, 517.6), (567.0, 521.8), (567.0, 514.8), (567.0, 526.6), (567.0, 515.2), (567.0, 517.6), (567.0, 521.8), (567.0, 514.8), (567.0, 526.6), (567.0, 515.2), (567.0, 517.6), (567.0, 521.8), (567.0, 514.8), (567.0, 526.6), (567.0, 515.2), (567.0, 517.6), (567.0, 521.8), (567.0, 514.8), (567.0, 526.6), (567.0, 515.2), (567.0, 517.6), (567.0, 521.8), (567.0, 514.8), (567.0, 526.6), (567.0, 515.2), (567.0, 517.6), (567.0, 521.8)]",0,5.85
speedrunner,meatboy,5,Stuck,16,0,83.3,0.466,"[(73.0, 525.0), (120.3, 516.1), (200.3, 467.4), (280.3, 437.5), (360.3, 426.5), (440.3, 434.4), (520.3, 461.1), (567.0, 502.2), (567.0, 522.1), (567.0, 515.0), (567.0, 526.8), (567.0, 515.2), (567.0, 517.6), (567.0, 521.8), (567.0, 514.8), (567.0, 526.6), (567.0, 515.2), (567.0, 517.6), (567.0, 521.8), (567.0, 514.8), (567.0, 526.6), (567.0, 515.2), (567.0, 517.6), (567.0, 521.8), (567.0, 514.8), (567.0, 526.6), (567.0, 515.2), (567.0, 517.6), (567.0, 521.8), (567.0, 514.8), (567.0, 526.6), (567.0, 515.2), (567.0, 517.6), (567.0, 521.8), (567.0, 514.8), (567.0, 526.6), (567.0, 515.2), (567.0, 517.6), (567.0, 521.8), (567.0, 514.8), (567.0, 526.6), (567.0, 515.2), (567.0, 517.6), (567.0, 521.8)]",0,5.85
speedrunner,meatboy,5,Stuck,16,0,83.3,0.466,"[(73.0, 525.0), (120.3, 516.1), (200.3, 467.4), (280.3, 437.5), (360.3, 426.5), (440.3, 434.4), (520.3, 461.1), (567.0, 502.2), (567.0, 522.1), (567.0, 515.0), (567.0, 526.8), (567.0, 515.2), (567.0, 517.6), (567.0, 521.8), (567.0, 514.8), (567.0, 526.6), (567.0, 515.2), (567.0, 517.6), (567.0, 521.8), (567.0, 514.8), (567.0, 526.6), (567.0, 515.2), (567.0, 517.6), (567.0, 521.8), (567.0, 514.8), (567.0, 526.6), (567.0, 515.2), (567.0, 517.6), (567.0, 521.8), (567.0, 514.8), (567.0, 526.6), (567.0, 515.2), (567.0, 517.6), (567.0, 521.8), (567.0, 514.8), (567.0, 526.6), (567.0, 515.2), (567.0, 517.6), (567.0, 521.8), (567.0, 514.8), (567.0, 526.6), (567.0, 515.2), (567.0, 517.6), (567.0, 521.8)]",0,5.85
speedrunner,meatboy,5,Stuck,2,0,83.3,0.466,"[(73.0, 525.0), (120.3, 516.1), (200.3, 467.4), (280.3, 437.5), (360.3, 426.5), (440.3, 434.4), (520.3, 461.1), (567.0, 502.2), (567.0, 531.3), (567.0, 531.0), (567.0, 531.9), (567.0, 531.3), (567.0, 531.0), (567.0, 531.9), (567.0, 531.3), (567.0, 531.0), (567.0, 531.9), (567.0, 531.3), (567.0, 531.0), (567.0, 531.9), (567.0, 531.3), (567.0, 531.0), (567.0, 531.9), (567.0, 531.3), (567.0, 531.0), (567.0, 531.9), (567.0, 531.3), (567.0, 531.0), (567.0, 531.9), (567.0, 531.3), (567.0, 531.0), (567.0, 531.9), (567.0, 531.3), (567.0, 531.0), (567.0, 531.9), (567.0, 531.3), (567.0, 531.0), (567.0, 531.9), (567.0, 531.3), (567.0, 531.0), (567.0, 531.9), (567.0, 531.3), (567.0, 531.0), (567.0, 531.9)]",0,5.85
speedrunner,meatboy,5,Stuck,2,0,83.3,0.466,"[(73.0, 525.0), (120.3, 516.1), (200.3, 467.4), (280.3, 437.5), (360.3, 426.5), (440.3, 434.4), (520.3, 461.1), (567.0, 502.2), (567.0, 531.3), (567.0, 531.0), (567.0, 531.9), (567.0, 531.3), (567.0, 531.0), (567.0, 531.9), (567.0, 531.3), (567.0, 531.0), (567.0, 531.9), (567.0, 531.3), (567.0, 531.0), (567.0, 531.9), (567.0, 531.3), (567.0, 531.0), (567.0, 531.9), (567.0, 531.3), (567.0, 531.0), (567.0, 531.9), (567.0, 531.3), (567.0, 531.0), (567.0, 531.9), (567.0, 531.3), (567.0, 531.0), (567.0, 531.9), (567.0, 531.3), (567.0, 531.0), (567.0, 531.9), (567.0, 531.3), (567.0, 531.0), (567.0, 531.9), (567.0, 531.3), (567.0, 531.0), (567.0, 531.9), (567.0, 531.3), (567.0, 531.0), (567.0, 531.9)]",0,5.85
speedrunner,meatboy,5,Stuck,16,0,83.3,0.466,"[(73.0, 525.0), (120.3, 516.1), (200.3, 467.4), (280.3, 437.5), (360.3, 426.5), (440.3, 434.4), (520.3, 461.1), (567.0, 502.2), (567.0, 522.1), (567.0, 515.0), (567.0, 526.8), (567.0, 515.2), (567.0, 517.6), (567.0, 521.8), (567.0, 514.8), (567.0, 526.6), (567.0, 515.2), (567.0, 517.6), (567.0, 521.8), (567.0, 514.8), (567.0, 526.6), (567.0, 515.2), (567.0, 517.6), (567.0, 521.8), (567.0, 514.8), (567.0, 526.6), (567.0, 515.2), (567.0, 517.6), (567.0, 521.8), (567.0, 514.8), (567.0, 526.6), (567.0, 515.2), (567.0, 517.6), (567.0, 521.8), (567.0, 514.8), (567.0, 526.6), (567.0, 515.2), (567.0, 517.6), (567.0, 521.8), (567.0, 514.8), (567.0, 526.6), (567.0, 515.2), (567.0, 517.6), (567.0, 521.8)]",0,5.85
speedrunner,meatboy,5,Stuck,16,0,83.3,0.466,"[(73.0, 525.0), (120.3, 516.1), (200.3, 467.4), (280.3, 437.5), (360.3, 426.5), (440.3, 434.4), (520.3, 461.1), (567.0, 502.2), (567.0, 522.1), (567.0, 515.0), (567.0, 526.8), (567.0, 515.2), (567.0, 517.6), (567.0, 521.8), (567.0, 514.8), (567.0, 526.6), (567.0, 515.2), (567.0, 517.6), (567.0, 521.8), (567.0, 514.8), (567.0, 526.6), (567.0, 515.2), (567.0, 517.6), (567.0, 521.8), (567.0, 514.8), (567.0, 526.6), (567.0, 515.2), (567.0, 517.6), (567.0, 521.8), (567.0, 514.8), (567.0, 526.6), (567.0, 515.2), (567.0, 517.6), (567.0, 521.8), (567.0, 514.8), (567.0, 526.6), (567.0, 515.2), (567.0, 517.6), (567.0, 521.8), (567.0, 514.8), (567.0, 526.6), (567.0, 515.2), (567.0, 517.6), (567.0, 521.8)]",0,5.85
speedrunner,meatboy,5,Stuck,16,0,83.3,0.466,"[(73.0, 525.0), (120.3, 516.1), (200.3, 467.4), (280.3, 437.5), (360.3, 426.5), (440.3, 434.4), (520.3, 461.1), (567.0, 502.2), (567.0, 522.1), (567.0, 515.0), (567.0, 526.8), (567.0, 515.2), (567.0, 517.6), (567.0, 521.8), (567.0, 514.8), (567.0, 526.6), (567.0, 515.2), (567.0, 517.6), (567.0, 521.8), (567.0, 514.8), (567.0, 526.6), (567.0, 515.2), (567.0, 517.6), (567.0, 521.8), (567.0, 514.8), (567.0, 526.6), (567.0, 515.2), (567.0, 517.6), (567.0, 521.8), (567.0, 514.8), (567.0, 526.6), (567.0, 515.2), (567.0, 517.6), (567.0, 521.8), (567.0, 514.8), (567.0, 526.6), (567.0, 515.2), (567.0, 517.6), (567.0, 521.8), (567.0, 514.8), (567.0, 526.6), (567.0, 515.2), (567.0, 517.6), (567.0, 521.8)]",0,5.85
speedrunner,meatboy,5,Saw,1,0,538.75,0.296,"[(73.0, 525.0), (120.3, 531.3), (200.3, 531.0), (280.3, 531.9), (360.3, 531.3)]",0,0.53
speedrunner,meatboy,5,Stuck,16,0,83.3,0.466,"[(73.0, 525.0), (120.3, 516.1), (200.3, 467.4), (280.3, 437.5), (360.3, 426.5), (440.3, 434.4), (520.3, 461.1), (567.0, 502.2), (567.0, 522.1), (567.0, 515.0), (567.0, 526.8), (567.0, 515.2), (567.0, 517.6), (567.0, 521.8), (567.0, 514.8), (567.0, 526.6), (567.0, 515.2), (567.0, 517.6), (567.0, 521.8), (567.0, 514.8), (567.0, 526.6), (567.0, 515.2), (567.0, 517.6), (567.0, 521.8), (567.0, 514.8), (567.0, 526.6), (567.0, 515.2), (567.0, 517.6), (567.0, 521.8), (567.0, 514.8), (567.0, 526.6), (567.0, 515.2), (567.0, 517.6), (567.0, 521.8), (567.0, 514.8), (567.0, 526.6), (567.0, 515.2), (567.0, 517.6), (567.0, 521.8), (567.0, 514.8), (567.0, 526.6), (567.0, 515.2), (567.0, 517.6), (567.0, 521.8)]",0,5.85
speedrunner,meatboy,5,Stuck,1,0,84.02,0.466,"[(73.0, 525.0), (120.3, 523.3), (200.3, 472.2), (280.3, 440.8), (360.3, 433.8), (440.3, 445.6), (520.3, 476.2), (567.0, 519.8), (567.0, 531.9), (567.0, 531.3), (567.0, 531.0), (567.0, 531.9), (567.0, 531.3), (567.0, 531.0), (567.0, 531.9), (567.0, 531.3), (567.0, 531.0), (567.0, 531.9), (567.0, 531.3), (567.0, 531.0), (567.0, 531.9), (567.0, 531.3), (567.0, 531.0), (567.0, 531.9), (567.0, 531.3), (567.0, 531.0), (567.0, 531.9), (567.0, 531.3), (567.0, 531.0), (567.0, 531.9), (567.0, 531.3), (567.0, 531.0), (567.0, 531.9), (567.0, 531.3), (567.0, 531.0), (567.0, 531.9), (567.0, 531.3), (567.0, 531.0), (567.0, 531.9), (567.0, 531.3), (567.0, 531.0), (567.0, 531.9), (567.0, 531.3), (567.0, 531.0)]",0,5.8
speedrunner,meatboy,5,Stuck,1,0,83.3,0.466,"[(73.0, 525.0), (120.3, 516.1), (200.3, 467.4), (280.3, 437.5), (360.3, 426.5), (440.3, 434.4), (520.3, 461.1), (567.0, 502.2), (567.0, 531.3), (567.0, 531.0), (567.0, 531.9), (567.0, 531.3), (567.0, 531.0), (567.0, 531.9), (567.0, 531.3), (567.0, 531.0), (567.0, 531.9), (567.0, 531.3), (567.0, 531.0), (567.0, 531.9), (567.0, 531.3), (567.0, 531.0), (567.0, 531.9), (567.0, 531.3), (567.0, 531.0), (567.0, 531.9), (567.0, 531.3), (567.0, 531.0), (567.0, 531.9), (567.0, 531.3), (567.0, 531.0), (567.0, 531.9), (567.0, 531.3), (567.0, 531.0), (567.0, 531.9), (567.0, 531.3), (567.0, 531.0), (567.0, 531.9), (567.0, 531.3), (567.0, 531.0), (567.0, 531.9), (567.0, 531.3), (567.0, 531.0), (567.0, 531.9)]",0,5.85
speedrunner,meatboy,5,Stuck,2,0,83.3,0.466,"[(73.0, 525.0), (120.3, 516.1), (200.3, 467.4), (280.3, 437.5), (360.3, 426.5), (440.3, 434.4), (520.3, 461.1), (567.0, 502.2), (567.0, 531.3), (567.0, 531.0), (567.0, 531.9), (567.0, 531.3), (567.0, 531.0), (567.0, 531.9), (567.0, 531.3), (567.0, 531.0), (567.0, 531.9), (567.0, 531.3), (567.0, 531.0), (567.0, 531.9), (567.0, 531.3), (567.0, 531.0), (567.0, 531.9), (567.0, 531.3), (567.0, 531.0), (567.0, 531.9), (567.0, 531.3), (567.0, 531.0), (567.0, 531.9), (567.0, 531.3), (567.0, 531.0), (567.0, 531.9), (567.0, 531.3), (567.0, 531.0), (567.0, 531.9), (567.0, 531.3), (567.0, 531.0), (567.0, 531.9), (567.0, 531.3), (567.0, 531.0), (567.0, 531.9), (567.0, 531.3), (567.0, 531.0), (567.0, 531.9)]",0,5.85
speedrunner,meatboy,5,Stuck,16,0,83.3,0.466,"[(73.0, 525.0), (120.3, 516.1), (200.3, 467.4), (280.3, 437.5), (360.3, 426.5), (440.3, 434.4), (520.3, 461.1), (567.0, 502.2), (567.0, 522.1), (567.0, 515.0), (567.0, 526.8), (567.0, 515.2), (567.0, 517.6), (567.0, 521.8), (567.0, 514.8), (567.0, 526.6), (567.0, 515.2), (567.0, 517.6), (567.0, 521.8), (567.0, 514.8), (567.0, 526.6), (567.0, 515.2), (567.0, 517.6), (567.0, 521.8), (567.0, 514.8), (567.0, 526.6), (567.0, 515.2), (567.0, 517.6), (567.0, 521.8), (567.0, 514.8), (567.0, 526.6), (567.0, 515.2), (567.0, 517.6), (567.0, 521.8), (567.0, 514.8), (567.0, 526.6), (567.0, 515.2), (567.0, 517.6), (567.0, 521.8), (567.0, 514.8), (567.0, 526.6), (567.0, 515.2), (567.0, 517.6), (567.0, 521.8)]",0,5.85
speedrunner,meatboy,5,Stuck,16,0,83.3,0.466,"[(73.0, 525.0), (120.3, 516.1), (200.3, 467.4), (280.3, 437.5), (360.3, 426.5), (440.3, 434.4), (520.3, 461.1), (567.0, 502.2), (567.0, 522.1), (567.0, 515.0), (567.0, 526.8), (567.0, 515.2), (567.0, 517.6), (567.0, 521.8), (567.0, 514.8), (567.0, 526.6), (567.0, 515.2), (567.0, 517.6), (567.0, 521.8), (567.0, 514.8), (567.0, 526.6), (567.0, 515.2), (567.0, 517.6), (567.0, 521.8), (567.0, 514.8), (567.0, 526.6), (567.0, 515.2), (567.0, 517.6), (567.0, 521.8), (567.0, 514.8), (567.0, 526.6), (567.0, 515.2), (567.0, 517.6), (567.0, 521.8), (567.0, 514.8), (567.0, 526.6), (567.0, 515.2), (567.0, 517.6), (567.0, 521.8), (567.0, 514.8), (567.0, 526.6), (567.0, 515.2), (567.0, 517.6), (567.0, 521.8)]",0,5.85
speedrunner,meatboy,5,Stuck,2,0,83.3,0.466,"[(73.0, 525.0), (120.3, 516.1), (200.3, 467.4), (280.3, 437.5), (360.3, 426.5), (440.3, 434.4), (520.3, 461.1), (567.0, 502.2), (567.0, 531.3), (567.0, 531.0), (567.0, 531.9), (567.0, 531.3), (567.0, 531.0), (567.0, 531.9), (567.0, 531.3), (567.0, 531.0), (567.0, 531.9), (567.0, 531.3), (567.0, 531.0), (567.0, 531.9), (567.0, 531.3), (567.0, 531.0), (567.0, 531.9), (567.0, 531.3), (567.0, 531.0), (567.0, 531.9), (567.0, 531.3), (567.0, 531.0), (567.0, 531.9), (567.0, 531.3), (567.0, 531.0), (567.0, 531.9), (567.0, 531.3), (567.0, 531.0), (567.0, 531.9), (567.0, 531.3), (567.0, 531.0), (567.0, 531.9), (567.0, 531.3), (567.0, 531.0), (567.0, 531.9), (567.0, 531.3), (567.0, 531.0), (567.0, 531.9)]",0,5.85
speedrunner,meatboy,5,Stuck,1,0,83.3,0.466,"[(73.0, 525.0), (120.3, 516.1), (200.3, 467.4), (280.3, 437.5), (360.3, 426.5), (440.3, 434.4), (520.3, 461.1), (567.0, 502.2), (567.0, 531.3), (567.0, 531.0), (567.0, 531.9), (567.0, 531.3), (567.0, 531.0), (567.0, 531.9), (567.0, 531.3), (567.0, 531.0), (567.0, 531.9), (567.0, 531.3), (567.0, 531.0), (567.0, 531.9), (567.0, 531.3), (567.0, 531.0), (567.0, 531.9), (567.0, 531.3), (567.0, 531.0), (567.0, 531.9), (567.0, 531.3), (567.0, 531.0), (567.0, 531.9), (567.0, 531.3), (567.0, 531.0), (567.0, 531.9), (567.0, 531.3), (567.0, 531.0), (567.0, 531.9), (567.0, 531.3), (567.0, 531.0), (567.0, 531.9), (567.0, 531.3), (567.0, 531.0), (567.0, 531.9), (567.0, 531.3), (567.0, 531.0), (567.0, 531.9)]",0,5.85
speedrunner,meatboy,5,Stuck,16,0,83.3,0.466,"[(73.0, 525.0), (120.3, 516.1), (200.3, 467.4), (280.3, 437.5), (360.3, 426.5), (440.3, 434.4), (520.3, 461.1), (567.0, 502.2), (567.0, 522.1), (567.0, 515.0), (567.0, 526.8), (567.0, 515.2), (567.0, 517.6), (567.0, 521.8), (567.0, 514.8), (567.0, 526.6), (567.0, 515.2), (567.0, 517.6), (567.0, 521.8), (567.0, 514.8), (567.0, 526.6), (567.0, 515.2), (567.0, 517.6), (567.0, 521.8), (567.0, 514.8), (567.0, 526.6), (567.0, 515.2), (567.0, 517.6), (567.0, 521.8), (567.0, 514.8), (567.0, 526.6), (567.0, 515.2), (567.0, 517.6), (567.0, 521.8), (567.0, 514.8), (567.0, 526.6), (567.0, 515.2), (567.0, 517.6), (567.0, 521.8), (567.0, 514.8), (567.0, 526.6), (567.0, 515.2), (567.0, 517.6), (567.0, 521.8)]",0,5.85
speedrunner,meatboy,5,Saw,1,0,538.75,0.296,"[(73.0, 525.0), (120.3, 531.3), (200.3, 531.0), (280.3, 531.9), (360.3, 531.3)]",0,0.53
speedrunner,meatboy,5,Stuck,16,0,83.3,0.466,"[(73.0, 525.0), (120.3, 516.1), (200.3, 467.4), (280.3, 437.5), (360.3, 426.5), (440.3, 434.4), (520.3, 461.1), (567.0, 502.2), (567.0, 522.1), (567.0, 515.0), (567.0, 526.8), (567.0, 515.2), (567.0, 517.6), (567.0, 521.8), (567.0, 514.8), (567.0, 526.6), (567.0, 515.2), (567.0, 517.6), (567.0, 521.8), (567.0, 514.8), (567.0, 526.6), (567.0, 515.2), (567.0, 517.6), (567.0, 521.8), (567.0, 514.8), (567.0, 526.6), (567.0, 515.2), (567.0, 517.6), (567.0, 521.8), (567.0, 514.8), (567.0, 526.6), (567.0, 515.2), (567.0, 517.6), (567.0, 521.8), (567.0, 514.8), (567.0, 526.6), (567.0, 515.2), (567.0, 517.6), (567.0, 521.8), (567.0, 514.8), (567.0, 526.6), (567.0, 515.2), (567.0, 517.6), (567.0, 521.8)]",0,5.85
speedrunner,meatboy,5,Stuck,16,0,83.3,0.466,"[(73.0, 525.0), (120.3, 516.1), (200.3, 467.4), (280.3, 437.5), (360.3, 426.5), (440.3, 434.4), (520.3, 461.1), (567.0, 502.2), (567.0, 522.1), (567.0, 515.0), (567.0, 526.8), (567.0, 515.2), (567.0, 517.6), (567.0, 521.8), (567.0, 514.8), (567.0, 526.6), (567.0, 515.2), (567.0, 517.6), (567.0, 521.8), (567.0, 514.8), (567.0, 526.6), (567.0, 515.2), (567.0, 517.6), (567.0, 521.8), (567.0, 514.8), (567.0, 526.6), (567.0, 515.2), (567.0, 517.6), (567.0, 521.8), (567.0, 514.8), (567.0, 526.6), (567.0, 515.2), (567.0, 517.6), (567.0, 521.8), (567.0, 514.8), (567.0, 526.6), (567.0, 515.2), (567.0, 517.6), (567.0, 521.8), (567.0, 514.8), (567.0, 526.6), (567.0, 515.2), (567.0, 517.6), (567.0, 521.8)]",0,5.85
speedrunner,meatboy,5,Saw,1,0,538.75,0.296,"[(73.0, 525.0), (120.3, 531.3), (200.3, 531.0), (280.3, 531.9), (360.3, 531.3)]",0,0.53
speedrunner,meatboy,5,Stuck,10,0,83.3,0.466,"[(73.0, 525.0), (120.3, 516.1), (200.3, 467.4), (280.3, 437.5), (360.3, 426.5), (440.3, 434.4), (520.3, 461.1), (567.0, 502.2), (567.0, 516.9), (567.0, 478.5), (567.0, 476.1), (567.0, 492.7), (567.0, 527.3), (567.0, 483.2), (567.0, 473.8), (567.0, 483.3), (567.0, 511.6), (567.0, 502.3), (567.0, 475.5), (567.0, 477.9), (567.0, 499.1), (567.0, 523.9), (567.0, 479.8), (567.0, 475.1), (567.0, 489.2), (567.0, 522.0), (567.0, 490.2), (567.0, 475.0), (567.0, 482.0), (567.0, 508.0), (567.0, 508.8), (567.0, 476.2), (567.0, 476.2), (567.0, 495.1), (567.0, 531.3), (567.0, 481.4), (567.0, 474.3), (567.0, 486.1), (567.0, 516.8), (567.0, 496.1), (567.0, 475.1), (567.0, 479.8), (567.0, 503.4), (567.0, 516.9)]",0,5.85
speedrunner,meatboy,5,Stuck,16,0,83.3,0.466,"[(73.0, 525.0), (120.3, 516.1), (200.3, 467.4), (280.3, 437.5), (360.3, 426.5), (440.3, 434.4), (520.3, 461.1), (567.0, 502.2), (567.0, 523.3), (567.0, 513.9), (567.0, 523.3), (567.0, 517.6), (567.0, 515.2), (567.0, 531.7), (567.0, 514.5), (567.0, 519.2), (567.0, 521.1), (567.0, 514.0), (567.0, 525.8), (567.0, 516.2), (567.0, 516.3), (567.0, 531.0), (567.0, 514.0), (567.0, 521.1), (567.0, 519.2), (567.0, 514.5), (567.0, 528.6), (567.0, 515.2), (567.0, 517.6), (567.0, 523.3), (567.0, 513.9), (567.0, 523.3), (567.0, 517.6), (567.0, 515.2), (567.0, 531.7), (567.0, 514.5), (567.0, 519.2), (567.0, 521.1), (567.0, 514.0), (567.0, 525.8), (567.0, 516.2), (567.0, 516.3), (567.0, 531.0), (567.0, 514.0)]",0,5.85
speedrunner,meatboy,5,Stuck,16,0,83.3,0.466,"[(73.0, 525.0), (120.3, 516.1), (200.3, 467.4), (280.3, 437.5), (360.3, 426.5), (440.3, 434.4), (520.3, 461.1), (567.0, 502.2), (567.0, 523.3), (567.0, 513.9), (567.0, 523.3), (567.0, 517.6), (567.0, 515.2), (567.0, 531.7), (567.0, 514.5), (567.0, 519.2), (567.0, 521.1), (567.0, 514.0), (567.0, 525.8), (567.0, 516.2), (567.0, 516.3), (567.0, 531.0), (567.0, 514.0), (567.0, 521.1), (567.0, 519.2), (567.0, 514.5), (567.0, 528.6), (567.0, 515.2), (567.0, 517.6), (567.0, 523.3), (567.0, 513.9), (567.0, 523.3), (567.0, 517.6), (567.0, 515.2), (567.0, 531.7), (567.0, 514.5), (567.0, 519.2), (567.0, 521.1), (567.0, 514.0), (567.0, 525.8), (567.0, 516.2), (567.0, 516.3), (567.0, 531.0), (567.0, 514.0)]",0,5.85
speedrunner,meatboy,5,Stuck,10,0,83.3,0.466,"[(73.0, 525.0), (120.3, 516.1), (200.3, 467.4), (280.3, 437.5), (360.3, 426.5), (440.3, 434.4), (520.3, 461.1), (567.0, 502.2), (567.0, 516.9), (567.0, 478.5), (567.0, 476.1), (567.0, 492.7), (567.0, 527.3), (567.0, 483.2), (567.0, 473.8), (567.0, 483.3), (567.0, 511.6), (567.0, 502.3), (567.0, 475.5), (567.0, 477.9), (567.0, 499.1), (567.0, 523.9), (567.0, 479.8), (567.0, 475.1), (567.0, 489.2), (567.0, 522.0), (567.0, 490.2), (567.0, 475.0), (567.0, 482.0), (567.0, 508.0), (567.0, 508.8), (567.0, 476.2), (567.0, 476.2), (567.0, 495.1), (567.0, 531.3), (567.0, 481.4), (567.0, 474.3), (567.0, 486.1), (567.0, 516.8), (567.0, 496.1), (567.0, 475.1), (567.0, 479.8), (567.0, 503.4), (567.0, 516.9)]",0,5.85
speedrunner,meatboy,5,Stuck,16,0,83.3,0.466,"[(73.0, 525.0), (120.3, 516.1), (200.3, 467.4), (280.3, 437.5), (360.3, 426.5), (440.3, 434.4), (520.3, 461.1), (567.0, 502.2), (567.0, 522.1), (567.0, 515.0), (567.0, 526.8), (567.0, 515.2), (567.0, 517.6), (567.0, 521.8), (567.0, 514.8), (567.0, 526.6), (567.0, 515.2), (567.0, 517.6), (567.0, 521.8), (567.0, 514.8), (567.0, 526.6), (567.0, 515.2), (567.0, 517.6), (567.0, 521.8), (567.0, 514.8), (567.0, 526.6), (567.0, 515.2), (567.0, 517.6), (567.0, 521.8), (567.0, 514.8), (567.0, 526.6), (567.0, 515.2), (567.0, 517.6), (567.0, 521.8), (567.0, 514.8), (567.0, 526.6), (567.0, 515.2), (567.0, 517.6), (567.0, 521.8), (567.0, 514.8), (567.0, 526.6), (567.0, 515.2), (567.0, 517.6), (567.0, 521.8)]",0,5.85
speedrunner,meatboy,5,Stuck,16,0,83.3,0.466,"[(73.0, 525.0), (120.3, 516.1), (200.3, 467.4), (280.3, 437.5), (360.3, 426.5), (440.3, 434.4), (520.3, 461.1), (567.0, 502.2), (567.0, 522.1), (567.0, 515.0), (567.0, 526.8), (567.0, 515.2), (567.0, 517.6), (567.0, 521.8), (567.0, 514.8), (567.0, 526.6), (567.0, 515.2), (567.0, 517.6), (567.0, 521.8), (567.0, 514.8), (567.0, 526.6), (567.0, 515.2), (567.0, 517.6), (567.0, 521.8), (567.0, 514.8), (567.0, 526.6), (567.0, 515.2), (567.0, 517.6), (567.0, 521.8), (567.0, 514.8), (567.0, 526.6), (567.0, 515.2), (567.0, 517.6), (567.0, 521.8), (567.0, 514.8), (567.0, 526.6), (567.0, 515.2), (567.0, 517.6), (567.0, 521.8), (567.0, 514.8), (567.0, 526.6), (567.0, 515.2), (567.0, 517.6), (567.0, 521.8)]",0,5.85
speedrunner,meatboy,5,Stuck,18,0,83.3,0.466,"[(73.0, 525.0), (120.3, 516.1), (200.3, 467.4), (280.3, 437.5), (360.3, 426.5), (440.3, 434.4), (520.3, 461.1), (567.0, 502.2), (567.0, 522.1), (567.0, 515.0), (567.0, 526.8), (567.0, 515.2), (567.0, 517.6), (567.0, 521.8), (567.0, 514.8), (567.0, 526.6), (567.0, 515.2), (567.0, 517.6), (567.0, 521.8), (567.0, 514.8), (567.0, 526.6), (567.0, 515.2), (567.0, 517.6), (567.0, 521.8), (567.0, 514.8), (567.0, 526.6), (567.0, 515.2), (567.0, 517.6), (567.0, 521.8), (567.0, 514.8), (567.0, 526.6), (567.0, 515.2), (567.0, 517.6), (567.0, 521.8), (567.0, 514.8), (567.0, 526.6), (567.0, 515.2), (567.0, 517.6), (567.0, 521.8), (567.0, 514.8), (567.0, 526.6), (567.0, 515.2), (567.0, 517.6), (567.0, 521.8)]",0,5.85
speedrunner,meatboy,5,Stuck,16,0,83.3,0.466,"[(73.0, 525.0), (120.3, 516.1), (200.3, 467.4), (280.3, 437.5), (360.3, 426.5), (440.3, 434.4), (520.3, 461.1), (567.0, 502.2), (567.0, 522.1), (567.0, 515.0), (567.0, 526.8), (567.0, 515.2), (567.0, 517.6), (567.0, 521.8), (567.0, 514.8), (567.0, 526.6), (567.0, 515.2), (567.0, 517.6), (567.0, 521.8), (567.0, 514.8), (567.0, 526.6), (567.0, 515.2), (567.0, 517.6), (567.0, 521.8), (567.0, 514.8), (567.0, 526.6), (567.0, 515.2), (567.0, 517.6), (567.0, 521.8), (567.0, 514.8), (567.0, 526.6), (567.0, 515.2), (567.0, 517.6), (567.0, 521.8), (567.0, 514.8), (567.0, 526.6), (567.0, 515.2), (567.0, 517.6), (567.0, 521.8), (567.0, 514.8), (567.0, 526.6), (567.0, 515.2), (567.0, 517.6), (567.0, 521.8)]",0,5.85
speedrunner,meatboy,5,Stuck,16,0,83.3,0.466,"[(73.0, 525.0), (120.3, 516.1), (200.3, 467.4), (280.3, 437.5), (360.3, 426.5), (440.3, 434.4), (520.3, 461.1), (567.0, 502.2), (567.0, 522.1), (567.0, 515.0), (567.0, 526.8), (567.0, 515.2), (567.0, 517.6), (567.0, 521.8), (567.0, 514.8), (567.0, 526.6), (567.0, 515.2), (567.0, 517.6), (567.0, 521.8), (567.0, 514.8), (567.0, 526.6), (567.0, 515.2), (567.0, 517.6), (567.0, 521.8), (567.0, 514.8), (567.0, 526.6), (567.0, 515.2), (567.0, 517.6), (567.0, 521.8), (567.0, 514.8), (567.0, 526.6), (567.0, 515.2), (567.0, 517.6), (567.0, 521.8), (567.0, 514.8), (567.0, 526.6), (567.0, 515.2), (567.0, 517.6), (567.0, 521.8), (567.0, 514.8), (567.0, 526.6), (567.0, 515.2), (567.0, 517.6), (567.0, 521.8)]",0,5.85
speedrunner,meatboy,5,Saw,1,0,538.75,0.296,"[(73.0, 525.0), (120.3, 531.3), (200.3, 531.0), (280.3, 531.9), (360.3, 531.3)]",0,0.53
speedrunner,meatboy,5,Stuck,16,0,83.3,0.466,"[(73.0, 525.0), (120.3, 516.1), (200.3, 467.4), (280.3, 437.5), (360.3, 426.5), (440.3, 434.4), (520.3, 461.1), (567.0, 502.2), (567.0, 522.1), (567.0, 515.0), (567.0, 526.8), (567.0, 515.2), (567.0, 517.6), (567.0, 521.8), (567.0, 514.8), (567.0, 526.6), (567.0, 515.2), (567.0, 517.6), (567.0, 521.8), (567.0, 514.8), (567.0, 526.6), (567.0, 515.2), (567.0, 517.6), (567.0, 521.8), (567.0, 514.8), (567.0, 526.6), (567.0, 515.2), (567.0, 517.6), (567.0, 521.8), (567.0, 514.8), (567.0, 526.6), (567.0, 515.2), (567.0, 517.6), (567.0, 521.8), (567.0, 514.8), (567.0, 526.6), (567.0, 515.2), (567.0, 517.6), (567.0, 521.8), (567.0, 514.8), (567.0, 526.6), (567.0, 515.2), (567.0, 517.6), (567.0, 521.8)]",0,5.85
speedrunner,meatboy,5,Stuck,16,0,83.3,0.466,"[(73.0, 525.0), (120.3, 516.1), (200.3, 467.4), (280.3, 437.5), (360.3, 426.5), (440.3, 434.4), (520.3, 461.1), (567.0, 502.2), (567.0, 522.1), (567.0, 515.0), (567.0, 526.8), (567.0, 515.2), (567.0, 517.6), (567.0, 521.8), (567.0, 514.8), (567.0, 526.6), (567.0, 515.2), (567.0, 517.6), (567.0, 521.8), (567.0, 514.8), (567.0, 526.6), (567.0, 515.2), (567.0, 517.6), (567.0, 521.8), (567.0, 514.8), (567.0, 526.6), (567.0, 515.2), (567.0, 517.6), (567.0, 521.8), (567.0, 514.8), (567.0, 526.6), (567.0, 515.2), (567.0, 517.6), (567.0, 521.8), (567.0, 514.8), (567.0, 526.6), (567.0, 515.2), (567.0, 517.6), (567.0, 521.8), (567.0, 514.8), (567.0, 526.6), (567.0, 515.2), (567.0, 517.6), (567.0, 521.8)]",0,5.85
speedrunner,meatboy,5,Stuck,16,0,83.3,0.466,"[(73.0, 525.0), (120.3, 516.1), (200.3, 467.4), (280.3, 437.5), (360.3, 426.5), (440.3, 434.4), (520.3, 461.1), (567.0, 502.2), (567.0, 522.1), (567.0, 515.0), (567.0, 526.8), (567.0, 515.2), (567.0, 517.6), (567.0, 521.8), (567.0, 514.8), (567.0, 526.6), (567.0, 515.2), (567.0, 517.6), (567.0, 521.8), (567.0, 514.8), (567.0, 526.6), (567.0, 515.2), (567.0, 517.6), (567.0, 521.8), (567.0, 514.8), (567.0, 526.6), (567.0, 515.2), (567.0, 517.6), (567.0, 521.8), (567.0, 514.8), (567.0, 526.6), (567.0, 515.2), (567.0, 517.6), (567.0, 521.8), (567.0, 514.8), (567.0, 526.6), (567.0, 515.2), (567.0, 517.6), (567.0, 521.8), (567.0, 514.8), (567.0, 526.6), (567.0, 515.2), (567.0, 517.6), (567.0, 521.8)]",0,5.85
speedrunner,meatboy,5,Stuck,16,0,83.3,0.466,"[(73.0, 525.0), (120.3, 516.1), (200.3, 467.4), (280.3, 437.5), (360.3, 426.5), (440.3, 434.4), (520.3, 461.1), (567.0, 502.2), (567.0, 522.1), (567.0, 515.0), (567.0, 526.8), (567.0, 515.2), (567.0, 517.6), (567.0, 521.8), (567.0, 514.8), (567.0, 526.6), (567.0, 515.2), (567.0, 517.6), (567.0, 521.8), (567.0, 514.8), (567.0, 526.6), (567.0, 515.2), (567.0, 517.6), (567.0, 521.8), (567.0, 514.8), (567.0, 526.6), (567.0, 515.2), (567.0, 517.6), (567.0, 521.8), (567.0, 514.8), (567.0, 526.6), (567.0, 515.2), (567.0, 517.6), (567.0, 521.8), (567.0, 514.8), (567.0, 526.6), (567.0, 515.2), (567.0, 517.6), (567.0, 521.8), (567.0, 514.8), (567.0, 526.6), (567.0, 515.2), (567.0, 517.6), (567.0, 521.8)]",0,5.85
speedrunner,meatboy,5,Stuck,16,0,83.3,0.466,"[(73.0, 525.0), (120.3, 516.1), (200.3, 467.4), (280.3, 437.5), (360.3, 426.5), (440.3, 434.4), (520.3, 461.1), (567.0, 502.2), (567.0, 522.1), (567.0, 515.0), (567.0, 526.8), (567.0, 515.2), (567.0, 517.6), (567.0, 521.8), (567.0, 514.8), (567.0, 526.6), (567.0, 515.2), (567.0, 517.6), (567.0, 521.8), (567.0, 514.8), (567.0, 526.6), (567.0, 515.2), (567.0, 517.6), (567.0, 521.8), (567.0, 514.8), (567.0, 526.6), (567.0, 515.2), (567.0, 517.6), (567.0, 521.8), (567.0, 514.8), (567.0, 526.6), (567.0, 515.2), (567.0, 517.6), (567.0, 521.8), (567.0, 514.8), (567.0, 526.6), (567.0, 515.2), (567.0, 517.6), (567.0, 521.8), (567.0, 514.8), (567.0, 526.6), (567.0, 515.2), (567.0, 517.6), (567.0, 521.8)]",0,5.85
speedrunner,meatboy,5,Stuck,16,0,83.3,0.466,"[(73.0, 525.0), (120.3, 516.1), (200.3, 467.4), (280.3, 437.5), (360.3, 426.5), (440.3, 434.4), (520.3, 461.1), (567.0, 502.2), (567.0, 522.1), (567.0, 515.0), (567.0, 526.8), (567.0, 515.2), (567.0, 517.6), (567.0, 521.8), (567.0, 514.8), (567.0, 526.6), (567.0, 515.2), (567.0, 517.6), (567.0, 521.8), (567.0, 514.8), (567.0, 526.6), (567.0, 515.2), (567.0, 517.6), (567.0, 521.8), (567.0, 514.8), (567.0, 526.6), (567.0, 515.2), (567.0, 517.6), (567.0, 521.8), (567.0, 514.8), (567.0, 526.6), (567.0, 515.2), (567.0, 517.6), (567.0, 521.8), (567.0, 514.8), (567.0, 526.6), (567.0, 515.2), (567.0, 517.6), (567.0, 521.8), (567.0, 514.8), (567.0, 526.6), (567.0, 515.2), (567.0, 517.6), (567.0, 521.8)]",0,5.85
speedrunner,meatboy,5,Stuck,16,0,83.3,0.466,"[(73.0, 525.0), (120.3, 516.1), (200.3, 467.4), (280.3, 437.5), (360.3, 426.5), (440.3, 434.4), (520.3, 461.1), (567.0, 502.2), (567.0, 522.1), (567.0, 515.0), (567.0, 526.8), (567.0, 515.2), (567.0, 517.6), (567.0, 521.8), (567.0, 514.8), (567.0, 526.6), (567.0, 515.2), (567.0, 517.6), (567.0, 521.8), (567.0, 514.8), (567.0, 526.6), (567.0, 515.2), (567.0, 517.6), (567.0, 521.8), (567.0, 514.8), (567.0, 526.6), (567.0, 515.2), (567.0, 517.6), (567.0, 521.8), (567.0, 514.8), (567.0, 526.6), (567.0, 515.2), (567.0, 517.6), (567.0, 521.8), (567.0, 514.8), (567.0, 526.6), (567.0, 515.2), (567.0, 517.6), (567.0, 521.8), (567.0, 514.8), (567.0, 526.6), (567.0, 515.2), (567.0, 517.6), (567.0, 521.8)]",0,5.85
speedrunner,meatboy,5,Stuck,15,0,83.3,0.466,"[(73.0, 525.0), (120.3, 516.1), (200.3, 467.4), (280.3, 437.5), (360.3, 426.5), (440.3, 434.4), (520.3, 461.1), (567.0, 502.2), (567.0, 523.3), (567.0, 513.9), (567.0, 523.3), (567.0, 517.6), (567.0, 515.2), (567.0, 531.7), (567.0, 514.5), (567.0, 519.2), (567.0, 521.1), (567.0, 514.0), (567.0, 525.8), (567.0, 516.2), (567.0, 516.3), (567.0, 531.0), (567.0, 514.0), (567.0, 521.1), (567.0, 519.2), (567.0, 514.5), (567.0, 528.6), (567.0, 515.2), (567.0, 517.6), (567.0, 523.3), (567.0, 513.9), (567.0, 523.3), (567.0, 517.6), (567.0, 515.2), (567.0, 531.7), (567.0, 514.5), (567.0, 519.2), (567.0, 521.1), (567.0, 514.0), (567.0, 525.8), (567.0, 516.2), (567.0, 516.3), (567.0, 531.0), (567.0, 514.0)]",0,5.85
speedrunner,meatboy,5,Stuck,16,0,83.3,0.466,"[(73.0, 525.0), (120.3, 516.1), (200.3, 467.4), (280.3, 437.5), (360.3, 426.5), (440.3, 434.4), (520.3, 461.1), (567.0, 502.2), (567.0, 523.3), (567.0, 513.9), (567.0, 523.3), (567.0, 517.6), (567.0, 515.2), (567.0, 531.7), (567.0, 514.5), (567.0, 519.2), (567.0, 521.1), (567.0, 514.0), (567.0, 525.8), (567.0, 516.2), (567.0, 516.3), (567.0, 531.0), (567.0, 514.0), (567.0, 521.1), (567.0, 519.2), (567.0, 514.5), (567.0, 528.6), (567.0, 515.2), (567.0, 517.6), (567.0, 523.3), (567.0, 513.9), (567.0, 523.3), (567.0, 517.6), (567.0, 515.2), (567.0, 531.7), (567.0, 514.5), (567.0, 519.2), (567.0, 521.1), (567.0, 514.0), (567.0, 525.8), (567.0, 516.2), (567.0, 516.3), (567.0, 531.0), (567.0, 514.0)]",0,5.85
speedrunner,meatboy,5,Stuck,2,0,83.3,0.466,"[(73.0, 525.0), (120.3, 516.1), (200.3, 467.4), (280.3, 437.5), (360.3, 426.5), (440.3, 434.4), (520.3, 461.1), (567.0, 502.2), (567.0, 531.3), (567.0, 531.0), (567.0, 531.9), (567.0, 531.3), (567.0, 531.0), (567.0, 531.9), (567.0, 531.3), (567.0, 531.0), (567.0, 531.9), (567.0, 531.3), (567.0, 531.0), (567.0, 531.9), (567.0, 531.3), (567.0, 531.0), (567.0, 531.9), (567.0, 531.3), (567.0, 531.0), (567.0, 531.9), (567.0, 531.3), (567.0, 531.0), (567.0, 531.9), (567.0, 531.3), (567.0, 531.0), (567.0, 531.9), (567.0, 531.3), (567.0, 531.0), (567.0, 531.9), (567.0, 531.3), (567.0, 531.0), (567.0, 531.9), (567.0, 531.3), (567.0, 531.0), (567.0, 531.9), (567.0, 531.3), (567.0, 531.0), (567.0, 531.9)]",0,5.85
speedrunner,meatboy,5,Saw,2,0,538.75,0.296,"[(73.0, 525.0), (120.3, 521.3), (200.3, 514.2), (280.3, 526.0), (360.3, 531.9)]",0,0.53
speedrunner,meatboy,5,Saw,1,0,538.75,0.296,"[(73.0, 525.0), (120.3, 531.3), (200.3, 531.0), (280.3, 531.9), (360.3, 531.3)]",0,0.53
speedrunner,meatboy,5,Stuck,2,0,83.3,0.466,"[(73.0, 525.0), (120.3, 516.1), (200.3, 467.4), (280.3, 437.5), (360.3, 426.5), (440.3, 434.4), (520.3, 461.1), (567.0, 502.2), (567.0, 531.3), (567.0, 531.0), (567.0, 531.9), (567.0, 531.3), (567.0, 531.0), (567.0, 531.9), (567.0, 531.3), (567.0, 531.0), (567.0, 531.9), (567.0, 531.3), (567.0, 531.0), (567.0, 531.9), (567.0, 531.3), (567.0, 531.0), (567.0, 531.9), (567.0, 531.3), (567.0, 531.0), (567.0, 531.9), (567.0, 531.3), (567.0, 531.0), (567.0, 531.9), (567.0, 531.3), (567.0, 531.0), (567.0, 531.9), (567.0, 531.3), (567.0, 531.0), (567.0, 531.9), (567.0, 531.3), (567.0, 531.0), (567.0, 531.9), (567.0, 531.3), (567.0, 531.0), (567.0, 531.9), (567.0, 531.3), (567.0, 531.0), (567.0, 531.9)]",0,5.85
speedrunner,meatboy,5,Stuck,16,0,83.3,0.466,"[(73.0, 525.0), (120.3, 516.1), (200.3, 467.4), (280.3, 437.5), (360.3, 426.5), (440.3, 434.4), (520.3, 461.1), (567.0, 502.2), (567.0, 523.3), (567.0, 513.9), (567.0, 523.3), (567.0, 517.6), (567.0, 515.2), (567.0, 531.7), (567.0, 514.5), (567.0, 519.2), (567.0, 521.1), (567.0, 514.0), (567.0, 525.8), (567.0, 516.2), (567.0, 516.3), (567.0, 531.0), (567.0, 514.0), (567.0, 521.1), (567.0, 519.2), (567.0, 514.5), (567.0, 528.6), (567.0, 515.2), (567.0, 517.6), (567.0, 523.3), (567.0, 513.9), (567.0, 523.3), (567.0, 517.6), (567.0, 515.2), (567.0, 531.7), (567.0, 514.5), (567.0, 519.2), (567.0, 521.1), (567.0, 514.0), (567.0, 525.8), (567.0, 516.2), (567.0, 516.3), (567.0, 531.0), (567.0, 514.0)]",0,5.85
speedrunner,meatboy,5,Stuck,15,0,83.3,0.466,"[(73.0, 525.0), (120.3, 516.1), (200.3, 467.4), (280.3, 437.5), (360.3, 426.5), (440.3, 434.4), (520.3, 461.1), (567.0, 502.2), (567.0, 523.3), (567.0, 513.9), (567.0, 523.3), (567.0, 517.6), (567.0, 515.2), (567.0, 531.7), (567.0, 514.5), (567.0, 519.2), (567.0, 521.1), (567.0, 514.0), (567.0, 525.8), (567.0, 516.2), (567.0, 516.3), (567.0, 531.0), (567.0, 514.0), (567.0, 521.1), (567.0, 519.2), (567.0, 514.5), (567.0, 528.6), (567.0, 515.2), (567.0, 517.6), (567.0, 523.3), (567.0, 513.9), (567.0, 523.3), (567.0, 517.6), (567.0, 515.2), (567.0, 531.7), (567.0, 514.5), (567.0, 519.2), (567.0, 521.1), (567.0, 514.0), (567.0, 525.8), (567.0, 516.2), (567.0, 516.3), (567.0, 531.0), (567.0, 514.0)]",0,5.85
speedrunner,meatboy,5,Stuck,16,0,83.3,0.466,"[(73.0, 525.0), (120.3, 516.1), (200.3, 467.4), (280.3, 437.5), (360.3, 426.5), (440.3, 434.4), (520.3, 461.1), (567.0, 502.2), (567.0, 522.1), (567.0, 515.0), (567.0, 526.8), (567.0, 515.2), (567.0, 517.6), (567.0, 521.8), (567.0, 514.8), (567.0, 526.6), (567.0, 515.2), (567.0, 517.6), (567.0, 521.8), (567.0, 514.8), (567.0, 526.6), (567.0, 515.2), (567.0, 517.6), (567.0, 521.8), (567.0, 514.8), (567.0, 526.6), (567.0, 515.2), (567.0, 517.6), (567.0, 521.8), (567.0, 514.8), (567.0, 526.6), (567.0, 515.2), (567.0, 517.6), (567.0, 521.8), (567.0, 514.8), (567.0, 526.6), (567.0, 515.2), (567.0, 517.6), (567.0, 521.8), (567.0, 514.8), (567.0, 526.6), (567.0, 515.2), (567.0, 517.6), (567.0, 521.8)]",0,5.85
speedrunner,meatboy,5,Stuck,16,0,83.3,0.466,"[(73.0, 525.0), (120.3, 516.1), (200.3, 467.4), (280.3, 437.5), (360.3, 426.5), (440.3, 434.4), (520.3, 461.1), (567.0, 502.2), (567.0, 522.1), (567.0, 515.0), (567.0, 526.8), (567.0, 515.2), (567.0, 517.6), (567.0, 521.8), (567.0, 514.8), (567.0, 526.6), (567.0, 515.2), (567.0, 517.6), (567.0, 521.8), (567.0, 514.8), (567.0, 526.6), (567.0, 515.2), (567.0, 517.6), (567.0, 521.8), (567.0, 514.8), (567.0, 526.6), (567.0, 515.2), (567.0, 517.6), (567.0, 521.8), (567.0, 514.8), (567.0, 526.6), (567.0, 515.2), (567.0, 517.6), (567.0, 521.8), (567.0, 514.8), (567.0, 526.6), (567.0, 515.2), (567.0, 517.6), (567.0, 521.8), (567.0, 514.8), (567.0, 526.6), (567.0, 515.2), (567.0, 517.6), (567.0, 521.8)]",0,5.85
speedrunner,meatboy,5,Stuck,1,0,83.3,0.466,"[(73.0, 525.0), (120.3, 516.1), (200.3, 467.4), (280.3, 437.5), (360.3, 426.5), (440.3, 434.4), (520.3, 461.1), (567.0, 502.2), (567.0, 531.3), (567.0, 531.0), (567.0, 531.9), (567.0, 531.3), (567.0, 531.0), (567.0, 531.9), (567.0, 531.3), (567.0, 531.0), (567.0, 531.9), (567.0, 531.3), (567.0, 531.0), (567.0, 531.9), (567.0, 531.3), (567.0, 531.0), (567.0, 531.9), (567.0, 531.3), (567.0, 531.0), (567.0, 531.9), (567.0, 531.3), (567.0, 531.0), (567.0, 531.9), (567.0, 531.3), (567.0, 531.0), (567.0, 531.9), (567.0, 531.3), (567.0, 531.0), (567.0, 531.9), (567.0, 531.3), (567.0, 531.0), (567.0, 531.9), (567.0, 531.3), (567.0, 531.0), (567.0, 531.9), (567.0, 531.3), (567.0, 531.0), (567.0, 531.9)]",0,5.85
speedrunner,meatboy,5,Stuck,16,0,83.3,0.466,"[(73.0, 525.0), (120.3, 516.1), (200.3, 467.4), (280.3, 437.5), (360.3, 426.5), (440.3, 434.4), (520.3, 461.1), (567.0, 502.2), (567.0, 522.1), (567.0, 515.0), (567.0, 526.8), (567.0, 515.2), (567.0, 517.6), (567.0, 521.8), (567.0, 514.8), (567.0, 526.6), (567.0, 515.2), (567.0, 517.6), (567.0, 521.8), (567.0, 514.8), (567.0, 526.6), (567.0, 515.2), (567.0, 517.6), (567.0, 521.8), (567.0, 514.8), (567.0, 526.6), (567.0, 515.2), (567.0, 517.6), (567.0, 521.8), (567.0, 514.8), (567.0, 526.6), (567.0, 515.2), (567.0, 517.6), (567.0, 521.8), (567.0, 514.8), (567.0, 526.6), (567.0, 515.2), (567.0, 517.6), (567.0, 521.8), (567.0, 514.8), (567.0, 526.6), (567.0, 515.2), (567.0, 517.6), (567.0, 521.8)]",0,5.85
speedrunner,meatboy,5,Stuck,16,0,83.3,0.466,"[(73.0, 525.0), (120.3, 516.1), (200.3, 467.4), (280.3, 437.5), (360.3, 426.5), (440.3, 434.4), (520.3, 461.1), (567.0, 502.2), (567.0, 522.1), (567.0, 515.0), (567.0, 526.8), (567.0, 515.2), (567.0, 517.6), (567.0, 521.8), (567.0, 514.8), (567.0, 526.6), (567.0, 515.2), (567.0, 517.6), (567.0, 521.8), (567.0, 514.8), (567.0, 526.6), (567.0, 515.2), (567.0, 517.6), (567.0, 521.8), (567.0, 514.8), (567.0, 526.6), (567.0, 515.2), (567.0, 517.6), (567.0, 521.8), (567.0, 514.8), (567.0, 526.6), (567.0, 515.2), (567.0, 517.6), (567.0, 521.8), (567.0, 514.8), (567.0, 526.6), (567.0, 515.2), (567.0, 517.6), (567.0, 521.8), (567.0, 514.8), (567.0, 526.6), (567.0, 515.2), (567.0, 517.6), (567.0, 521.8)]",0,5.85
speedrunner,meatboy,5,Stuck,2,0,83.3,0.466,"[(73.0, 525.0), (120.3, 516.1), (200.3, 467.4), (280.3, 437.5), (360.3, 426.5), (440.3, 434.4), (520.3, 461.1), (567.0, 502.2), (567.0, 531.3), (567.0, 531.0), (567.0, 531.9), (567.0, 531.3), (567.0, 531.0), (567.0, 531.9), (567.0, 531.3), (567.0, 531.0), (567.0, 531.9), (567.0, 531.3), (567.0, 531.0), (567.0, 531.9), (567.0, 531.3), (567.0, 531.0), (567.0, 531.9), (567.0, 531.3), (567.0, 531.0), (567.0, 531.9), (567.0, 531.3), (567.0, 531.0), (567.0, 531.9), (567.0, 531.3), (567.0, 531.0), (567.0, 531.9), (567.0, 531.3), (567.0, 531.0), (567.0, 531.9), (567.0, 531.3), (567.0, 531.0), (567.0, 531.9), (567.0, 531.3), (567.0, 531.0), (567.0, 531.9), (567.0, 531.3), (567.0, 531.0), (567.0, 531.9)]",0,5.85
speedrunner,meatboy,5,Stuck,2,0,83.3,0.466,"[(73.0, 525.0), (120.3, 516.1), (200.3, 467.4), (280.3, 437.5), (360.3, 426.5), (440.3, 434.4), (520.3, 461.1), (567.0, 502.2), (567.0, 531.3), (567.0, 531.0), (567.0, 531.9), (567.0, 531.3), (567.0, 531.0), (567.0, 531.9), (567.0, 531.3), (567.0, 531.0), (567.0, 531.9), (567.0, 531.3), (567.0, 531.0), (567.0, 531.9), (567.0, 531.3), (567.0, 531.0), (567.0, 531.9), (567.0, 531.3), (567.0, 531.0), (567.0, 531.9), (567.0, 531.3), (567.0, 531.0), (567.0, 531.9), (567.0, 531.3), (567.0, 531.0), (567.0, 531.9), (567.0, 531.3), (567.0, 531.0), (567.0, 531.9), (567.0, 531.3), (567.0, 531.0), (567.0, 531.9), (567.0, 531.3), (567.0, 531.0), (567.0, 531.9), (567.0, 531.3), (567.0, 531.0), (567.0, 531.9)]",0,5.85
speedrunner,meatboy,5,Stuck,2,0,83.3,0.466,"[(73.0, 525.0), (120.3, 516.1), (200.3, 467.4), (280.3, 437.5), (360.3, 426.5), (440.3, 434.4), (520.3, 461.1), (567.0, 502.2), (567.0, 531.3), (567.0, 531.0), (567.0, 531.9), (567.0, 531.3), (567.0, 531.0), (567.0, 531.9), (567.0, 531.3), (567.0, 531.0), (567.0, 531.9), (567.0, 531.3), (567.0, 531.0), (567.0, 531.9), (567.0, 531.3), (567.0, 531.0), (567.0, 531.9), (567.0, 531.3), (567.0, 531.0), (567.0, 531.9), (567.0, 531.3), (567.0, 531.0), (567.0, 531.9), (567.0, 531.3), (567.0, 531.0), (567.0, 531.9), (567.0, 531.3), (567.0, 531.0), (567.0, 531.9), (567.0, 531.3), (567.0, 531.0), (567.0, 531.9), (567.0, 531.3), (567.0, 531.0), (567.0, 531.9), (567.0, 531.3), (567.0, 531.0), (567.0, 531.9)]",0,5.85
speedrunner,meatboy,5,Stuck,2,0,83.3,0.466,"[(73.0, 525.0), (120.3, 516.1), (200.3, 467.4), (280.3, 437.5), (360.3, 426.5), (440.3, 434.4), (520.3, 461.1), (567.0, 502.2), (567.0, 531.3), (567.0, 531.0), (567.0, 531.9), (567.0, 531.3), (567.0, 531.0), (567.0, 531.9), (567.0, 531.3), (567.0, 531.0), (567.0, 531.9), (567.0, 531.3), (567.0, 531.0), (567.0, 531.9), (567.0, 531.3), (567.0, 531.0), (567.0, 531.9), (567.0, 531.3), (567.0, 531.0), (567.0, 531.9), (567.0, 531.3), (567.0, 531.0), (567.0, 531.9), (567.0, 531.3), (567.0, 531.0), (567.0, 531.9), (567.0, 531.3), (567.0, 531.0), (567.0, 531.9), (567.0, 531.3), (567.0, 531.0), (567.0, 531.9), (567.0, 531.3), (567.0, 531.0), (567.0, 531.9), (567.0, 531.3), (567.0, 531.0), (567.0, 531.9)]",0,5.85
speedrunner,meatboy,5,Stuck,16,0,83.3,0.466,"[(73.0, 525.0), (120.3, 516.1), (200.3, 467.4), (280.3, 437.5), (360.3, 426.5), (440.3, 434.4), (520.3, 461.1), (567.0, 502.2), (567.0, 522.1), (567.0, 515.0), (567.0, 526.8), (567.0, 515.2), (567.0, 517.6), (567.0, 521.8), (567.0, 514.8), (567.0, 526.6), (567.0, 515.2), (567.0, 517.6), (567.0, 521.8), (567.0, 514.8), (567.0, 526.6), (567.0, 515.2), (567.0, 517.6), (567.0, 521.8), (567.0, 514.8), (567.0, 526.6), (567.0, 515.2), (567.0, 517.6), (567.0, 521.8), (567.0, 514.8), (567.0, 526.6), (567.0, 515.2), (567.0, 517.6), (567.0, 521.8), (567.0, 514.8), (567.0, 526.6), (567.0, 515.2), (567.0, 517.6), (567.0, 521.8), (567.0, 514.8), (567.0, 526.6), (567.0, 515.2), (567.0, 517.6), (567.0, 521.8)]",0,5.85
speedrunner,meatboy,5,Stuck,16,0,83.3,0.466,"[(73.0, 525.0), (120.3, 516.1), (200.3, 467.4), (280.3, 437.5), (360.3, 426.5), (440.3, 434.4), (520.3, 461.1), (567.0, 502.2), (567.0, 522.1), (567.0, 515.0), (567.0, 526.8), (567.0, 515.2), (567.0, 517.6), (567.0, 521.8), (567.0, 514.8), (567.0, 526.6), (567.0, 515.2), (567.0, 517.6), (567.0, 521.8), (567.0, 514.8), (567.0, 526.6), (567.0, 515.2), (567.0, 517.6), (567.0, 521.8), (567.0, 514.8), (567.0, 526.6), (567.0, 515.2), (567.0, 517.6), (567.0, 521.8), (567.0, 514.8), (567.0, 526.6), (567.0, 515.2), (567.0, 517.6), (567.0, 521.8), (567.0, 514.8), (567.0, 526.6), (567.0, 515.2), (567.0, 517.6), (567.0, 521.8), (567.0, 514.8), (567.0, 526.6), (567.0, 515.2), (567.0, 517.6), (567.0, 521.8)]",0,5.85
speedrunner,meatboy,5,Saw,2,0,538.75,0.296,"[(73.0, 525.0), (120.3, 521.3), (200.3, 514.2), (280.3, 526.0), (360.3, 531.9)]",0,0.53
speedrunner,meatboy,5,Stuck,16,0,83.3,0.466,"[(73.0, 525.0), (120.3, 516.1), (200.3, 467.4), (280.3, 437.5), (360.3, 426.5), (440.3, 434.4), (520.3, 461.1), (567.0, 502.2), (567.0, 522.1), (567.0, 515.0), (567.0, 526.8), (567.0, 515.2), (567.0, 517.6), (567.0, 521.8), (567.0, 514.8), (567.0, 526.6), (567.0, 515.2), (567.0, 517.6), (567.0, 521.8), (567.0, 514.8), (567.0, 526.6), (567.0, 515.2), (567.0, 517.6), (567.0, 521.8), (567.0, 514.8), (567.0, 526.6), (567.0, 515.2), (567.0, 517.6), (567.0, 521.8), (567.0, 514.8), (567.0, 526.6), (567.0, 515.2), (567.0, 517.6), (567.0, 521.8), (567.0, 514.8), (567.0, 526.6), (567.0, 515.2), (567.0, 517.6), (567.0, 521.8), (567.0, 514.8), (567.0, 526.6), (567.0, 515.2), (567.0, 517.6), (567.0, 521.8)]",0,5.85
speedrunner,meatboy,5,Stuck,1,0,83.3,0.466,"[(73.0, 525.0), (120.3, 516.1), (200.3, 467.4), (280.3, 437.5), (360.3, 426.5), (440.3, 434.4), (520.3, 461.1), (567.0, 502.2), (567.0, 531.3), (567.0, 531.0), (567.0, 531.9), (567.0, 531.3), (567.0, 531.0), (567.0, 531.9), (567.0, 531.3), (567.0, 531.0), (567.0, 531.9), (567.0, 531.3), (567.0, 531.0), (567.0, 531.9), (567.0, 531.3), (567.0, 531.0), (567.0, 531.9), (567.0, 531.3), (567.0, 531.0), (567.0, 531.9), (567.0, 531.3), (567.0, 531.0), (567.0, 531.9), (567.0, 531.3), (567.0, 531.0), (567.0, 531.9), (567.0, 531.3), (567.0, 531.0), (567.0, 531.9), (567.0, 531.3), (567.0, 531.0), (567.0, 531.9), (567.0, 531.3), (567.0, 531.0), (567.0, 531.9), (567.0, 531.3), (567.0, 531.0), (567.0, 531.9)]",0,5.85
speedrunner,meatboy,5,Stuck,16,0,83.3,0.466,"[(73.0, 525.0), (120.3, 516.1), (200.3, 467.4), (280.3, 437.5), (360.3, 426.5), (440.3, 434.4), (520.3, 461.1), (567.0, 502.2), (567.0, 522.1), (567.0, 515.0), (567.0, 526.8), (567.0, 515.2), (567.0, 517.6), (567.0, 521.8), (567.0, 514.8), (567.0, 526.6), (567.0, 515.2), (567.0, 517.6), (567.0, 521.8), (567.0, 514.8), (567.0, 526.6), (567.0, 515.2), (567.0, 517.6), (567.0, 521.8), (567.0, 514.8), (567.0, 526.6), (567.0, 515.2), (567.0, 517.6), (567.0, 521.8), (567.0, 514.8), (567.0, 526.6), (567.0, 515.2), (567.0, 517.6), (567.0, 521.8), (567.0, 514.8), (567.0, 526.6), (567.0, 515.2), (567.0, 517.6), (567.0, 521.8), (567.0, 514.8), (567.0, 526.6), (567.0, 515.2), (567.0, 517.6), (567.0, 521.8)]",0,5.85
speedrunner,meatboy,5,Stuck,2,0,83.3,0.466,"[(73.0, 525.0), (120.3, 516.1), (200.3, 467.4), (280.3, 437.5), (360.3, 426.5), (440.3, 434.4), (520.3, 461.1), (567.0, 502.2), (567.0, 531.3), (567.0, 531.0), (567.0, 531.9), (567.0, 531.3), (567.0, 531.0), (567.0, 531.9), (567.0, 531.3), (567.0, 531.0), (567.0, 531.9), (567.0, 531.3), (567.0, 531.0), (567.0, 531.9), (567.0, 531.3), (567.0, 531.0), (567.0, 531.9), (567.0, 531.3), (567.0, 531.0), (567.0, 531.9), (567.0, 531.3), (567.0, 531.0), (567.0, 531.9), (567.0, 531.3), (567.0, 531.0), (567.0, 531.9), (567.0, 531.3), (567.0, 531.0), (567.0, 531.9), (567.0, 531.3), (567.0, 531.0), (567.0, 531.9), (567.0, 531.3), (567.0, 531.0), (567.0, 531.9), (567.0, 531.3), (567.0, 531.0), (567.0, 531.9)]",0,5.85
speedrunner,meatboy,5,Stuck,1,0,83.3,0.466,"[(73.0, 525.0), (120.3, 516.1), (200.3, 467.4), (280.3, 437.5), (360.3, 426.5), (440.3, 434.4), (520.3, 461.1), (567.0, 502.2), (567.0, 531.3), (567.0, 531.0), (567.0, 531.9), (567.0, 531.3), (567.0, 531.0), (567.0, 531.9), (567.0, 531.3), (567.0, 531.0), (567.0, 531.9), (567.0, 531.3), (567.0, 531.0), (567.0, 531.9), (567.0, 531.3), (567.0, 531.0), (567.0, 531.9), (567.0, 531.3), (567.0, 531.0), (567.0, 531.9), (567.0, 531.3), (567.0, 531.0), (567.0, 531.9), (567.0, 531.3), (567.0, 531.0), (567.0, 531.9), (567.0, 531.3), (567.0, 531.0), (567.0, 531.9), (567.0, 531.3), (567.0, 531.0), (567.0, 531.9), (567.0, 531.3), (567.0, 531.0), (567.0, 531.9), (567.0, 531.3), (567.0, 531.0), (567.0, 531.9)]",0,5.85
speedrunner,meatboy,5,Stuck,1,0,83.3,0.466,"[(73.0, 525.0), (120.3, 516.1), (200.3, 467.4), (280.3, 437.5), (360.3, 426.5), (440.3, 434.4), (520.3, 461.1), (567.0, 502.2), (567.0, 531.3), (567.0, 531.0), (567.0, 531.9), (567.0, 531.3), (567.0, 531.0), (567.0, 531.9), (567.0, 531.3), (567.0, 531.0), (567.0, 531.9), (567.0, 531.3), (567.0, 531.0), (567.0, 531.9), (567.0, 531.3), (567.0, 531.0), (567.0, 531.9), (567.0, 531.3), (567.0, 531.0), (567.0, 531.9), (567.0, 531.3), (567.0, 531.0), (567.0, 531.9), (567.0, 531.3), (567.0, 531.0), (567.0, 531.9), (567.0, 531.3), (567.0, 531.0), (567.0, 531.9), (567.0, 531.3), (567.0, 531.0), (567.0, 531.9), (567.0, 531.3), (567.0, 531.0), (567.0, 531.9), (567.0, 531.3), (567.0, 531.0), (567.0, 531.9)]",0,5.85
speedrunner,meatboy,5,Stuck,2,0,83.3,0.466,"[(73.0, 525.0), (120.3, 516.1), (200.3, 467.4), (280.3, 437.5), (360.3, 426.5), (440.3, 434.4), (520.3, 461.1), (567.0, 502.2), (567.0, 531.3), (567.0, 531.0), (567.0, 531.9), (567.0, 531.3), (567.0, 531.0), (567.0, 531.9), (567.0, 531.3), (567.0, 531.0), (567.0, 531.9), (567.0, 531.3), (567.0, 531.0), (567.0, 531.9), (567.0, 531.3), (567.0, 531.0), (567.0, 531.9), (567.0, 531.3), (567.0, 531.0), (567.0, 531.9), (567.0, 531.3), (567.0, 531.0), (567.0, 531.9), (567.0, 531.3), (567.0, 531.0), (567.0, 531.9), (567.0, 531.3), (567.0, 531.0), (567.0, 531.9), (567.0, 531.3), (567.0, 531.0), (567.0, 531.9), (567.0, 531.3), (567.0, 531.0), (567.0, 531.9), (567.0, 531.3), (567.0, 531.0), (567.0, 531.9)]",0,5.85
speedrunner,meatboy,5,Stuck,16,0,83.3,0.466,"[(73.0, 525.0), (120.3, 516.1), (200.3, 467.4), (280.3, 437.5), (360.3, 426.5), (440.3, 434.4), (520.3, 461.1), (567.0, 502.2), (567.0, 522.1), (567.0, 515.0), (567.0, 526.8), (567.0, 515.2), (567.0, 517.6), (567.0, 521.8), (567.0, 514.8), (567.0, 526.6), (567.0, 515.2), (567.0, 517.6), (567.0, 521.8), (567.0, 514.8), (567.0, 526.6), (567.0, 515.2), (567.0, 517.6), (567.0, 521.8), (567.0, 514.8), (567.0, 526.6), (567.0, 515.2), (567.0, 517.6), (567.0, 521.8), (567.0, 514.8), (567.0, 526.6), (567.0, 515.2), (567.0, 517.6), (567.0, 521.8), (567.0, 514.8), (567.0, 526.6), (567.0, 515.2), (567.0, 517.6), (567.0, 521.8), (567.0, 514.8), (567.0, 526.6), (567.0, 515.2), (567.0, 517.6), (567.0, 521.8)]",0,5.85
speedrunner,meatboy,5,Stuck,1,0,83.3,0.466,"[(73.0, 525.0), (120.3, 516.1), (200.3, 467.4), (280.3, 437.5), (360.3, 426.5), (440.3, 434.4), (520.3, 461.1), (567.0, 502.2), (567.0, 531.3), (567.0, 531.0), (567.0, 531.9), (567.0, 531.3), (567.0, 531.0), (567.0, 531.9), (567.0, 531.3), (567.0, 531.0), (567.0, 531.9), (567.0, 531.3), (567.0, 531.0), (567.0, 531.9), (567.0, 531.3), (567.0, 531.0), (567.0, 531.9), (567.0, 531.3), (567.0, 531.0), (567.0, 531.9), (567.0, 531.3), (567.0, 531.0), (567.0, 531.9), (567.0, 531.3), (567.0, 531.0), (567.0, 531.9), (567.0, 531.3), (567.0, 531.0), (567.0, 531.9), (567.0, 531.3), (567.0, 531.0), (567.0, 531.9), (567.0, 531.3), (567.0, 531.0), (567.0, 531.9), (567.0, 531.3), (567.0, 531.0), (567.0, 531.9)]",0,5.85
speedrunner,meatboy,5,Stuck,16,0,83.3,0.466,"[(73.0, 525.0), (120.3, 516.1), (200.3, 467.4), (280.3, 437.5), (360.3, 426.5), (440.3, 434.4), (520.3, 461.1), (567.0, 502.2), (567.0, 522.1), (567.0, 515.0), (567.0, 526.8), (567.0, 515.2), (567.0, 517.6), (567.0, 521.8), (567.0, 514.8), (567.0, 526.6), (567.0, 515.2), (567.0, 517.6), (567.0, 521.8), (567.0, 514.8), (567.0, 526.6), (567.0, 515.2), (567.0, 517.6), (567.0, 521.8), (567.0, 514.8), (567.0, 526.6), (567.0, 515.2), (567.0, 517.6), (567.0, 521.8), (567.0, 514.8), (567.0, 526.6), (567.0, 515.2), (567.0, 517.6), (567.0, 521.8), (567.0, 514.8), (567.0, 526.6), (567.0, 515.2), (567.0, 517.6), (567.0, 521.8), (567.0, 514.8), (567.0, 526.6), (567.0, 515.2), (567.0, 517.6), (567.0, 521.8)]",0,5.85
speedrunner,meatboy,5,Saw,2,0,538.75,0.296,"[(73.0, 525.0), (120.3, 521.3), (200.3, 514.2), (280.3, 526.0), (360.3, 531.9)]",0,0.53
speedrunner,meatboy,5,Stuck,16,0,83.3,0.466,"[(73.0, 525.0), (120.3, 516.1), (200.3, 467.4), (280.3, 437.5), (360.3, 426.5), (440.3, 434.4), (520.3, 461.1), (567.0, 502.2), (567.0, 522.1), (567.0, 515.0), (567.0, 526.8), (567.0, 515.2), (567.0, 517.6), (567.0, 521.8), (567.0, 514.8), (567.0, 526.6), (567.0, 515.2), (567.0, 517.6), (567.0, 521.8), (567.0, 514.8), (567.0, 526.6), (567.0, 515.2), (567.0, 517.6), (567.0, 521.8), (567.0, 514.8), (567.0, 526.6), (567.0, 515.2), (567.0, 517.6), (567.0, 521.8), (567.0, 514.8), (567.0, 526.6), (567.0, 515.2), (567.0, 517.6), (567.0, 521.8), (567.0, 514.8), (567.0, 526.6), (567.0, 515.2), (567.0, 517.6), (567.0, 521.8), (567.0, 514.8), (567.0, 526.6), (567.0, 515.2), (567.0, 517.6), (567.0, 521.8)]",0,5.85
speedrunner,meatboy,5,Stuck,2,0,84.27,0.466,"[(73.0, 525.0), (116.3, 516.1), (196.0, 467.4), (276.0, 437.5), (356.0, 426.5), (436.0, 434.4), (516.0, 461.1), (567.0, 506.6), (567.0, 531.3), (567.0, 531.0), (567.0, 531.9), (567.0, 531.3), (567.0, 531.0), (567.0, 531.9), (567.0, 531.3), (567.0, 531.0), (567.0, 531.9), (567.0, 531.3), (567.0, 531.0), (567.0, 531.9), (567.0, 531.3), (567.0, 531.0), (567.0, 531.9), (567.0, 531.3), (567.0, 531.0), (567.0, 531.9), (567.0, 531.3), (567.0, 531.0), (567.0, 531.9), (567.0, 531.3), (567.0, 531.0), (567.0, 531.9), (567.0, 531.3), (567.0, 531.0), (567.0, 531.9), (567.0, 531.3), (567.0, 531.0), (567.0, 531.9), (567.0, 531.3), (567.0, 531.0), (567.0, 531.9), (567.0, 531.3), (567.0, 531.0), (567.0, 531.9)]",0,5.85
speedrunner,meatboy,5,Saw,2,0,538.75,0.296,"[(73.0, 525.0), (120.3, 521.3), (200.3, 514.2), (280.3, 526.0), (360.3, 531.9)]",0,0.53
speedrunner,meatboy,5,Stuck,2,0,36.79,0.226,"[(73.0, 525.0), (74.3, 521.3), (130.3, 514.2), (210.3, 526.0), (269.3, 531.9), (275.3, 531.3), (275.3, 531.0), (275.3, 531.9), (275.3, 531.3), (275.3, 531.0), (275.3, 531.9), (275.3, 531.3), (275.3, 531.0), (275.3, 531.9), (275.3, 531.3), (275.3, 531.0), (275.3, 531.9), (275.3, 531.3), (275.3, 531.0), (275.3, 531.9), (275.3, 531.3), (275.3, 531.0), (275.3, 531.9), (275.3, 531.3), (275.3, 531.0), (275.3, 531.9), (275.3, 531.3), (275.3, 531.0), (275.3, 531.9), (275.3, 531.3), (275.3, 531.0), (275.3, 531.9), (275.3, 531.3), (275.3, 531.0), (275.3, 531.9), (275.3, 531.3), (275.3, 531.0), (275.3, 531.9), (275.3, 531.3), (275.3, 531.0), (275.3, 531.9), (275.3, 531.3)]",0,5.5
speedrunner,meatboy,5,Stuck,2,0,84.27,0.466,"[(73.0, 525.0), (116.3, 516.1), (196.0, 467.4), (276.0, 437.5), (356.0, 426.5), (436.0, 434.4), (516.0, 461.1), (567.0, 506.6), (567.0, 531.3), (567.0, 531.0), (567.0, 531.9), (567.0, 531.3), (567.0, 531.0), (567.0, 531.9), (567.0, 531.3), (567.0, 531.0), (567.0, 531.9), (567.0, 531.3), (567.0, 531.0), (567.0, 531.9), (567.0, 531.3), (567.0, 531.0), (567.0, 531.9), (567.0, 531.3), (567.0, 531.0), (567.0, 531.9), (567.0, 531.3), (567.0, 531.0), (567.0, 531.9), (567.0, 531.3), (567.0, 531.0), (567.0, 531.9), (567.0, 531.3), (567.0, 531.0), (567.0, 531.9), (567.0, 531.3), (567.0, 531.0), (567.0, 531.9), (567.0, 531.3), (567.0, 531.0), (567.0, 531.9), (567.0, 531.3), (567.0, 531.0), (567.0, 531.9)]",0,5.85
speedrunner,meatboy,5,Stuck,16,0,83.3,0.466,"[(73.0, 525.0), (120.3, 516.1), (200.3, 467.4), (280.3, 437.5), (360.3, 426.5), (440.3, 434.4), (520.3, 461.1), (567.0, 502.2), (567.0, 522.1), (567.0, 515.0), (567.0, 526.8), (567.0, 515.2), (567.0, 517.6), (567.0, 521.8), (567.0, 514.8), (567.0, 526.6), (567.0, 515.2), (567.0, 517.6), (567.0, 521.8), (567.0, 514.8), (567.0, 526.6), (567.0, 515.2), (567.0, 517.6), (567.0, 521.8), (567.0, 514.8), (567.0, 526.6), (567.0, 515.2), (567.0, 517.6), (567.0, 521.8), (567.0, 514.8), (567.0, 526.6), (567.0, 515.2), (567.0, 517.6), (567.0, 521.8), (567.0, 514.8), (567.0, 526.6), (567.0, 515.2), (567.0, 517.6), (567.0, 521.8), (567.0, 514.8), (567.0, 526.6), (567.0, 515.2), (567.0, 517.6), (567.0, 521.8)]",0,5.85
speedrunner,meatboy,5,Stuck,16,0,83.3,0.466,"[(73.0, 525.0), (120.3, 516.1), (200.3, 467.4), (280.3, 437.5), (360.3, 426.5), (440.3, 434.4), (520.3, 461.1), (567.0, 502.2), (567.0, 522.1), (567.0, 515.0), (567.0, 526.8), (567.0, 515.2), (567.0, 517.6), (567.0, 521.8), (567.0, 514.8), (567.0, 526.6), (567.0, 515.2), (567.0, 517.6), (567.0, 521.8), (567.0, 514.8), (567.0, 526.6), (567.0, 515.2), (567.0, 517.6), (567.0, 521.8), (567.0, 514.8), (567.0, 526.6), (567.0, 515.2), (567.0, 517.6), (567.0, 521.8), (567.0, 514.8), (567.0, 526.6), (567.0, 515.2), (567.0, 517.6), (567.0, 521.8), (567.0, 514.8), (567.0, 526.6), (567.0, 515.2), (567.0, 517.6), (567.0, 521.8), (567.0, 514.8), (567.0, 526.6), (567.0, 515.2), (567.0, 517.6), (567.0, 521.8)]",0,5.85
speedrunner,meatboy,5,Stuck,1,0,83.3,0.466,"[(73.0, 525.0), (120.3, 516.1), (200.3, 467.4), (280.3, 437.5), (360.3, 426.5), (440.3, 434.4), (520.3, 461.1), (567.0, 502.2), (567.0, 531.3), (567.0, 531.0), (567.0, 531.9), (567.0, 531.3), (567.0, 531.0), (567.0, 531.9), (567.0, 531.3), (567.0, 531.0), (567.0, 531.9), (567.0, 531.3), (567.0, 531.0), (567.0, 531.9), (567.0, 531.3), (567.0, 531.0), (567.0, 531.9), (567.0, 531.3), (567.0, 531.0), (567.0, 531.9), (567.0, 531.3), (567.0, 531.0), (567.0, 531.9), (567.0, 531.3), (567.0, 531.0), (567.0, 531.9), (567.0, 531.3), (567.0, 531.0), (567.0, 531.9), (567.0, 531.3), (567.0, 531.0), (567.0, 531.9), (567.0, 531.3), (567.0, 531.0), (567.0, 531.9), (567.0, 531.3), (567.0, 531.0), (567.0, 531.9)]",0,5.85
speedrunner,meatboy,5,Stuck,6,0,33.19,0.247,"[(73.0, 525.0), (74.9, 521.3), (75.2, 514.2), (75.2, 526.0), (77.3, 516.1), (77.3, 518.5), (79.2, 521.1), (79.5, 514.0), (79.5, 525.8), (81.7, 515.9), (81.7, 518.3), (90.3, 521.1), (155.3, 514.0), (235.3, 525.8), (294.3, 531.9), (300.3, 531.3), (300.3, 531.0), (300.3, 531.9), (300.3, 531.3), (300.3, 531.0), (300.3, 531.9), (300.3, 531.3), (300.3, 531.0), (300.3, 531.9), (300.3, 531.3), (300.3, 531.0), (300.3, 531.9), (300.3, 531.3), (300.3, 531.0), (300.3, 531.9), (300.3, 531.3), (300.3, 531.0), (300.3, 531.9), (300.3, 531.3), (300.3, 531.0), (300.3, 531.9), (300.3, 531.3), (300.3, 531.0), (300.3, 531.9), (300.3, 531.3), (300.3, 531.0), (300.3, 531.9), (300.3, 531.3), (300.3, 531.0), (300.3, 531.9), (300.3, 531.3), (300.3, 531.0), (300.3, 531.9), (300.3, 531.3), (300.3, 531.0), (300.3, 531.9), (300.3, 531.3)]",0,6.85
speedrunner,meatboy,5,Stuck,16,0,83.3,0.466,"[(73.0, 525.0), (120.3, 516.1), (200.3, 467.4), (280.3, 437.5), (360.3, 426.5), (440.3, 434.4), (520.3, 461.1), (567.0, 504.8), (567.0, 519.2), (567.0, 514.5), (567.0, 528.6), (567.0, 515.2), (567.0, 519.9), (567.0, 519.2), (567.0, 514.5), (567.0, 528.6), (567.0, 515.2), (567.0, 519.9), (567.0, 519.2), (567.0, 514.5), (567.0, 528.6), (567.0, 515.2), (567.0, 519.9), (567.0, 519.2), (567.0, 514.5), (567.0, 528.6), (567.0, 515.2), (567.0, 519.9), (567.0, 519.2), (567.0, 514.5), (567.0, 528.6), (567.0, 515.2), (567.0, 519.9), (567.0, 519.2), (567.0, 514.5), (567.0, 528.6), (567.0, 515.2), (567.0, 519.9), (567.0, 519.2), (567.0, 514.5), (567.0, 528.6), (567.0, 515.2), (567.0, 519.9), (567.0, 519.2)]",0,5.85
speedrunner,meatboy,5,Saw,1,0,538.75,0.296,"[(73.0, 525.0), (120.3, 531.3), (200.3, 531.0), (280.3, 531.9), (360.3, 531.3)]",0,0.53
speedrunner,meatboy,5,Stuck,1,0,83.3,0.466,"[(73.0, 525.0), (120.3, 516.1), (200.3, 467.4), (280.3, 437.5), (360.3, 426.5), (440.3, 434.4), (520.3, 461.1), (567.0, 502.2), (567.0, 531.3), (567.0, 531.0), (567.0, 531.9), (567.0, 531.3), (567.0, 531.0), (567.0, 531.9), (567.0, 531.3), (567.0, 531.0), (567.0, 531.9), (567.0, 531.3), (567.0, 531.0), (567.0, 531.9), (567.0, 531.3), (567.0, 531.0), (567.0, 531.9), (567.0, 531.3), (567.0, 531.0), (567.0, 531.9), (567.0, 531.3), (567.0, 531.0), (567.0, 531.9), (567.0, 531.3), (567.0, 531.0), (567.0, 531.9), (567.0, 531.3), (567.0, 531.0), (567.0, 531.9), (567.0, 531.3), (567.0, 531.0), (567.0, 531.9), (567.0, 531.3), (567.0, 531.0), (567.0, 531.9), (567.0, 531.3), (567.0, 531.0), (567.0, 531.9)]",0,5.85
speedrunner,meatboy,5,Stuck,16,0,83.3,0.466,"[(73.0, 525.0), (120.3, 516.1), (200.3, 467.4), (280.3, 437.5), (360.3, 426.5), (440.3, 434.4), (520.3, 461.1), (567.0, 502.2), (567.0, 522.1), (567.0, 515.0), (567.0, 526.8), (567.0, 515.2), (567.0, 517.6), (567.0, 521.8), (567.0, 514.8), (567.0, 526.6), (567.0, 515.2), (567.0, 517.6), (567.0, 521.8), (567.0, 514.8), (567.0, 526.6), (567.0, 515.2), (567.0, 517.6), (567.0, 521.8), (567.0, 514.8), (567.0, 526.6), (567.0, 515.2), (567.0, 517.6), (567.0, 521.8), (567.0, 514.8), (567.0, 526.6), (567.0, 515.2), (567.0, 517.6), (567.0, 521.8), (567.0, 514.8), (567.0, 526.6), (567.0, 515.2), (567.0, 517.6), (567.0, 521.8), (567.0, 514.8), (567.0, 526.6), (567.0, 515.2), (567.0, 517.6), (567.0, 521.8)]",0,5.85
speedrunner,meatboy,5,Stuck,16,0,83.3,0.466,"[(73.0, 525.0), (120.3, 516.1), (200.3, 467.4), (280.3, 437.5), (360.3, 426.5), (440.3, 434.4), (520.3, 461.1), (567.0, 502.2), (567.0, 522.1), (567.0, 515.0), (567.0, 526.8), (567.0, 515.2), (567.0, 517.6), (567.0, 521.8), (567.0, 514.8), (567.0, 526.6), (567.0, 515.2), (567.0, 517.6), (567.0, 521.8), (567.0, 514.8), (567.0, 526.6), (567.0, 515.2), (567.0, 517.6), (567.0, 521.8), (567.0, 514.8), (567.0, 526.6), (567.0, 515.2), (567.0, 517.6), (567.0, 521.8), (567.0, 514.8), (567.0, 526.6), (567.0, 515.2), (567.0, 517.6), (567.0, 521.8), (567.0, 514.8), (567.0, 526.6), (567.0, 515.2), (567.0, 517.6), (567.0, 521.8), (567.0, 514.8), (567.0, 526.6), (567.0, 515.2), (567.0, 517.6), (567.0, 521.8)]",0,5.85
speedrunner,meatboy,5,Stuck,16,0,83.3,0.466,"[(73.0, 525.0), (120.3, 516.1), (200.3, 467.4), (280.3, 437.5), (360.3, 426.5), (440.3, 434.4), (520.3, 461.1), (567.0, 502.2), (567.0, 522.1), (567.0, 515.0), (567.0, 526.8), (567.0, 515.2), (567.0, 517.6), (567.0, 521.8), (567.0, 514.8), (567.0, 526.6), (567.0, 515.2), (567.0, 517.6), (567.0, 521.8), (567.0, 514.8), (567.0, 526.6), (567.0, 515.2), (567.0, 517.6), (567.0, 521.8), (567.0, 514.8), (567.0, 526.6), (567.0, 515.2), (567.0, 517.6), (567.0, 521.8), (567.0, 514.8), (567.0, 526.6), (567.0, 515.2), (567.0, 517.6), (567.0, 521.8), (567.0, 514.8), (567.0, 526.6), (567.0, 515.2), (567.0, 517.6), (567.0, 521.8), (567.0, 514.8), (567.0, 526.6), (567.0, 515.2), (567.0, 517.6), (567.0, 521.8)]",0,5.85
speedrunner,meatboy,5,Stuck,16,0,83.3,0.466,"[(73.0, 525.0), (120.3, 516.1), (200.3, 467.4), (280.3, 437.5), (360.3, 426.5), (440.3, 434.4), (520.3, 461.1), (567.0, 502.2), (567.0, 522.1), (567.0, 515.0), (567.0, 526.8), (567.0, 515.2), (567.0, 517.6), (567.0, 521.8), (567.0, 514.8), (567.0, 526.6), (567.0, 515.2), (567.0, 517.6), (567.0, 521.8), (567.0, 514.8), (567.0, 526.6), (567.0, 515.2), (567.0, 517.6), (567.0, 521.8), (567.0, 514.8), (567.0, 526.6), (567.0, 515.2), (567.0, 517.6), (567.0, 521.8), (567.0, 514.8), (567.0, 526.6), (567.0, 515.2), (567.0, 517.6), (567.0, 521.8), (567.0, 514.8), (567.0, 526.6), (567.0, 515.2), (567.0, 517.6), (567.0, 521.8), (567.0, 514.8), (567.0, 526.6), (567.0, 515.2), (567.0, 517.6), (567.0, 521.8)]",0,5.85
speedrunner,meatboy,5,Stuck,1,0,83.3,0.466,"[(73.0, 525.0), (120.3, 516.1), (200.3, 467.4), (280.3, 437.5), (360.3, 426.5), (440.3, 434.4), (520.3, 461.1), (567.0, 502.2), (567.0, 531.3), (567.0, 531.0), (567.0, 531.9), (567.0, 531.3), (567.0, 531.0), (567.0, 531.9), (567.0, 531.3), (567.0, 531.0), (567.0, 531.9), (567.0, 531.3), (567.0, 531.0), (567.0, 531.9), (567.0, 531.3), (567.0, 531.0), (567.0, 531.9), (567.0, 531.3), (567.0, 531.0), (567.0, 531.9), (567.0, 531.3), (567.0, 531.0), (567.0, 531.9), (567.0, 531.3), (567.0, 531.0), (567.0, 531.9), (567.0, 531.3), (567.0, 531.0), (567.0, 531.9), (567.0, 531.3), (567.0, 531.0), (567.0, 531.9), (567.0, 531.3), (567.0, 531.0), (567.0, 531.9), (567.0, 531.3), (567.0, 531.0), (567.0, 531.9)]",0,5.85
speedrunner,meatboy,5,Stuck,16,0,83.3,0.466,"[(73.0, 525.0), (120.3, 516.1), (200.3, 467.4), (280.3, 437.5), (360.3, 426.5), (440.3, 434.4), (520.3, 461.1), (567.0, 504.8), (567.0, 519.2), (567.0, 514.5), (567.0, 528.6), (567.0, 515.2), (567.0, 519.9), (567.0, 519.2), (567.0, 514.5), (567.0, 528.6), (567.0, 515.2), (567.0, 519.9), (567.0, 519.2), (567.0, 514.5), (567.0, 528.6), (567.0, 515.2), (567.0, 519.9), (567.0, 519.2), (567.0, 514.5), (567.0, 528.6), (567.0, 515.2), (567.0, 519.9), (567.0, 519.2), (567.0, 514.5), (567.0, 528.6), (567.0, 515.2), (567.0, 519.9), (567.0, 519.2), (567.0, 514.5), (567.0, 528.6), (567.0, 515.2), (567.0, 519.9), (567.0, 519.2), (567.0, 514.5), (567.0, 528.6), (567.0, 515.2), (567.0, 519.9), (567.0, 519.2)]",0,5.85
speedrunner,meatboy,5,Stuck,16,0,84.27,0.466,"[(73.0, 525.0), (116.3, 516.1), (196.0, 467.4), (276.0, 437.5), (356.0, 426.5), (436.0, 434.4), (516.0, 461.1), (567.0, 506.6), (567.0, 517.6), (567.0, 515.2), (567.0, 531.7), (567.0, 514.8), (567.0, 521.9), (567.0, 517.6), (567.0, 515.2), (567.0, 531.7), (567.0, 514.8), (567.0, 521.9), (567.0, 517.6), (567.0, 515.2), (567.0, 531.7), (567.0, 514.8), (567.0, 521.9), (567.0, 517.6), (567.0, 515.2), (567.0, 531.7), (567.0, 514.8), (567.0, 521.9), (567.0, 517.6), (567.0, 515.2), (567.0, 531.7), (567.0, 514.8), (567.0, 521.9), (567.0, 517.6), (567.0, 515.2), (567.0, 531.7), (567.0, 514.8), (567.0, 521.9), (567.0, 517.6), (567.0, 515.2), (567.0, 531.7), (567.0, 514.8), (567.0, 521.9), (567.0, 517.6)]",0,5.85
speedrunner,meatboy,5,Stuck,16,0,83.86,0.466,"[(73.0, 525.0), (116.3, 516.1), (196.0, 467.4), (275.2, 437.5), (349.5, 426.5), (418.5, 434.4), (483.6, 461.1), (563.6, 506.6), (567.0, 517.6), (567.0, 515.2), (567.0, 531.7), (567.0, 514.8), (567.0, 521.9), (567.0, 517.6), (567.0, 515.2), (567.0, 531.7), (567.0, 514.8), (567.0, 521.9), (567.0, 517.6), (567.0, 515.2), (567.0, 531.7), (567.0, 514.8), (567.0, 521.9), (567.0, 517.6), (567.0, 515.2), (567.0, 531.7), (567.0, 514.8), (567.0, 521.9), (567.0, 517.6), (567.0, 515.2), (567.0, 531.7), (567.0, 514.8), (567.0, 521.9), (567.0, 517.6), (567.0, 515.2), (567.0, 531.7), (567.0, 514.8), (567.0, 521.9), (567.0, 517.6), (567.0, 515.2), (567.0, 531.7), (567.0, 514.8), (567.0, 521.9), (567.0, 517.6)]",0,5.85
speedrunner,meatboy,5,Stuck,2,0,83.3,0.466,"[(73.0, 525.0), (120.3, 516.1), (200.3, 467.4), (280.3, 437.5), (360.3, 426.5), (440.3, 434.4), (520.3, 461.1), (567.0, 502.2), (567.0, 531.3), (567.0, 531.0), (567.0, 531.9), (567.0, 531.3), (567.0, 531.0), (567.0, 531.9), (567.0, 531.3), (567.0, 531.0), (567.0, 531.9), (567.0, 531.3), (567.0, 531.0), (567.0, 531.9), (567.0, 531.3), (567.0, 531.0), (567.0, 531.9), (567.0, 531.3), (567.0, 531.0), (567.0, 531.9), (567.0, 531.3), (567.0, 531.0), (567.0, 531.9), (567.0, 531.3), (567.0, 531.0), (567.0, 531.9), (567.0, 531.3), (567.0, 531.0), (567.0, 531.9), (567.0, 531.3), (567.0, 531.0), (567.0, 531.9), (567.0, 531.3), (567.0, 531.0), (567.0, 531.9), (567.0, 531.3), (567.0, 531.0), (567.0, 531.9)]",0,5.85
speedrunner,meatboy,5,Saw,2,0,538.75,0.296,"[(73.0, 525.0), (120.3, 527.1), (200.3, 522.4), (280.3, 531.3), (360.3, 531.0)]",0,0.53
speedrunner,meatboy,5,Stuck,1,0,83.3,0.466,"[(73.0, 525.0), (120.3, 516.1), (200.3, 467.4), (280.3, 437.5), (360.3, 426.5), (440.3, 434.4), (520.3, 461.1), (567.0, 502.2), (567.0, 531.3), (567.0, 531.0), (567.0, 531.9), (567.0, 531.3), (567.0, 531.0), (567.0, 531.9), (567.0, 531.3), (567.0, 531.0), (567.0, 531.9), (567.0, 531.3), (567.0, 531.0), (567.0, 531.9), (567.0, 531.3), (567.0, 531.0), (567.0, 531.9), (567.0, 531.3), (567.0, 531.0), (567.0, 531.9), (567.0, 531.3), (567.0, 531.0), (567.0, 531.9), (567.0, 531.3), (567.0, 531.0), (567.0, 531.9), (567.0, 531.3), (567.0, 531.0), (567.0, 531.9), (567.0, 531.3), (567.0, 531.0), (567.0, 531.9), (567.0, 531.3), (567.0, 531.0), (567.0, 531.9), (567.0, 531.3), (567.0, 531.0), (567.0, 531.9)]",0,5.85
speedrunner,meatboy,5,Stuck,2,0,83.3,0.466,"[(73.0, 525.0), (120.3, 516.1), (200.3, 467.4), (280.3, 437.5), (360.3, 426.5), (440.3, 434.4), (520.3, 461.1), (567.0, 502.2), (567.0, 531.3), (567.0, 531.0), (567.0, 531.9), (567.0, 531.3), (567.0, 531.0), (567.0, 531.9), (567.0, 531.3), (567.0, 531.0), (567.0, 531.9), (567.0, 531.3), (567.0, 531.0), (567.0, 531.9), (567.0, 531.3), (567.0, 531.0), (567.0, 531.9), (567.0, 531.3), (567.0, 531.0), (567.0, 531.9), (567.0, 531.3), (567.0, 531.0), (567.0, 531.9), (567.0, 531.3), (567.0, 531.0), (567.0, 531.9), (567.0, 531.3), (567.0, 531.0), (567.0, 531.9), (567.0, 531.3), (567.0, 531.0), (567.0, 531.9), (567.0, 531.3), (567.0, 531.0), (567.0, 531.9), (567.0, 531.3), (567.0, 531.0), (567.0, 531.9)]",0,5.85
speedrunner,meatboy,5,Stuck,2,0,83.3,0.466,"[(73.0, 525.0), (120.3, 516.1), (200.3, 467.4), (280.3, 437.5), (360.3, 426.5), (440.3, 434.4), (520.3, 461.1), (567.0, 502.2), (567.0, 531.3), (567.0, 531.0), (567.0, 531.9), (567.0, 531.3), (567.0, 531.0), (567.0, 531.9), (567.0, 531.3), (567.0, 531.0), (567.0, 531.9), (567.0, 531.3), (567.0, 531.0), (567.0, 531.9), (567.0, 531.3), (567.0, 531.0), (567.0, 531.9), (567.0, 531.3), (567.0, 531.0), (567.0, 531.9), (567.0, 531.3), (567.0, 531.0), (567.0, 531.9), (567.0, 531.3), (567.0, 531.0), (567.0, 531.9), (567.0, 531.3), (567.0, 531.0), (567.0, 531.9), (567.0, 531.3), (567.0, 531.0), (567.0, 531.9), (567.0, 531.3), (567.0, 531.0), (567.0, 531.9), (567.0, 531.3), (567.0, 531.0), (567.0, 531.9)]",0,5.85
speedrunner,meatboy,5,Stuck,1,0,83.3,0.466,"[(73.0, 525.0), (120.3, 516.1), (200.3, 467.4), (280.3, 437.5), (360.3, 426.5), (440.3, 434.4), (520.3, 461.1), (567.0, 502.2), (567.0, 531.3), (567.0, 531.0), (567.0, 531.9), (567.0, 531.3), (567.0, 531.0), (567.0, 531.9), (567.0, 531.3), (567.0, 531.0), (567.0, 531.9), (567.0, 531.3), (567.0, 531.0), (567.0, 531.9), (567.0, 531.3), (567.0, 531.0), (567.0, 531.9), (567.0, 531.3), (567.0, 531.0), (567.0, 531.9), (567.0, 531.3), (567.0, 531.0), (567.0, 531.9), (567.0, 531.3), (567.0, 531.0), (567.0, 531.9), (567.0, 531.3), (567.0, 531.0), (567.0, 531.9), (567.0, 531.3), (567.0, 531.0), (567.0, 531.9), (567.0, 531.3), (567.0, 531.0), (567.0, 531.9), (567.0, 531.3), (567.0, 531.0), (567.0, 531.9)]",0,5.85
speedrunner,meatboy,5,Stuck,2,0,83.3,0.466,"[(73.0, 525.0), (120.3, 516.1), (200.3, 467.4), (280.3, 437.5), (360.3, 426.5), (440.3, 434.4), (520.3, 461.1), (567.0, 502.2), (567.0, 531.3), (567.0, 531.0), (567.0, 531.9), (567.0, 531.3), (567.0, 531.0), (567.0, 531.9), (567.0, 531.3), (567.0, 531.0), (567.0, 531.9), (567.0, 531.3), (567.0, 531.0), (567.0, 531.9), (567.0, 531.3), (567.0, 531.0), (567.0, 531.9), (567.0, 531.3), (567.0, 531.0), (567.0, 531.9), (567.0, 531.3), (567.0, 531.0), (567.0, 531.9), (567.0, 531.3), (567.0, 531.0), (567.0, 531.9), (567.0, 531.3), (567.0, 531.0), (567.0, 531.9), (567.0, 531.3), (567.0, 531.0), (567.0, 531.9), (567.0, 531.3), (567.0, 531.0), (567.0, 531.9), (567.0, 531.3), (567.0, 531.0), (567.0, 531.9)]",0,5.85
speedrunner,meatboy,5,Stuck,16,0,84.27,0.466,"[(73.0, 525.0), (116.3, 516.1), (196.0, 467.4), (276.0, 437.5), (356.0, 426.5), (436.0, 434.4), (516.0, 461.1), (567.0, 506.6), (567.0, 517.6), (567.0, 515.2), (567.0, 531.7), (567.0, 514.8), (567.0, 521.9), (567.0, 517.6), (567.0, 515.2), (567.0, 531.7), (567.0, 514.8), (567.0, 521.9), (567.0, 517.6), (567.0, 515.2), (567.0, 531.7), (567.0, 514.8), (567.0, 521.9), (567.0, 517.6), (567.0, 515.2), (567.0, 531.7), (567.0, 514.8), (567.0, 521.9), (567.0, 517.6), (567.0, 515.2), (567.0, 531.7), (567.0, 514.8), (567.0, 521.9), (567.0, 517.6), (567.0, 515.2), (567.0, 531.7), (567.0, 514.8), (567.0, 521.9), (567.0, 517.6), (567.0, 515.2), (567.0, 531.7), (567.0, 514.8), (567.0, 521.9), (567.0, 517.6)]",0,5.85
speedrunner,meatboy,5,Stuck,15,0,83.3,0.466,"[(73.0, 525.0), (120.3, 516.1), (200.3, 467.4), (280.3, 437.5), (360.3, 426.5), (440.3, 434.4), (520.3, 461.1), (567.0, 502.2), (567.0, 523.3), (567.0, 513.9), (567.0, 523.3), (567.0, 517.6), (567.0, 515.2), (567.0, 531.7), (567.0, 514.5), (567.0, 519.2), (567.0, 521.1), (567.0, 514.0), (567.0, 525.8), (567.0, 516.2), (567.0, 516.3), (567.0, 531.0), (567.0, 514.0), (567.0, 521.1), (567.0, 519.2), (567.0, 514.5), (567.0, 528.6), (567.0, 515.2), (567.0, 517.6), (567.0, 523.3), (567.0, 513.9), (567.0, 523.3), (567.0, 517.6), (567.0, 515.2), (567.0, 531.7), (567.0, 514.5), (567.0, 519.2), (567.0, 521.1), (567.0, 514.0), (567.0, 525.8), (567.0, 516.2), (567.0, 516.3), (567.0, 531.0), (567.0, 514.0)]",0,5.85
speedrunner,meatboy,5,Stuck,16,0,83.3,0.466,"[(73.0, 525.0), (120.3, 516.1), (200.3, 467.4), (280.3, 437.5), (360.3, 426.5), (440.3, 434.4), (520.3, 461.1), (567.0, 504.8), (567.0, 519.2), (567.0, 514.5), (567.0, 528.6), (567.0, 515.2), (567.0, 519.9), (567.0, 519.2), (567.0, 514.5), (567.0, 528.6), (567.0, 515.2), (567.0, 519.9), (567.0, 519.2), (567.0, 514.5), (567.0, 528.6), (567.0, 515.2), (567.0, 519.9), (567.0, 519.2), (567.0, 514.5), (567.0, 528.6), (567.0, 515.2), (567.0, 519.9), (567.0, 519.2), (567.0, 514.5), (567.0, 528.6), (567.0, 515.2), (567.0, 519.9), (567.0, 519.2), (567.0, 514.5), (567.0, 528.6), (567.0, 515.2), (567.0, 519.9), (567.0, 519.2), (567.0, 514.5), (567.0, 528.6), (567.0, 515.2), (567.0, 519.9), (567.0, 519.2)]",0,5.85
speedrunner,meatboy,5,Stuck,17,0,83.3,0.466,"[(73.0, 525.0), (120.3, 516.1), (200.3, 467.4), (280.3, 437.5), (360.3, 426.5), (440.3, 434.4), (520.3, 461.1), (567.0, 506.6), (567.0, 517.6), (567.0, 515.2), (567.0, 531.7), (567.0, 514.8), (567.0, 521.9), (567.0, 517.6), (567.0, 515.2), (567.0, 531.7), (567.0, 514.8), (567.0, 521.9), (567.0, 517.6), (567.0, 515.2), (567.0, 531.7), (567.0, 514.8), (567.0, 521.9), (567.0, 517.6), (567.0, 515.2), (567.0, 531.7), (567.0, 514.8), (567.0, 521.9), (567.0, 517.6), (567.0, 515.2), (567.0, 531.7), (567.0, 514.8), (567.0, 521.9), (567.0, 517.6), (567.0, 515.2), (567.0, 531.7), (567.0, 514.8), (567.0, 521.9), (567.0, 517.6), (567.0, 515.2), (567.0, 531.7), (567.0, 514.8), (567.0, 521.9), (567.0, 517.6)]",0,5.85
speedrunner,meatboy,5,Stuck,1,0,83.3,0.466,"[(73.0, 525.0), (120.3, 516.1), (200.3, 467.4), (280.3, 437.5), (360.3, 426.5), (440.3, 434.4), (520.3, 461.1), (567.0, 502.2), (567.0, 531.3), (567.0, 531.0), (567.0, 531.9), (567.0, 531.3), (567.0, 531.0), (567.0, 531.9), (567.0, 531.3), (567.0, 531.0), (567.0, 531.9), (567.0, 531.3), (567.0, 531.0), (567.0, 531.9), (567.0, 531.3), (567.0, 531.0), (567.0, 531.9), (567.0, 531.3), (567.0, 531.0), (567.0, 531.9), (567.0, 531.3), (567.0, 531.0), (567.0, 531.9), (567.0, 531.3), (567.0, 531.0), (567.0, 531.9), (567.0, 531.3), (567.0, 531.0), (567.0, 531.9), (567.0, 531.3), (567.0, 531.0), (567.0, 531.9), (567.0, 531.3), (567.0, 531.0), (567.0, 531.9), (567.0, 531.3), (567.0, 531.0), (567.0, 531.9)]",0,5.85
speedrunner,meatboy,5,Stuck,15,0,83.3,0.466,"[(73.0, 525.0), (120.3, 516.1), (200.3, 467.4), (280.3, 437.5), (360.3, 426.5), (440.3, 434.4), (520.3, 461.1), (567.0, 502.2), (567.0, 523.3), (567.0, 513.9), (567.0, 523.3), (567.0, 517.6), (567.0, 515.2), (567.0, 531.7), (567.0, 514.5), (567.0, 519.2), (567.0, 521.1), (567.0, 514.0), (567.0, 525.8), (567.0, 516.2), (567.0, 516.3), (567.0, 531.0), (567.0, 514.0), (567.0, 521.1), (567.0, 519.2), (567.0, 514.5), (567.0, 528.6), (567.0, 515.2), (567.0, 517.6), (567.0, 523.3), (567.0, 513.9), (567.0, 523.3), (567.0, 517.6), (567.0, 515.2), (567.0, 531.7), (567.0, 514.5), (567.0, 519.2), (567.0, 521.1), (567.0, 514.0), (567.0, 525.8), (567.0, 516.2), (567.0, 516.3), (567.0, 531.0), (567.0, 514.0)]",0,5.85
speedrunner,meatboy,5,Stuck,16,0,83.3,0.466,"[(73.0, 525.0), (120.3, 516.1), (200.3, 467.4), (280.3, 437.5), (360.3, 426.5), (440.3, 434.4), (520.3, 461.1), (567.0, 502.2), (567.0, 522.1), (567.0, 515.0), (567.0, 526.8), (567.0, 515.2), (567.0, 517.6), (567.0, 521.8), (567.0, 514.8), (567.0, 526.6), (567.0, 515.2), (567.0, 517.6), (567.0, 521.8), (567.0, 514.8), (567.0, 526.6), (567.0, 515.2), (567.0, 517.6), (567.0, 521.8), (567.0, 514.8), (567.0, 526.6), (567.0, 515.2), (567.0, 517.6), (567.0, 521.8), (567.0, 514.8), (567.0, 526.6), (567.0, 515.2), (567.0, 517.6), (567.0, 521.8), (567.0, 514.8), (567.0, 526.6), (567.0, 515.2), (567.0, 517.6), (567.0, 521.8), (567.0, 514.8), (567.0, 526.6), (567.0, 515.2), (567.0, 517.6), (567.0, 521.8)]",0,5.85
speedrunner,meatboy,5,Stuck,16,0,83.3,0.466,"[(73.0, 525.0), (120.3, 516.1), (200.3, 467.4), (280.3, 437.5), (360.3, 426.5), (440.3, 434.4), (520.3, 461.1), (567.0, 502.2), (567.0, 522.1), (567.0, 515.0), (567.0, 526.8), (567.0, 515.2), (567.0, 517.6), (567.0, 521.8), (567.0, 514.8), (567.0, 526.6), (567.0, 515.2), (567.0, 517.6), (567.0, 521.8), (567.0, 514.8), (567.0, 526.6), (567.0, 515.2), (567.0, 517.6), (567.0, 521.8), (567.0, 514.8), (567.0, 526.6), (567.0, 515.2), (567.0, 517.6), (567.0, 521.8), (567.0, 514.8), (567.0, 526.6), (567.0, 515.2), (567.0, 517.6), (567.0, 521.8), (567.0, 514.8), (567.0, 526.6), (567.0, 515.2), (567.0, 517.6), (567.0, 521.8), (567.0, 514.8), (567.0, 526.6), (567.0, 515.2), (567.0, 517.6), (567.0, 521.8)]",0,5.85
speedrunner,meatboy,5,Stuck,15,0,83.3,0.466,"[(73.0, 525.0), (120.3, 516.1), (200.3, 467.4), (280.3, 437.5), (360.3, 426.5), (440.3, 434.4), (520.3, 461.1), (567.0, 502.2), (567.0, 523.3), (567.0, 513.9), (567.0, 523.3), (567.0, 517.6), (567.0, 515.2), (567.0, 531.7), (567.0, 514.5), (567.0, 519.2), (567.0, 521.1), (567.0, 514.0), (567.0, 525.8), (567.0, 516.2), (567.0, 516.3), (567.0, 531.0), (567.0, 514.0), (567.0, 521.1), (567.0, 519.2), (567.0, 514.5), (567.0, 528.6), (567.0, 515.2), (567.0, 517.6), (567.0, 523.3), (567.0, 513.9), (567.0, 523.3), (567.0, 517.6), (567.0, 515.2), (567.0, 531.7), (567.0, 514.5), (567.0, 519.2), (567.0, 521.1), (567.0, 514.0), (567.0, 525.8), (567.0, 516.2), (567.0, 516.3), (567.0, 531.0), (567.0, 514.0)]",0,5.85
speedrunner,meatboy,5,Stuck,1,0,83.3,0.466,"[(73.0, 525.0), (120.3, 516.1), (200.3, 467.4), (280.3, 437.5), (360.3, 426.5), (440.3, 434.4), (520.3, 461.1), (567.0, 502.2), (567.0, 531.3), (567.0, 531.0), (567.0, 531.9), (567.0, 531.3), (567.0, 531.0), (567.0, 531.9), (567.0, 531.3), (567.0, 531.0), (567.0, 531.9), (567.0, 531.3), (567.0, 531.0), (567.0, 531.9), (567.0, 531.3), (567.0, 531.0), (567.0, 531.9), (567.0, 531.3), (567.0, 531.0), (567.0, 531.9), (567.0, 531.3), (567.0, 531.0), (567.0, 531.9), (567.0, 531.3), (567.0, 531.0), (567.0, 531.9), (567.0, 531.3), (567.0, 531.0), (567.0, 531.9), (567.0, 531.3), (567.0, 531.0), (567.0, 531.9), (567.0, 531.3), (567.0, 531.0), (567.0, 531.9), (567.0, 531.3), (567.0, 531.0), (567.0, 531.9)]",0,5.85
speedrunner,meatboy,5,Stuck,17,0,83.3,0.466,"[(73.0, 525.0), (120.3, 516.1), (200.3, 467.4), (280.3, 437.5), (360.3, 426.5), (440.3, 434.4), (520.3, 461.1), (567.0, 506.6), (567.0, 517.6), (567.0, 515.2), (567.0, 531.7), (567.0, 514.8), (567.0, 521.9), (567.0, 517.6), (567.0, 515.2), (567.0, 531.7), (567.0, 514.8), (567.0, 521.9), (567.0, 517.6), (567.0, 515.2), (567.0, 531.7), (567.0, 514.8), (567.0, 521.9), (567.0, 517.6), (567.0, 515.2), (567.0, 531.7), (567.0, 514.8), (567.0, 521.9), (567.0, 517.6), (567.0, 515.2), (567.0, 531.7), (567.0, 514.8), (567.0, 521.9), (567.0, 517.6), (567.0, 515.2), (567.0, 531.7), (567.0, 514.8), (567.0, 521.9), (567.0, 517.6), (567.0, 515.2), (567.0, 531.7), (567.0, 514.8), (567.0, 521.9), (567.0, 517.6)]",0,5.85
speedrunner,meatboy,5,Stuck,16,0,83.3,0.466,"[(73.0, 525.0), (120.3, 516.1), (200.3, 467.4), (280.3, 437.5), (360.3, 426.5), (440.3, 434.4), (520.3, 461.1), (567.0, 502.2), (567.0, 522.1), (567.0, 515.0), (567.0, 526.8), (567.0, 515.2), (567.0, 517.6), (567.0, 521.8), (567.0, 514.8), (567.0, 526.6), (567.0, 515.2), (567.0, 517.6), (567.0, 521.8), (567.0, 514.8), (567.0, 526.6), (567.0, 515.2), (567.0, 517.6), (567.0, 521.8), (567.0, 514.8), (567.0, 526.6), (567.0, 515.2), (567.0, 517.6), (567.0, 521.8), (567.0, 514.8), (567.0, 526.6), (567.0, 515.2), (567.0, 517.6), (567.0, 521.8), (567.0, 514.8), (567.0, 526.6), (567.0, 515.2), (567.0, 517.6), (567.0, 521.8), (567.0, 514.8), (567.0, 526.6), (567.0, 515.2), (567.0, 517.6), (567.0, 521.8)]",0,5.85
speedrunner,meatboy,5,Stuck,1,0,83.3,0.466,"[(73.0, 525.0), (120.3, 516.1), (200.3, 467.4), (280.3, 437.5), (360.3, 426.5), (440.3, 434.4), (520.3, 461.1), (567.0, 502.2), (567.0, 531.3), (567.0, 531.0), (567.0, 531.9), (567.0, 531.3), (567.0, 531.0), (567.0, 531.9), (567.0, 531.3), (567.0, 531.0), (567.0, 531.9), (567.0, 531.3), (567.0, 531.0), (567.0, 531.9), (567.0, 531.3), (567.0, 531.0), (567.0, 531.9), (567.0, 531.3), (567.0, 531.0), (567.0, 531.9), (567.0, 531.3), (567.0, 531.0), (567.0, 531.9), (567.0, 531.3), (567.0, 531.0), (567.0, 531.9), (567.0, 531.3), (567.0, 531.0), (567.0, 531.9), (567.0, 531.3), (567.0, 531.0), (567.0, 531.9), (567.0, 531.3), (567.0, 531.0), (567.0, 531.9), (567.0, 531.3), (567.0, 531.0), (567.0, 531.9)]",0,5.85
speedrunner,meatboy,5,Stuck,2,0,83.3,0.466,"[(73.0, 525.0), (120.3, 531.3), (200.3, 508.8), (280.3, 462.4), (360.3, 434.9), (440.3, 426.3), (520.3, 436.5), (567.0, 465.5), (567.0, 513.4), (567.0, 531.9), (567.0, 531.3), (567.0, 531.0), (567.0, 531.9), (567.0, 531.3), (567.0, 531.0), (567.0, 531.9), (567.0, 531.3), (567.0, 531.0), (567.0, 531.9), (567.0, 531.3), (567.0, 531.0), (567.0, 531.9), (567.0, 531.3), (567.0, 531.0), (567.0, 531.9), (567.0, 531.3), (567.0, 531.0), (567.0, 531.9), (567.0, 531.3), (567.0, 531.0), (567.0, 531.9), (567.0, 531.3), (567.0, 531.0), (567.0, 531.9), (567.0, 531.3), (567.0, 531.0), (567.0, 531.9), (567.0, 531.3), (567.0, 531.0), (567.0, 531.9), (567.0, 531.3), (567.0, 531.0), (567.0, 531.9), (567.0, 531.3)]",0,5.85
speedrunner,meatboy,5,Saw,1,0,538.75,0.296,"[(73.0, 525.0), (120.3, 531.3), (200.3, 531.0), (280.3, 531.9), (360.3, 531.3)]",0,0.53
speedrunner,meatboy,5,Stuck,2,0,83.3,0.466,"[(73.0, 525.0), (120.3, 531.3), (200.3, 477.9), (280.3, 443.3), (360.3, 427.6), (440.3, 430.8), (520.3, 452.7), (567.0, 490.9), (567.0, 530.6), (567.0, 531.3), (567.0, 531.0), (567.0, 531.9), (567.0, 531.3), (567.0, 531.0), (567.0, 531.9), (567.0, 531.3), (567.0, 531.0), (567.0, 531.9), (567.0, 531.3), (567.0, 531.0), (567.0, 531.9), (567.0, 531.3), (567.0, 531.0), (567.0, 531.9), (567.0, 531.3), (567.0, 531.0), (567.0, 531.9), (567.0, 531.3), (567.0, 531.0), (567.0, 531.9), (567.0, 531.3), (567.0, 531.0), (567.0, 531.9), (567.0, 531.3), (567.0, 531.0), (567.0, 531.9), (567.0, 531.3), (567.0, 531.0), (567.0, 531.9), (567.0, 531.3), (567.0, 531.0), (567.0, 531.9), (567.0, 531.3), (567.0, 531.0)]",0,5.85
speedrunner,meatboy,5,Stuck,1,0,83.3,0.466,"[(73.0, 525.0), (120.3, 516.1), (200.3, 467.4), (280.3, 437.5), (360.3, 426.5), (440.3, 434.4), (520.3, 461.1), (567.0, 502.2), (567.0, 531.3), (567.0, 531.0), (567.0, 531.9), (567.0, 531.3), (567.0, 531.0), (567.0, 531.9), (567.0, 531.3), (567.0, 531.0), (567.0, 531.9), (567.0, 531.3), (567.0, 531.0), (567.0, 531.9), (567.0, 531.3), (567.0, 531.0), (567.0, 531.9), (567.0, 531.3), (567.0, 531.0), (567.0, 531.9), (567.0, 531.3), (567.0, 531.0), (567.0, 531.9), (567.0, 531.3), (567.0, 531.0), (567.0, 531.9), (567.0, 531.3), (567.0, 531.0), (567.0, 531.9), (567.0, 531.3), (567.0, 531.0), (567.0, 531.9), (567.0, 531.3), (567.0, 531.0), (567.0, 531.9), (567.0, 531.3), (567.0, 531.0), (567.0, 531.9)]",0,5.85
speedrunner,meatboy,5,Stuck,2,0,83.3,0.466,"[(73.0, 525.0), (120.3, 531.3), (200.3, 508.8), (280.3, 462.4), (360.3, 434.9), (440.3, 426.3), (520.3, 436.5), (567.0, 465.5), (567.0, 513.4), (567.0, 531.9), (567.0, 531.3), (567.0, 531.0), (567.0, 531.9), (567.0, 531.3), (567.0, 531.0), (567.0, 531.9), (567.0, 531.3), (567.0, 531.0), (567.0, 531.9), (567.0, 531.3), (567.0, 531.0), (567.0, 531.9), (567.0, 531.3), (567.0, 531.0), (567.0, 531.9), (567.0, 531.3), (567.0, 531.0), (567.0, 531.9), (567.0, 531.3), (567.0, 531.0), (567.0, 531.9), (567.0, 531.3), (567.0, 531.0), (567.0, 531.9), (567.0, 531.3), (567.0, 531.0), (567.0, 531.9), (567.0, 531.3), (567.0, 531.0), (567.0, 531.9), (567.0, 531.3), (567.0, 531.0), (567.0, 531.9), (567.0, 531.3)]",0,5.85
speedrunner,meatboy,5,Stuck,1,0,83.3,0.466,"[(73.0, 525.0), (120.3, 516.1), (200.3, 467.4), (280.3, 437.5), (360.3, 426.5), (440.3, 434.4), (520.3, 461.1), (567.0, 502.2), (567.0, 531.3), (567.0, 531.0), (567.0, 531.9), (567.0, 531.3), (567.0, 531.0), (567.0, 531.9), (567.0, 531.3), (567.0, 531.0), (567.0, 531.9), (567.0, 531.3), (567.0, 531.0), (567.0, 531.9), (567.0, 531.3), (567.0, 531.0), (567.0, 531.9), (567.0, 531.3), (567.0, 531.0), (567.0, 531.9), (567.0, 531.3), (567.0, 531.0), (567.0, 531.9), (567.0, 531.3), (567.0, 531.0), (567.0, 531.9), (567.0, 531.3), (567.0, 531.0), (567.0, 531.9), (567.0, 531.3), (567.0, 531.0), (567.0, 531.9), (567.0, 531.3), (567.0, 531.0), (567.0, 531.9), (567.0, 531.3), (567.0, 531.0), (567.0, 531.9)]",0,5.85
speedrunner,meatboy,5,Stuck,2,0,83.3,0.466,"[(73.0, 525.0), (120.3, 531.3), (200.3, 477.9), (280.3, 443.3), (360.3, 427.6), (440.3, 430.8), (520.3, 452.7), (567.0, 490.9), (567.0, 530.6), (567.0, 531.3), (567.0, 531.0), (567.0, 531.9), (567.0, 531.3), (567.0, 531.0), (567.0, 531.9), (567.0, 531.3), (567.0, 531.0), (567.0, 531.9), (567.0, 531.3), (567.0, 531.0), (567.0, 531.9), (567.0, 531.3), (567.0, 531.0), (567.0, 531.9), (567.0, 531.3), (567.0, 531.0), (567.0, 531.9), (567.0, 531.3), (567.0, 531.0), (567.0, 531.9), (567.0, 531.3), (567.0, 531.0), (567.0, 531.9), (567.0, 531.3), (567.0, 531.0), (567.0, 531.9), (567.0, 531.3), (567.0, 531.0), (567.0, 531.9), (567.0, 531.3), (567.0, 531.0), (567.0, 531.9), (567.0, 531.3), (567.0, 531.0)]",0,5.85
speedrunner,meatboy,5,Stuck,1,0,83.3,0.466,"[(73.0, 525.0), (120.3, 516.1), (200.3, 467.4), (280.3, 437.5), (360.3, 426.5), (440.3, 434.4), (520.3, 461.1), (567.0, 502.2), (567.0, 531.3), (567.0, 531.0), (567.0, 531.9), (567.0, 531.3), (567.0, 531.0), (567.0, 531.9), (567.0, 531.3), (567.0, 531.0), (567.0, 531.9), (567.0, 531.3), (567.0, 531.0), (567.0, 531.9), (567.0, 531.3), (567.0, 531.0), (567.0, 531.9), (567.0, 531.3), (567.0, 531.0), (567.0, 531.9), (567.0, 531.3), (567.0, 531.0), (567.0, 531.9), (567.0, 531.3), (567.0, 531.0), (567.0, 531.9), (567.0, 531.3), (567.0, 531.0), (567.0, 531.9), (567.0, 531.3), (567.0, 531.0), (567.0, 531.9), (567.0, 531.3), (567.0, 531.0), (567.0, 531.9), (567.0, 531.3), (567.0, 531.0), (567.0, 531.9)]",0,5.85
speedrunner,meatboy,5,Saw,1,0,538.75,0.296,"[(73.0, 525.0), (120.3, 531.3), (200.3, 531.0), (280.3, 531.9), (360.3, 531.3)]",0,0.53
speedrunner,meatboy,5,Stuck,16,0,83.3,0.466,"[(73.0, 525.0), (120.3, 516.1), (200.3, 467.4), (280.3, 437.5), (360.3, 426.5), (440.3, 434.4), (520.3, 461.1), (567.0, 506.6), (567.0, 517.6), (567.0, 515.2), (567.0, 531.7), (567.0, 514.8), (567.0, 521.9), (567.0, 517.6), (567.0, 515.2), (567.0, 531.7), (567.0, 514.8), (567.0, 521.9), (567.0, 517.6), (567.0, 515.2), (567.0, 531.7), (567.0, 514.8), (567.0, 521.9), (567.0, 517.6), (567.0, 515.2), (567.0, 531.7), (567.0, 514.8), (567.0, 521.9), (567.0, 517.6), (567.0, 515.2), (567.0, 531.7), (567.0, 514.8), (567.0, 521.9), (567.0, 517.6), (567.0, 515.2), (567.0, 531.7), (567.0, 514.8), (567.0, 521.9), (567.0, 517.6), (567.0, 515.2), (567.0, 531.7), (567.0, 514.8), (567.0, 521.9), (567.0, 517.6)]",0,5.85
speedrunner,meatboy,5,Stuck,1,0,83.3,0.466,"[(73.0, 525.0), (120.3, 516.1), (200.3, 467.4), (280.3, 437.5), (360.3, 426.5), (440.3, 434.4), (520.3, 461.1), (567.0, 502.2), (567.0, 531.3), (567.0, 531.0), (567.0, 531.9), (567.0, 531.3), (567.0, 531.0), (567.0, 531.9), (567.0, 531.3), (567.0, 531.0), (567.0, 531.9), (567.0, 531.3), (567.0, 531.0), (567.0, 531.9), (567.0, 531.3), (567.0, 531.0), (567.0, 531.9), (567.0, 531.3), (567.0, 531.0), (567.0, 531.9), (567.0, 531.3), (567.0, 531.0), (567.0, 531.9), (567.0, 531.3), (567.0, 531.0), (567.0, 531.9), (567.0, 531.3), (567.0, 531.0), (567.0, 531.9), (567.0, 531.3), (567.0, 531.0), (567.0, 531.9), (567.0, 531.3), (567.0, 531.0), (567.0, 531.9), (567.0, 531.3), (567.0, 531.0), (567.0, 531.9)]",0,5.85
speedrunner,meatboy,5,Stuck,17,0,83.3,0.466,"[(73.0, 525.0), (120.3, 516.1), (200.3, 467.4), (280.3, 437.5), (360.3, 426.5), (440.3, 434.4), (520.3, 461.1), (567.0, 502.2), (567.0, 522.1), (567.0, 515.0), (567.0, 526.8), (567.0, 515.2), (567.0, 517.6), (567.0, 521.8), (567.0, 514.8), (567.0, 526.6), (567.0, 515.2), (567.0, 517.6), (567.0, 521.8), (567.0, 514.8), (567.0, 526.6), (567.0, 515.2), (567.0, 517.6), (567.0, 521.8), (567.0, 514.8), (567.0, 526.6), (567.0, 515.2), (567.0, 517.6), (567.0, 521.8), (567.0, 514.8), (567.0, 526.6), (567.0, 515.2), (567.0, 517.6), (567.0, 521.8), (567.0, 514.8), (567.0, 526.6), (567.0, 515.2), (567.0, 517.6), (567.0, 521.8), (567.0, 514.8), (567.0, 526.6), (567.0, 515.2), (567.0, 517.6), (567.0, 521.8)]",0,5.85
speedrunner,meatboy,5,Stuck,1,0,83.3,0.466,"[(73.0, 525.0), (120.3, 531.3), (200.3, 516.2), (280.3, 467.5), (360.3, 437.6), (440.3, 426.6), (520.3, 434.5), (567.0, 461.2), (567.0, 506.7), (567.0, 531.3), (567.0, 531.0), (567.0, 531.9), (567.0, 531.3), (567.0, 531.0), (567.0, 531.9), (567.0, 531.3), (567.0, 531.0), (567.0, 531.9), (567.0, 531.3), (567.0, 531.0), (567.0, 531.9), (567.0, 531.3), (567.0, 531.0), (567.0, 531.9), (567.0, 531.3), (567.0, 531.0), (567.0, 531.9), (567.0, 531.3), (567.0, 531.0), (567.0, 531.9), (567.0, 531.3), (567.0, 531.0), (567.0, 531.9), (567.0, 531.3), (567.0, 531.0), (567.0, 531.9), (567.0, 531.3), (567.0, 531.0), (567.0, 531.9), (567.0, 531.3), (567.0, 531.0), (567.0, 531.9), (567.0, 531.3), (567.0, 531.0)]",0,5.85
speedrunner,meatboy,5,Saw,1,0,538.75,0.296,"[(73.0, 525.0), (120.3, 531.3), (200.3, 531.0), (280.3, 531.9), (360.3, 531.3)]",0,0.53
speedrunner,meatboy,5,Stuck,1,0,83.3,0.466,"[(73.0, 525.0), (120.3, 531.3), (200.3, 516.2), (280.3, 467.5), (360.3, 437.6), (440.3, 426.6), (520.3, 434.5), (567.0, 461.2), (567.0, 506.7), (567.0, 531.3), (567.0, 531.0), (567.0, 531.9), (567.0, 531.3), (567.0, 531.0), (567.0, 531.9), (567.0, 531.3), (567.0, 531.0), (567.0, 531.9), (567.0, 531.3), (567.0, 531.0), (567.0, 531.9), (567.0, 531.3), (567.0, 531.0), (567.0, 531.9), (567.0, 531.3), (567.0, 531.0), (567.0, 531.9), (567.0, 531.3), (567.0, 531.0), (567.0, 531.9), (567.0, 531.3), (567.0, 531.0), (567.0, 531.9), (567.0, 531.3), (567.0, 531.0), (567.0, 531.9), (567.0, 531.3), (567.0, 531.0), (567.0, 531.9), (567.0, 531.3), (567.0, 531.0), (567.0, 531.9), (567.0, 531.3), (567.0, 531.0)]",0,5.85
speedrunner,meatboy,5,Stuck,2,0,83.3,0.466,"[(73.0, 525.0), (120.3, 531.3), (200.3, 508.8), (280.3, 462.4), (360.3, 434.9), (440.3, 426.3), (520.3, 436.5), (567.0, 465.5), (567.0, 513.4), (567.0, 531.9), (567.0, 531.3), (567.0, 531.0), (567.0, 531.9), (567.0, 531.3), (567.0, 531.0), (567.0, 531.9), (567.0, 531.3), (567.0, 531.0), (567.0, 531.9), (567.0, 531.3), (567.0, 531.0), (567.0, 531.9), (567.0, 531.3), (567.0, 531.0), (567.0, 531.9), (567.0, 531.3), (567.0, 531.0), (567.0, 531.9), (567.0, 531.3), (567.0, 531.0), (567.0, 531.9), (567.0, 531.3), (567.0, 531.0), (567.0, 531.9), (567.0, 531.3), (567.0, 531.0), (567.0, 531.9), (567.0, 531.3), (567.0, 531.0), (567.0, 531.9), (567.0, 531.3), (567.0, 531.0), (567.0, 531.9), (567.0, 531.3)]",0,5.85
speedrunner,meatboy,5,Stuck,17,0,83.3,0.466,"[(73.0, 525.0), (120.3, 516.1), (200.3, 467.4), (280.3, 437.5), (360.3, 426.5), (440.3, 434.4), (520.3, 461.1), (567.0, 502.2), (567.0, 522.1), (567.0, 515.0), (567.0, 526.8), (567.0, 515.2), (567.0, 517.6), (567.0, 521.8), (567.0, 514.8), (567.0, 526.6), (567.0, 515.2), (567.0, 517.6), (567.0, 521.8), (567.0, 514.8), (567.0, 526.6), (567.0, 515.2), (567.0, 517.6), (567.0, 521.8), (567.0, 514.8), (567.0, 526.6), (567.0, 515.2), (567.0, 517.6), (567.0, 521.8), (567.0, 514.8), (567.0, 526.6), (567.0, 515.2), (567.0, 517.6), (567.0, 521.8), (567.0, 514.8), (567.0, 526.6), (567.0, 515.2), (567.0, 517.6), (567.0, 521.8), (567.0, 514.8), (567.0, 526.6), (567.0, 515.2), (567.0, 517.6), (567.0, 521.8)]",0,5.85
speedrunner,meatboy,5,Stuck,1,0,83.3,0.466,"[(73.0, 525.0), (120.3, 516.1), (200.3, 467.4), (280.3, 437.5), (360.3, 426.5), (440.3, 434.4), (520.3, 461.1), (567.0, 502.2), (567.0, 531.3), (567.0, 531.0), (567.0, 531.9), (567.0, 531.3), (567.0, 531.0), (567.0, 531.9), (567.0, 531.3), (567.0, 531.0), (567.0, 531.9), (567.0, 531.3), (567.0, 531.0), (567.0, 531.9), (567.0, 531.3), (567.0, 531.0), (567.0, 531.9), (567.0, 531.3), (567.0, 531.0), (567.0, 531.9), (567.0, 531.3), (567.0, 531.0), (567.0, 531.9), (567.0, 531.3), (567.0, 531.0), (567.0, 531.9), (567.0, 531.3), (567.0, 531.0), (567.0, 531.9), (567.0, 531.3), (567.0, 531.0), (567.0, 531.9), (567.0, 531.3), (567.0, 531.0), (567.0, 531.9), (567.0, 531.3), (567.0, 531.0), (567.0, 531.9)]",0,5.85
speedrunner,meatboy,5,Stuck,2,0,83.3,0.466,"[(73.0, 525.0), (120.3, 516.1), (200.3, 467.4), (280.3, 437.5), (360.3, 426.5), (440.3, 434.4), (520.3, 461.1), (567.0, 506.6), (567.0, 531.0), (567.0, 531.9), (567.0, 531.3), (567.0, 531.0), (567.0, 531.9), (567.0, 531.3), (567.0, 531.0), (567.0, 531.9), (567.0, 531.3), (567.0, 531.0), (567.0, 531.9), (567.0, 531.3), (567.0, 531.0), (567.0, 531.9), (567.0, 531.3), (567.0, 531.0), (567.0, 531.9), (567.0, 531.3), (567.0, 531.0), (567.0, 531.9), (567.0, 531.3), (567.0, 531.0), (567.0, 531.9), (567.0, 531.3), (567.0, 531.0), (567.0, 531.9), (567.0, 531.3), (567.0, 531.0), (567.0, 531.9), (567.0, 531.3), (567.0, 531.0), (567.0, 531.9), (567.0, 531.3), (567.0, 531.0), (567.0, 531.9), (567.0, 531.3)]",0,5.85
speedrunner,meatboy,5,Saw,2,0,538.75,0.296,"[(73.0, 525.0), (120.3, 527.1), (200.3, 522.4), (280.3, 531.3), (360.3, 531.0)]",0,0.53
speedrunner,meatboy,5,Stuck,0,0,0.0,0.06,"[(73.0, 525.0), (73.0, 531.3), (73.0, 531.0), (73.0, 531.9), (73.0, 531.3), (73.0, 531.0), (73.0, 531.9), (73.0, 531.3), (73.0, 531.0), (73.0, 531.9), (73.0, 531.3), (73.0, 531.0), (73.0, 531.9), (73.0, 531.3), (73.0, 531.0), (73.0, 531.9), (73.0, 531.3), (73.0, 531.0), (73.0, 531.9), (73.0, 531.3), (73.0, 531.0), (73.0, 531.9), (73.0, 531.3), (73.0, 531.0), (73.0, 531.9), (73.0, 531.3), (73.0, 531.0), (73.0, 531.9), (73.0, 531.3), (73.0, 531.0), (73.0, 531.9), (73.0, 531.3), (73.0, 531.0), (73.0, 531.9), (73.0, 531.3), (73.0, 531.0), (73.0, 531.9), (73.0, 531.3)]",0,5.02
speedrunner,meatboy,5,Stuck,1,0,83.3,0.466,"[(73.0, 525.0), (120.3, 531.3), (200.3, 531.0), (280.3, 490.1), (360.3, 450.8), (440.3, 430.4), (520.3, 428.8), (567.0, 446.1), (567.0, 481.3), (567.0, 521.0), (567.0, 531.9), (567.0, 531.3), (567.0, 531.0), (567.0, 531.9), (567.0, 531.3), (567.0, 531.0), (567.0, 531.9), (567.0, 531.3), (567.0, 531.0), (567.0, 531.9), (567.0, 531.3), (567.0, 531.0), (567.0, 531.9), (567.0, 531.3), (567.0, 531.0), (567.0, 531.9), (567.0, 531.3), (567.0, 531.0), (567.0, 531.9), (567.0, 531.3), (567.0, 531.0), (567.0, 531.9), (567.0, 531.3), (567.0, 531.0), (567.0, 531.9), (567.0, 531.3), (567.0, 531.0), (567.0, 531.9), (567.0, 531.3), (567.0, 531.0), (567.0, 531.9), (567.0, 531.3), (567.0, 531.0), (567.0, 531.9)]",0,5.85
speedrunner,meatboy,5,Stuck,1,0,84.02,0.466,"[(73.0, 525.0), (120.3, 531.3), (200.3, 502.8), (280.3, 458.9), (360.3, 433.7), (440.3, 427.4), (520.3, 440.0), (567.0, 471.4), (567.0, 511.1), (567.0, 531.0), (567.0, 531.9), (567.0, 531.3), (567.0, 531.0), (567.0, 531.9), (567.0, 531.3), (567.0, 531.0), (567.0, 531.9), (567.0, 531.3), (567.0, 531.0), (567.0, 531.9), (567.0, 531.3), (567.0, 531.0), (567.0, 531.9), (567.0, 531.3), (567.0, 531.0), (567.0, 531.9), (567.0, 531.3), (567.0, 531.0), (567.0, 531.9), (567.0, 531.3), (567.0, 531.0), (567.0, 531.9), (567.0, 531.3), (567.0, 531.0), (567.0, 531.9), (567.0, 531.3), (567.0, 531.0), (567.0, 531.9), (567.0, 531.3), (567.0, 531.0), (567.0, 531.9), (567.0, 531.3), (567.0, 531.0), (567.0, 531.9)]",0,5.8
speedrunner,meatboy,5,Stuck,1,0,83.3,0.466,"[(73.0, 525.0), (120.3, 516.1), (200.3, 467.4), (280.3, 437.5), (360.3, 426.5), (440.3, 434.4), (520.3, 461.1), (567.0, 502.2), (567.0, 531.3), (567.0, 531.0), (567.0, 531.9), (567.0, 531.3), (567.0, 531.0), (567.0, 531.9), (567.0, 531.3), (567.0, 531.0), (567.0, 531.9), (567.0, 531.3), (567.0, 531.0), (567.0, 531.9), (567.0, 531.3), (567.0, 531.0), (567.0, 531.9), (567.0, 531.3), (567.0, 531.0), (567.0, 531.9), (567.0, 531.3), (567.0, 531.0), (567.0, 531.9), (567.0, 531.3), (567.0, 531.0), (567.0, 531.9), (567.0, 531.3), (567.0, 531.0), (567.0, 531.9), (567.0, 531.3), (567.0, 531.0), (567.0, 531.9), (567.0, 531.3), (567.0, 531.0), (567.0, 531.9), (567.0, 531.3), (567.0, 531.0), (567.0, 531.9)]",0,5.85
speedrunner,meatboy,5,Stuck,1,0,83.3,0.466,"[(73.0, 525.0), (120.3, 531.3), (200.3, 531.0), (280.3, 490.1), (360.3, 450.8), (440.3, 430.4), (520.3, 428.8), (567.0, 446.1), (567.0, 481.3), (567.0, 521.0), (567.0, 531.9), (567.0, 531.3), (567.0, 531.0), (567.0, 531.9), (567.0, 531.3), (567.0, 531.0), (567.0, 531.9), (567.0, 531.3), (567.0, 531.0), (567.0, 531.9), (567.0, 531.3), (567.0, 531.0), (567.0, 531.9), (567.0, 531.3), (567.0, 531.0), (567.0, 531.9), (567.0, 531.3), (567.0, 531.0), (567.0, 531.9), (567.0, 531.3), (567.0, 531.0), (567.0, 531.9), (567.0, 531.3), (567.0, 531.0), (567.0, 531.9), (567.0, 531.3), (567.0, 531.0), (567.0, 531.9), (567.0, 531.3), (567.0, 531.0), (567.0, 531.9), (567.0, 531.3), (567.0, 531.0), (567.0, 531.9)]",0,5.85
speedrunner,meatboy,5,Stuck,2,0,83.3,0.466,"[(73.0, 525.0), (120.3, 531.3), (200.3, 508.8), (280.3, 462.4), (360.3, 434.9), (440.3, 426.3), (520.3, 436.5), (567.0, 465.5), (567.0, 513.4), (567.0, 531.9), (567.0, 531.3), (567.0, 531.0), (567.0, 531.9), (567.0, 531.3), (567.0, 531.0), (567.0, 531.9), (567.0, 531.3), (567.0, 531.0), (567.0, 531.9), (567.0, 531.3), (567.0, 531.0), (567.0, 531.9), (567.0, 531.3), (567.0, 531.0), (567.0, 531.9), (567.0, 531.3), (567.0, 531.0), (567.0, 531.9), (567.0, 531.3), (567.0, 531.0), (567.0, 531.9), (567.0, 531.3), (567.0, 531.0), (567.0, 531.9), (567.0, 531.3), (567.0, 531.0), (567.0, 531.9), (567.0, 531.3), (567.0, 531.0), (567.0, 531.9), (567.0, 531.3), (567.0, 531.0), (567.0, 531.9), (567.0, 531.3)]",0,5.85
speedrunner,meatboy,5,Stuck,1,0,83.3,0.466,"[(73.0, 525.0), (120.3, 531.3), (200.3, 516.2), (280.3, 467.5), (360.3, 437.6), (440.3, 426.6), (520.3, 434.5), (567.0, 461.2), (567.0, 506.7), (567.0, 531.3), (567.0, 531.0), (567.0, 531.9), (567.0, 531.3), (567.0, 531.0), (567.0, 531.9), (567.0, 531.3), (567.0, 531.0), (567.0, 531.9), (567.0, 531.3), (567.0, 531.0), (567.0, 531.9), (567.0, 531.3), (567.0, 531.0), (567.0, 531.9), (567.0, 531.3), (567.0, 531.0), (567.0, 531.9), (567.0, 531.3), (567.0, 531.0), (567.0, 531.9), (567.0, 531.3), (567.0, 531.0), (567.0, 531.9), (567.0, 531.3), (567.0, 531.0), (567.0, 531.9), (567.0, 531.3), (567.0, 531.0), (567.0, 531.9), (567.0, 531.3), (567.0, 531.0), (567.0, 531.9), (567.0, 531.3), (567.0, 531.0)]",0,5.85
speedrunner,meatboy,5,Stuck,1,0,83.3,0.466,"[(73.0, 525.0), (120.3, 516.1), (200.3, 467.4), (280.3, 437.5), (360.3, 426.5), (440.3, 434.4), (520.3, 461.1), (567.0, 502.2), (567.0, 531.3), (567.0, 531.0), (567.0, 531.9), (567.0, 531.3), (567.0, 531.0), (567.0, 531.9), (567.0, 531.3), (567.0, 531.0), (567.0, 531.9), (567.0, 531.3), (567.0, 531.0), (567.0, 531.9), (567.0, 531.3), (567.0, 531.0), (567.0, 531.9), (567.0, 531.3), (567.0, 531.0), (567.0, 531.9), (567.0, 531.3), (567.0, 531.0), (567.0, 531.9), (567.0, 531.3), (567.0, 531.0), (567.0, 531.9), (567.0, 531.3), (567.0, 531.0), (567.0, 531.9), (567.0, 531.3), (567.0, 531.0), (567.0, 531.9), (567.0, 531.3), (567.0, 531.0), (567.0, 531.9), (567.0, 531.3), (567.0, 531.0), (567.0, 531.9)]",0,5.85
speedrunner,meatboy,5,Stuck,1,0,83.66,0.466,"[(73.0, 525.0), (120.3, 531.3), (200.3, 531.0), (280.3, 531.9), (360.3, 485.9), (437.3, 481.3), (513.8, 495.4), (567.0, 528.4), (567.0, 531.3), (567.0, 531.0), (567.0, 531.9), (567.0, 531.3), (567.0, 531.0), (567.0, 531.9), (567.0, 531.3), (567.0, 531.0), (567.0, 531.9), (567.0, 531.3), (567.0, 531.0), (567.0, 531.9), (567.0, 531.3), (567.0, 531.0), (567.0, 531.9), (567.0, 531.3), (567.0, 531.0), (567.0, 531.9), (567.0, 531.3), (567.0, 531.0), (567.0, 531.9), (567.0, 531.3), (567.0, 531.0), (567.0, 531.9), (567.0, 531.3), (567.0, 531.0), (567.0, 531.9), (567.0, 531.3), (567.0, 531.0), (567.0, 531.9), (567.0, 531.3), (567.0, 531.0), (567.0, 531.9), (567.0, 531.3), (567.0, 531.0), (567.0, 531.9), (567.0, 531.3)]",0,5.87
speedrunner,meatboy,5,Stuck,2,0,83.3,0.466,"[(73.0, 525.0), (120.3, 516.1), (200.3, 467.4), (280.3, 437.5), (360.3, 426.5), (440.3, 434.4), (520.3, 461.1), (567.0, 502.2), (567.0, 531.3), (567.0, 531.0), (567.0, 531.9), (567.0, 531.3), (567.0, 531.0), (567.0, 531.9), (567.0, 531.3), (567.0, 531.0), (567.0, 531.9), (567.0, 531.3), (567.0, 531.0), (567.0, 531.9), (567.0, 531.3), (567.0, 531.0), (567.0, 531.9), (567.0, 531.3), (567.0, 531.0), (567.0, 531.9), (567.0, 531.3), (567.0, 531.0), (567.0, 531.9), (567.0, 531.3), (567.0, 531.0), (567.0, 531.9), (567.0, 531.3), (567.0, 531.0), (567.0, 531.9), (567.0, 531.3), (567.0, 531.0), (567.0, 531.9), (567.0, 531.3), (567.0, 531.0), (567.0, 531.9), (567.0, 531.3), (567.0, 531.0), (567.0, 531.9)]",0,5.85
speedrunner,meatboy,5,Stuck,1,0,83.3,0.466,"[(73.0, 525.0), (120.3, 516.1), (200.3, 467.4), (280.3, 437.5), (360.3, 426.5), (440.3, 434.4), (520.3, 461.1), (567.0, 502.2), (567.0, 531.3), (567.0, 531.0), (567.0, 531.9), (567.0, 531.3), (567.0, 531.0), (567.0, 531.9), (567.0, 531.3), (567.0, 531.0), (567.0, 531.9), (567.0, 531.3), (567.0, 531.0), (567.0, 531.9), (567.0, 531.3), (567.0, 531.0), (567.0, 531.9), (567.0, 531.3), (567.0, 531.0), (567.0, 531.9), (567.0, 531.3), (567.0, 531.0), (567.0, 531.9), (567.0, 531.3), (567.0, 531.0), (567.0, 531.9), (567.0, 531.3), (567.0, 531.0), (567.0, 531.9), (567.0, 531.3), (567.0, 531.0), (567.0, 531.9), (567.0, 531.3), (567.0, 531.0), (567.0, 531.9), (567.0, 531.3), (567.0, 531.0), (567.0, 531.9)]",0,5.85
speedrunner,meatboy,5,Saw,1,0,542.35,0.313,"[(73.0, 525.0), (120.3, 531.3), (200.3, 531.0), (280.3, 502.2), (360.3, 486.5)]",0,0.57
speedrunner,meatboy,5,Saw,1,0,538.75,0.296,"[(73.0, 525.0), (120.3, 531.3), (200.3, 531.0), (280.3, 531.9), (360.3, 523.3)]",0,0.53
speedrunner,meatboy,5,Saw,1,0,542.35,0.313,"[(73.0, 525.0), (120.3, 531.3), (200.3, 531.0), (280.3, 515.9), (360.3, 487.3)]",0,0.57
speedrunner,meatboy,5,Stuck,1,0,83.3,0.466,"[(73.0, 525.0), (120.3, 531.3), (200.3, 516.2), (280.3, 467.5), (360.3, 437.6), (440.3, 426.6), (520.3, 434.5), (567.0, 461.2), (567.0, 506.7), (567.0, 531.3), (567.0, 531.0), (567.0, 531.9), (567.0, 531.3), (567.0, 531.0), (567.0, 531.9), (567.0, 531.3), (567.0, 531.0), (567.0, 531.9), (567.0, 531.3), (567.0, 531.0), (567.0, 531.9), (567.0, 531.3), (567.0, 531.0), (567.0, 531.9), (567.0, 531.3), (567.0, 531.0), (567.0, 531.9), (567.0, 531.3), (567.0, 531.0), (567.0, 531.9), (567.0, 531.3), (567.0, 531.0), (567.0, 531.9), (567.0, 531.3), (567.0, 531.0), (567.0, 531.9), (567.0, 531.3), (567.0, 531.0), (567.0, 531.9), (567.0, 531.3), (567.0, 531.0), (567.0, 531.9), (567.0, 531.3), (567.0, 531.0)]",0,5.85
speedrunner,meatboy,5,Stuck,2,0,83.3,0.466,"[(73.0, 525.0), (120.3, 531.3), (200.3, 508.8), (280.3, 462.4), (360.3, 434.9), (440.3, 426.3), (520.3, 436.5), (567.0, 465.5), (567.0, 513.4), (567.0, 531.9), (567.0, 531.3), (567.0, 531.0), (567.0, 531.9), (567.0, 531.3), (567.0, 531.0), (567.0, 531.9), (567.0, 531.3), (567.0, 531.0), (567.0, 531.9), (567.0, 531.3), (567.0, 531.0), (567.0, 531.9), (567.0, 531.3), (567.0, 531.0), (567.0, 531.9), (567.0, 531.3), (567.0, 531.0), (567.0, 531.9), (567.0, 531.3), (567.0, 531.0), (567.0, 531.9), (567.0, 531.3), (567.0, 531.0), (567.0, 531.9), (567.0, 531.3), (567.0, 531.0), (567.0, 531.9), (567.0, 531.3), (567.0, 531.0), (567.0, 531.9), (567.0, 531.3), (567.0, 531.0), (567.0, 531.9), (567.0, 531.3)]",0,5.85
speedrunner,meatboy,5,Stuck,1,0,83.3,0.466,"[(73.0, 525.0), (120.3, 531.3), (200.3, 531.0), (280.3, 490.1), (360.3, 450.8), (440.3, 430.4), (520.3, 428.8), (567.0, 446.1), (567.0, 481.3), (567.0, 521.0), (567.0, 531.9), (567.0, 531.3), (567.0, 531.0), (567.0, 531.9), (567.0, 531.3), (567.0, 531.0), (567.0, 531.9), (567.0, 531.3), (567.0, 531.0), (567.0, 531.9), (567.0, 531.3), (567.0, 531.0), (567.0, 531.9), (567.0, 531.3), (567.0, 531.0), (567.0, 531.9), (567.0, 531.3), (567.0, 531.0), (567.0, 531.9), (567.0, 531.3), (567.0, 531.0), (567.0, 531.9), (567.0, 531.3), (567.0, 531.0), (567.0, 531.9), (567.0, 531.3), (567.0, 531.0), (567.0, 531.9), (567.0, 531.3), (567.0, 531.0), (567.0, 531.9), (567.0, 531.3), (567.0, 531.0), (567.0, 531.9)]",0,5.85
speedrunner,meatboy,5,Stuck,1,0,83.3,0.466,"[(73.0, 525.0), (120.3, 516.1), (200.3, 467.4), (280.3, 437.5), (360.3, 426.5), (440.3, 434.4), (520.3, 461.1), (567.0, 502.2), (567.0, 531.3), (567.0, 531.0), (567.0, 531.9), (567.0, 531.3), (567.0, 531.0), (567.0, 531.9), (567.0, 531.3), (567.0, 531.0), (567.0, 531.9), (567.0, 531.3), (567.0, 531.0), (567.0, 531.9), (567.0, 531.3), (567.0, 531.0), (567.0, 531.9), (567.0, 531.3), (567.0, 531.0), (567.0, 531.9), (567.0, 531.3), (567.0, 531.0), (567.0, 531.9), (567.0, 531.3), (567.0, 531.0), (567.0, 531.9), (567.0, 531.3), (567.0, 531.0), (567.0, 531.9), (567.0, 531.3), (567.0, 531.0), (567.0, 531.9), (567.0, 531.3), (567.0, 531.0), (567.0, 531.9), (567.0, 531.3), (567.0, 531.0), (567.0, 531.9)]",0,5.85
speedrunner,meatboy,5,Stuck,1,0,84.02,0.466,"[(73.0, 525.0), (120.3, 531.3), (200.3, 502.8), (280.3, 458.9), (360.3, 433.7), (440.3, 427.4), (520.3, 440.0), (567.0, 471.4), (567.0, 511.1), (567.0, 531.0), (567.0, 531.9), (567.0, 531.3), (567.0, 531.0), (567.0, 531.9), (567.0, 531.3), (567.0, 531.0), (567.0, 531.9), (567.0, 531.3), (567.0, 531.0), (567.0, 531.9), (567.0, 531.3), (567.0, 531.0), (567.0, 531.9), (567.0, 531.3), (567.0, 531.0), (567.0, 531.9), (567.0, 531.3), (567.0, 531.0), (567.0, 531.9), (567.0, 531.3), (567.0, 531.0), (567.0, 531.9), (567.0, 531.3), (567.0, 531.0), (567.0, 531.9), (567.0, 531.3), (567.0, 531.0), (567.0, 531.9), (567.0, 531.3), (567.0, 531.0), (567.0, 531.9), (567.0, 531.3), (567.0, 531.0), (567.0, 531.9)]",0,5.8
speedrunner,meatboy,5,Stuck,1,0,83.3,0.466,"[(73.0, 525.0), (120.3, 531.3), (200.3, 484.1), (280.3, 447.2), (360.3, 429.2), (440.3, 429.9), (520.3, 449.6), (567.0, 488.0), (567.0, 531.3), (567.0, 531.0), (567.0, 531.9), (567.0, 531.3), (567.0, 531.0), (567.0, 531.9), (567.0, 531.3), (567.0, 531.0), (567.0, 531.9), (567.0, 531.3), (567.0, 531.0), (567.0, 531.9), (567.0, 531.3), (567.0, 531.0), (567.0, 531.9), (567.0, 531.3), (567.0, 531.0), (567.0, 531.9), (567.0, 531.3), (567.0, 531.0), (567.0, 531.9), (567.0, 531.3), (567.0, 531.0), (567.0, 531.9), (567.0, 531.3), (567.0, 531.0), (567.0, 531.9), (567.0, 531.3), (567.0, 531.0), (567.0, 531.9), (567.0, 531.3), (567.0, 531.0), (567.0, 531.9), (567.0, 531.3), (567.0, 531.0), (567.0, 531.9)]",0,5.85
speedrunner,meatboy,5,Stuck,0,0,0.0,0.06,"[(73.0, 525.0), (73.0, 531.3), (73.0, 531.0), (73.0, 531.9), (73.0, 531.3), (73.0, 531.0), (73.0, 531.9), (73.0, 531.3), (73.0, 531.0), (73.0, 531.9), (73.0, 531.3), (73.0, 531.0), (73.0, 531.9), (73.0, 531.3), (73.0, 531.0), (73.0, 531.9), (73.0, 531.3), (73.0, 531.0), (73.0, 531.9), (73.0, 531.3), (73.0, 531.0), (73.0, 531.9), (73.0, 531.3), (73.0, 531.0), (73.0, 531.9), (73.0, 531.3), (73.0, 531.0), (73.0, 531.9), (73.0, 531.3), (73.0, 531.0), (73.0, 531.9), (73.0, 531.3), (73.0, 531.0), (73.0, 531.9), (73.0, 531.3), (73.0, 531.0), (73.0, 531.9), (73.0, 531.3)]",0,5.02
speedrunner,meatboy,5,Stuck,3,0,83.3,0.466,"[(73.0, 525.0), (120.3, 531.3), (200.3, 531.0), (280.3, 515.9), (360.3, 467.2), (440.3, 445.7), (520.3, 448.1), (567.0, 469.3), (567.0, 509.4), (567.0, 531.3), (567.0, 531.0), (567.0, 531.9), (567.0, 531.3), (567.0, 531.0), (567.0, 531.9), (567.0, 531.3), (567.0, 531.0), (567.0, 531.9), (567.0, 531.3), (567.0, 531.0), (567.0, 531.9), (567.0, 531.3), (567.0, 531.0), (567.0, 531.9), (567.0, 531.3), (567.0, 531.0), (567.0, 531.9), (567.0, 531.3), (567.0, 531.0), (567.0, 531.9), (567.0, 531.3), (567.0, 531.0), (567.0, 531.9), (567.0, 531.3), (567.0, 531.0), (567.0, 531.9), (567.0, 531.3), (567.0, 531.0), (567.0, 531.9), (567.0, 531.3), (567.0, 531.0), (567.0, 531.9), (567.0, 531.3), (567.0, 531.0)]",0,5.85
speedrunner,meatboy,5,Stuck,2,0,83.3,0.466,"[(73.0, 525.0), (120.3, 516.1), (200.3, 467.4), (280.3, 437.5), (360.3, 426.5), (440.3, 434.4), (520.3, 461.1), (567.0, 506.6), (567.0, 531.3), (567.0, 531.0), (567.0, 531.9), (567.0, 531.3), (567.0, 531.0), (567.0, 531.9), (567.0, 531.3), (567.0, 531.0), (567.0, 531.9), (567.0, 531.3), (567.0, 531.0), (567.0, 531.9), (567.0, 531.3), (567.0, 531.0), (567.0, 531.9), (567.0, 531.3), (567.0, 531.0), (567.0, 531.9), (567.0, 531.3), (567.0, 531.0), (567.0, 531.9), (567.0, 531.3), (567.0, 531.0), (567.0, 531.9), (567.0, 531.3), (567.0, 531.0), (567.0, 531.9), (567.0, 531.3), (567.0, 531.0), (567.0, 531.9), (567.0, 531.3), (567.0, 531.0), (567.0, 531.9), (567.0, 531.3), (567.0, 531.0), (567.0, 531.9)]",0,5.85
speedrunner,meatboy,5,Stuck,1,0,84.02,0.466,"[(73.0, 525.0), (120.3, 531.3), (200.3, 531.0), (280.3, 509.6), (360.3, 482.0), (440.3, 484.4), (520.3, 505.6), (567.0, 531.9), (567.0, 531.3), (567.0, 531.0), (567.0, 531.9), (567.0, 531.3), (567.0, 531.0), (567.0, 531.9), (567.0, 531.3), (567.0, 531.0), (567.0, 531.9), (567.0, 531.3), (567.0, 531.0), (567.0, 531.9), (567.0, 531.3), (567.0, 531.0), (567.0, 531.9), (567.0, 531.3), (567.0, 531.0), (567.0, 531.9), (567.0, 531.3), (567.0, 531.0), (567.0, 531.9), (567.0, 531.3), (567.0, 531.0), (567.0, 531.9), (567.0, 531.3), (567.0, 531.0), (567.0, 531.9), (567.0, 531.3), (567.0, 531.0), (567.0, 531.9), (567.0, 531.3), (567.0, 531.0), (567.0, 531.9), (567.0, 531.3), (567.0, 531.0), (567.0, 531.9)]",0,5.8
speedrunner,meatboy,5,Stuck,1,0,83.3,0.466,"[(73.0, 525.0), (120.3, 531.3), (200.3, 531.0), (280.3, 490.1), (360.3, 450.8), (440.3, 430.4), (520.3, 428.8), (567.0, 446.1), (567.0, 481.3), (567.0, 521.0), (567.0, 531.9), (567.0, 531.3), (567.0, 531.0), (567.0, 531.9), (567.0, 531.3), (567.0, 531.0), (567.0, 531.9), (567.0, 531.3), (567.0, 531.0), (567.0, 531.9), (567.0, 531.3), (567.0, 531.0), (567.0, 531.9), (567.0, 531.3), (567.0, 531.0), (567.0, 531.9), (567.0, 531.3), (567.0, 531.0), (567.0, 531.9), (567.0, 531.3), (567.0, 531.0), (567.0, 531.9), (567.0, 531.3), (567.0, 531.0), (567.0, 531.9), (567.0, 531.3), (567.0, 531.0), (567.0, 531.9), (567.0, 531.3), (567.0, 531.0), (567.0, 531.9), (567.0, 531.3), (567.0, 531.0), (567.0, 531.9)]",0,5.85
speedrunner,meatboy,5,Stuck,2,0,83.3,0.466,"[(73.0, 525.0), (120.3, 531.3), (200.3, 508.8), (280.3, 462.4), (360.3, 434.9), (440.3, 426.3), (520.3, 436.5), (567.0, 465.5), (567.0, 513.4), (567.0, 531.9), (567.0, 531.3), (567.0, 531.0), (567.0, 531.9), (567.0, 531.3), (567.0, 531.0), (567.0, 531.9), (567.0, 531.3), (567.0, 531.0), (567.0, 531.9), (567.0, 531.3), (567.0, 531.0), (567.0, 531.9), (567.0, 531.3), (567.0, 531.0), (567.0, 531.9), (567.0, 531.3), (567.0, 531.0), (567.0, 531.9), (567.0, 531.3), (567.0, 531.0), (567.0, 531.9), (567.0, 531.3), (567.0, 531.0), (567.0, 531.9), (567.0, 531.3), (567.0, 531.0), (567.0, 531.9), (567.0, 531.3), (567.0, 531.0), (567.0, 531.9), (567.0, 531.3), (567.0, 531.0), (567.0, 531.9), (567.0, 531.3)]",0,5.85
speedrunner,meatboy,5,Stuck,1,0,83.3,0.466,"[(73.0, 525.0), (120.3, 531.3), (200.3, 516.2), (280.3, 467.5), (360.3, 437.6), (440.3, 426.6), (520.3, 434.5), (567.0, 461.2), (567.0, 506.7), (567.0, 531.3), (567.0, 531.0), (567.0, 531.9), (567.0, 531.3), (567.0, 531.0), (567.0, 531.9), (567.0, 531.3), (567.0, 531.0), (567.0, 531.9), (567.0, 531.3), (567.0, 531.0), (567.0, 531.9), (567.0, 531.3), (567.0, 531.0), (567.0, 531.9), (567.0, 531.3), (567.0, 531.0), (567.0, 531.9), (567.0, 531.3), (567.0, 531.0), (567.0, 531.9), (567.0, 531.3), (567.0, 531.0), (567.0, 531.9), (567.0, 531.3), (567.0, 531.0), (567.0, 531.9), (567.0, 531.3), (567.0, 531.0), (567.0, 531.9), (567.0, 531.3), (567.0, 531.0), (567.0, 531.9), (567.0, 531.3), (567.0, 531.0)]",0,5.85
speedrunner,meatboy,5,Stuck,2,0,83.3,0.466,"[(73.0, 525.0), (120.3, 516.1), (200.3, 467.4), (280.3, 437.5), (360.3, 426.5), (440.3, 434.4), (520.3, 461.1), (567.0, 506.6), (567.0, 531.3), (567.0, 531.0), (567.0, 531.9), (567.0, 531.3), (567.0, 531.0), (567.0, 531.9), (567.0, 531.3), (567.0, 531.0), (567.0, 531.9), (567.0, 531.3), (567.0, 531.0), (567.0, 531.9), (567.0, 531.3), (567.0, 531.0), (567.0, 531.9), (567.0, 531.3), (567.0, 531.0), (567.0, 531.9), (567.0, 531.3), (567.0, 531.0), (567.0, 531.9), (567.0, 531.3), (567.0, 531.0), (567.0, 531.9), (567.0, 531.3), (567.0, 531.0), (567.0, 531.9), (567.0, 531.3), (567.0, 531.0), (567.0, 531.9), (567.0, 531.3), (567.0, 531.0), (567.0, 531.9), (567.0, 531.3), (567.0, 531.0), (567.0, 531.9)]",0,5.85
speedrunner,meatboy,5,Stuck,1,0,83.3,0.466,"[(73.0, 525.0), (120.3, 531.3), (200.3, 531.0), (280.3, 531.9), (360.3, 485.9), (440.3, 481.3), (520.3, 495.4), (567.0, 528.4), (567.0, 531.3), (567.0, 531.0), (567.0, 531.9), (567.0, 531.3), (567.0, 531.0), (567.0, 531.9), (567.0, 531.3), (567.0, 531.0), (567.0, 531.9), (567.0, 531.3), (567.0, 531.0), (567.0, 531.9), (567.0, 531.3), (567.0, 531.0), (567.0, 531.9), (567.0, 531.3), (567.0, 531.0), (567.0, 531.9), (567.0, 531.3), (567.0, 531.0), (567.0, 531.9), (567.0, 531.3), (567.0, 531.0), (567.0, 531.9), (567.0, 531.3), (567.0, 531.0), (567.0, 531.9), (567.0, 531.3), (567.0, 531.0), (567.0, 531.9), (567.0, 531.3), (567.0, 531.0), (567.0, 531.9), (567.0, 531.3), (567.0, 531.0), (567.0, 531.9)]",0,5.85
speedrunner,meatboy,5,Stuck,2,0,83.3,0.466,"[(73.0, 525.0), (120.3, 516.1), (200.3, 467.4), (280.3, 437.5), (360.3, 426.5), (440.3, 434.4), (520.3, 461.1), (567.0, 506.6), (567.0, 531.3), (567.0, 531.0), (567.0, 531.9), (567.0, 531.3), (567.0, 531.0), (567.0, 531.9), (567.0, 531.3), (567.0, 531.0), (567.0, 531.9), (567.0, 531.3), (567.0, 531.0), (567.0, 531.9), (567.0, 531.3), (567.0, 531.0), (567.0, 531.9), (567.0, 531.3), (567.0, 531.0), (567.0, 531.9), (567.0, 531.3), (567.0, 531.0), (567.0, 531.9), (567.0, 531.3), (567.0, 531.0), (567.0, 531.9), (567.0, 531.3), (567.0, 531.0), (567.0, 531.9), (567.0, 531.3), (567.0, 531.0), (567.0, 531.9), (567.0, 531.3), (567.0, 531.0), (567.0, 531.9), (567.0, 531.3), (567.0, 531.0), (567.0, 531.9)]",0,5.85
speedrunner,meatboy,5,Saw,2,0,538.75,0.296,"[(73.0, 525.0), (120.3, 527.1), (200.3, 522.4), (280.3, 531.3), (360.3, 531.0)]",0,0.53
speedrunner,meatboy,5,Stuck,2,0,84.02,0.466,"[(73.0, 525.0), (120.3, 531.3), (200.3, 502.8), (280.3, 458.9), (360.3, 433.7), (440.3, 427.4), (520.3, 440.0), (567.0, 471.4), (567.0, 521.6), (567.0, 531.0), (567.0, 531.9), (567.0, 531.3), (567.0, 531.0), (567.0, 531.9), (567.0, 531.3), (567.0, 531.0), (567.0, 531.9), (567.0, 531.3), (567.0, 531.0), (567.0, 531.9), (567.0, 531.3), (567.0, 531.0), (567.0, 531.9), (567.0, 531.3), (567.0, 531.0), (567.0, 531.9), (567.0, 531.3), (567.0, 531.0), (567.0, 531.9), (567.0, 531.3), (567.0, 531.0), (567.0, 531.9), (567.0, 531.3), (567.0, 531.0), (567.0, 531.9), (567.0, 531.3), (567.0, 531.0), (567.0, 531.9), (567.0, 531.3), (567.0, 531.0), (567.0, 531.9), (567.0, 531.3), (567.0, 531.0), (567.0, 531.9)]",0,5.8
speedrunner,meatboy,5,Stuck,1,0,83.3,0.466,"[(73.0, 525.0), (120.3, 531.3), (200.3, 531.0), (280.3, 531.9), (360.3, 478.5), (440.3, 443.9), (520.3, 428.2), (567.0, 431.4), (567.0, 453.3), (567.0, 491.2), (567.0, 530.9), (567.0, 531.3), (567.0, 531.0), (567.0, 531.9), (567.0, 531.3), (567.0, 531.0), (567.0, 531.9), (567.0, 531.3), (567.0, 531.0), (567.0, 531.9), (567.0, 531.3), (567.0, 531.0), (567.0, 531.9), (567.0, 531.3), (567.0, 531.0), (567.0, 531.9), (567.0, 531.3), (567.0, 531.0), (567.0, 531.9), (567.0, 531.3), (567.0, 531.0), (567.0, 531.9), (567.0, 531.3), (567.0, 531.0), (567.0, 531.9), (567.0, 531.3), (567.0, 531.0), (567.0, 531.9), (567.0, 531.3), (567.0, 531.0), (567.0, 531.9), (567.0, 531.3), (567.0, 531.0), (567.0, 531.9)]",0,5.85
speedrunner,meatboy,5,Stuck,1,0,83.3,0.466,"[(73.0, 525.0), (120.3, 531.3), (200.3, 531.0), (280.3, 523.6), (360.3, 472.5), (440.3, 440.3), (520.3, 427.0), (567.0, 432.5), (567.0, 456.8), (567.0, 495.6), (567.0, 531.0), (567.0, 531.9), (567.0, 531.3), (567.0, 531.0), (567.0, 531.9), (567.0, 531.3), (567.0, 531.0), (567.0, 531.9), (567.0, 531.3), (567.0, 531.0), (567.0, 531.9), (567.0, 531.3), (567.0, 531.0), (567.0, 531.9), (567.0, 531.3), (567.0, 531.0), (567.0, 531.9), (567.0, 531.3), (567.0, 531.0), (567.0, 531.9), (567.0, 531.3), (567.0, 531.0), (567.0, 531.9), (567.0, 531.3), (567.0, 531.0), (567.0, 531.9), (567.0, 531.3), (567.0, 531.0), (567.0, 531.9), (567.0, 531.3), (567.0, 531.0), (567.0, 531.9), (567.0, 531.3), (567.0, 531.0)]",0,5.85
speedrunner,meatboy,5,Stuck,1,0,83.3,0.466,"[(73.0, 525.0), (120.3, 531.3), (200.3, 531.0), (280.3, 523.6), (360.3, 472.5), (440.3, 440.3), (520.3, 427.0), (567.0, 432.5), (567.0, 456.8), (567.0, 495.6), (567.0, 531.0), (567.0, 531.9), (567.0, 531.3), (567.0, 531.0), (567.0, 531.9), (567.0, 531.3), (567.0, 531.0), (567.0, 531.9), (567.0, 531.3), (567.0, 531.0), (567.0, 531.9), (567.0, 531.3), (567.0, 531.0), (567.0, 531.9), (567.0, 531.3), (567.0, 531.0), (567.0, 531.9), (567.0, 531.3), (567.0, 531.0), (567.0, 531.9), (567.0, 531.3), (567.0, 531.0), (567.0, 531.9), (567.0, 531.3), (567.0, 531.0), (567.0, 531.9), (567.0, 531.3), (567.0, 531.0), (567.0, 531.9), (567.0, 531.3), (567.0, 531.0), (567.0, 531.9), (567.0, 531.3), (567.0, 531.0)]",0,5.85
speedrunner,meatboy,5,Stuck,1,0,83.3,0.466,"[(73.0, 525.0), (120.3, 531.3), (200.3, 531.0), (280.3, 531.9), (360.3, 478.5), (440.3, 443.9), (520.3, 428.2), (567.0, 431.4), (567.0, 453.3), (567.0, 491.2), (567.0, 530.9), (567.0, 531.3), (567.0, 531.0), (567.0, 531.9), (567.0, 531.3), (567.0, 531.0), (567.0, 531.9), (567.0, 531.3), (567.0, 531.0), (567.0, 531.9), (567.0, 531.3), (567.0, 531.0), (567.0, 531.9), (567.0, 531.3), (567.0, 531.0), (567.0, 531.9), (567.0, 531.3), (567.0, 531.0), (567.0, 531.9), (567.0, 531.3), (567.0, 531.0), (567.0, 531.9), (567.0, 531.3), (567.0, 531.0), (567.0, 531.9), (567.0, 531.3), (567.0, 531.0), (567.0, 531.9), (567.0, 531.3), (567.0, 531.0), (567.0, 531.9), (567.0, 531.3), (567.0, 531.0), (567.0, 531.9)]",0,5.85
speedrunner,meatboy,5,Stuck,1,0,83.3,0.466,"[(73.0, 525.0), (120.3, 531.3), (200.3, 516.2), (280.3, 467.5), (360.3, 437.6), (440.3, 426.6), (520.3, 434.5), (567.0, 461.2), (567.0, 506.7), (567.0, 531.3), (567.0, 531.0), (567.0, 531.9), (567.0, 531.3), (567.0, 531.0), (567.0, 531.9), (567.0, 531.3), (567.0, 531.0), (567.0, 531.9), (567.0, 531.3), (567.0, 531.0), (567.0, 531.9), (567.0, 531.3), (567.0, 531.0), (567.0, 531.9), (567.0, 531.3), (567.0, 531.0), (567.0, 531.9), (567.0, 531.3), (567.0, 531.0), (567.0, 531.9), (567.0, 531.3), (567.0, 531.0), (567.0, 531.9), (567.0, 531.3), (567.0, 531.0), (567.0, 531.9), (567.0, 531.3), (567.0, 531.0), (567.0, 531.9), (567.0, 531.3), (567.0, 531.0), (567.0, 531.9), (567.0, 531.3), (567.0, 531.0)]",0,5.85
speedrunner,meatboy,5,Stuck,2,0,83.3,0.466,"[(73.0, 525.0), (120.3, 531.3), (200.3, 508.8), (280.3, 462.4), (360.3, 434.9), (440.3, 426.3), (520.3, 436.5), (567.0, 465.5), (567.0, 513.4), (567.0, 531.9), (567.0, 531.3), (567.0, 531.0), (567.0, 531.9), (567.0, 531.3), (567.0, 531.0), (567.0, 531.9), (567.0, 531.3), (567.0, 531.0), (567.0, 531.9), (567.0, 531.3), (567.0, 531.0), (567.0, 531.9), (567.0, 531.3), (567.0, 531.0), (567.0, 531.9), (567.0, 531.3), (567.0, 531.0), (567.0, 531.9), (567.0, 531.3), (567.0, 531.0), (567.0, 531.9), (567.0, 531.3), (567.0, 531.0), (567.0, 531.9), (567.0, 531.3), (567.0, 531.0), (567.0, 531.9), (567.0, 531.3), (567.0, 531.0), (567.0, 531.9), (567.0, 531.3), (567.0, 531.0), (567.0, 531.9), (567.0, 531.3)]",0,5.85
speedrunner,meatboy,5,Saw,1,0,540.61,0.305,"[(73.0, 525.0), (120.3, 531.3), (200.3, 531.0), (280.3, 531.9), (360.3, 493.5)]",0,0.55
speedrunner,meatboy,5,Saw,2,0,538.75,0.296,"[(73.0, 525.0), (120.3, 527.1), (200.3, 522.4), (280.3, 531.3), (360.3, 531.0)]",0,0.53
speedrunner,meatboy,5,Stuck,1,0,83.3,0.466,"[(73.0, 525.0), (120.3, 531.3), (200.3, 531.0), (280.3, 531.9), (360.3, 483.2), (440.3, 446.3), (520.3, 428.3), (567.0, 429.0), (567.0, 448.7), (567.0, 485.4), (567.0, 525.1), (567.0, 531.0), (567.0, 531.9), (567.0, 531.3), (567.0, 531.0), (567.0, 531.9), (567.0, 531.3), (567.0, 531.0), (567.0, 531.9), (567.0, 531.3), (567.0, 531.0), (567.0, 531.9), (567.0, 531.3), (567.0, 531.0), (567.0, 531.9), (567.0, 531.3), (567.0, 531.0), (567.0, 531.9), (567.0, 531.3), (567.0, 531.0), (567.0, 531.9), (567.0, 531.3), (567.0, 531.0), (567.0, 531.9), (567.0, 531.3), (567.0, 531.0), (567.0, 531.9), (567.0, 531.3), (567.0, 531.0), (567.0, 531.9), (567.0, 531.3), (567.0, 531.0), (567.0, 531.9), (567.0, 531.3)]",0,5.85
speedrunner,meatboy,5,Stuck,1,0,83.3,0.466,"[(73.0, 525.0), (120.3, 516.1), (200.3, 467.4), (280.3, 437.5), (360.3, 426.5), (440.3, 434.4), (520.3, 461.1), (567.0, 502.2), (567.0, 531.3), (567.0, 531.0), (567.0, 531.9), (567.0, 531.3), (567.0, 531.0), (567.0, 531.9), (567.0, 531.3), (567.0, 531.0), (567.0, 531.9), (567.0, 531.3), (567.0, 531.0), (567.0, 531.9), (567.0, 531.3), (567.0, 531.0), (567.0, 531.9), (567.0, 531.3), (567.0, 531.0), (567.0, 531.9), (567.0, 531.3), (567.0, 531.0), (567.0, 531.9), (567.0, 531.3), (567.0, 531.0), (567.0, 531.9), (567.0, 531.3), (567.0, 531.0), (567.0, 531.9), (567.0, 531.3), (567.0, 531.0), (567.0, 531.9), (567.0, 531.3), (567.0, 531.0), (567.0, 531.9), (567.0, 531.3), (567.0, 531.0), (567.0, 531.9)]",0,5.85
speedrunner,meatboy,5,Stuck,1,0,83.3,0.466,"[(73.0, 525.0), (120.3, 531.3), (200.3, 531.0), (280.3, 531.9), (360.3, 483.2), (440.3, 446.3), (520.3, 428.3), (567.0, 429.0), (567.0, 448.7), (567.0, 485.4), (567.0, 525.1), (567.0, 531.0), (567.0, 531.9), (567.0, 531.3), (567.0, 531.0), (567.0, 531.9), (567.0, 531.3), (567.0, 531.0), (567.0, 531.9), (567.0, 531.3), (567.0, 531.0), (567.0, 531.9), (567.0, 531.3), (567.0, 531.0), (567.0, 531.9), (567.0, 531.3), (567.0, 531.0), (567.0, 531.9), (567.0, 531.3), (567.0, 531.0), (567.0, 531.9), (567.0, 531.3), (567.0, 531.0), (567.0, 531.9), (567.0, 531.3), (567.0, 531.0), (567.0, 531.9), (567.0, 531.3), (567.0, 531.0), (567.0, 531.9), (567.0, 531.3), (567.0, 531.0), (567.0, 531.9), (567.0, 531.3)]",0,5.85
speedrunner,meatboy,5,Stuck,0,0,0.0,0.06,"[(73.0, 525.0), (73.0, 531.3), (73.0, 531.0), (73.0, 531.9), (73.0, 531.3), (73.0, 531.0), (73.0, 531.9), (73.0, 531.3), (73.0, 531.0), (73.0, 531.9), (73.0, 531.3), (73.0, 531.0), (73.0, 531.9), (73.0, 531.3), (73.0, 531.0), (73.0, 531.9), (73.0, 531.3), (73.0, 531.0), (73.0, 531.9), (73.0, 531.3), (73.0, 531.0), (73.0, 531.9), (73.0, 531.3), (73.0, 531.0), (73.0, 531.9), (73.0, 531.3), (73.0, 531.0), (73.0, 531.9), (73.0, 531.3), (73.0, 531.0), (73.0, 531.9), (73.0, 531.3), (73.0, 531.0), (73.0, 531.9), (73.0, 531.3), (73.0, 531.0), (73.0, 531.9), (73.0, 531.3)]",0,5.02
speedrunner,meatboy,5,Stuck,1,0,83.3,0.466,"[(73.0, 525.0), (120.3, 531.3), (200.3, 531.0), (280.3, 531.9), (360.3, 483.2), (440.3, 446.3), (520.3, 428.3), (567.0, 429.0), (567.0, 448.7), (567.0, 485.4), (567.0, 525.1), (567.0, 531.0), (567.0, 531.9), (567.0, 531.3), (567.0, 531.0), (567.0, 531.9), (567.0, 531.3), (567.0, 531.0), (567.0, 531.9), (567.0, 531.3), (567.0, 531.0), (567.0, 531.9), (567.0, 531.3), (567.0, 531.0), (567.0, 531.9), (567.0, 531.3), (567.0, 531.0), (567.0, 531.9), (567.0, 531.3), (567.0, 531.0), (567.0, 531.9), (567.0, 531.3), (567.0, 531.0), (567.0, 531.9), (567.0, 531.3), (567.0, 531.0), (567.0, 531.9), (567.0, 531.3), (567.0, 531.0), (567.0, 531.9), (567.0, 531.3), (567.0, 531.0), (567.0, 531.9), (567.0, 531.3)]",0,5.85
speedrunner,meatboy,5,Stuck,1,0,83.3,0.466,"[(73.0, 525.0), (120.3, 531.3), (200.3, 531.0), (280.3, 531.9), (360.3, 483.2), (440.3, 446.3), (520.3, 428.3), (567.0, 429.0), (567.0, 448.7), (567.0, 485.4), (567.0, 525.1), (567.0, 531.0), (567.0, 531.9), (567.0, 531.3), (567.0, 531.0), (567.0, 531.9), (567.0, 531.3), (567.0, 531.0), (567.0, 531.9), (567.0, 531.3), (567.0, 531.0), (567.0, 531.9), (567.0, 531.3), (567.0, 531.0), (567.0, 531.9), (567.0, 531.3), (567.0, 531.0), (567.0, 531.9), (567.0, 531.3), (567.0, 531.0), (567.0, 531.9), (567.0, 531.3), (567.0, 531.0), (567.0, 531.9), (567.0, 531.3), (567.0, 531.0), (567.0, 531.9), (567.0, 531.3), (567.0, 531.0), (567.0, 531.9), (567.0, 531.3), (567.0, 531.0), (567.0, 531.9), (567.0, 531.3)]",0,5.85
speedrunner,meatboy,5,Stuck,2,0,83.3,0.466,"[(73.0, 525.0), (120.3, 531.3), (200.3, 508.8), (280.3, 462.4), (360.3, 434.9), (440.3, 426.3), (520.3, 436.5), (567.0, 465.5), (567.0, 513.4), (567.0, 531.9), (567.0, 531.3), (567.0, 531.0), (567.0, 531.9), (567.0, 531.3), (567.0, 531.0), (567.0, 531.9), (567.0, 531.3), (567.0, 531.0), (567.0, 531.9), (567.0, 531.3), (567.0, 531.0), (567.0, 531.9), (567.0, 531.3), (567.0, 531.0), (567.0, 531.9), (567.0, 531.3), (567.0, 531.0), (567.0, 531.9), (567.0, 531.3), (567.0, 531.0), (567.0, 531.9), (567.0, 531.3), (567.0, 531.0), (567.0, 531.9), (567.0, 531.3), (567.0, 531.0), (567.0, 531.9), (567.0, 531.3), (567.0, 531.0), (567.0, 531.9), (567.0, 531.3), (567.0, 531.0), (567.0, 531.9), (567.0, 531.3)]",0,5.85
speedrunner,meatboy,5,Stuck,1,0,83.3,0.466,"[(73.0, 525.0), (120.3, 531.3), (200.3, 516.2), (280.3, 467.5), (360.3, 437.6), (440.3, 426.6), (520.3, 434.5), (567.0, 461.2), (567.0, 506.7), (567.0, 531.3), (567.0, 531.0), (567.0, 531.9), (567.0, 531.3), (567.0, 531.0), (567.0, 531.9), (567.0, 531.3), (567.0, 531.0), (567.0, 531.9), (567.0, 531.3), (567.0, 531.0), (567.0, 531.9), (567.0, 531.3), (567.0, 531.0), (567.0, 531.9), (567.0, 531.3), (567.0, 531.0), (567.0, 531.9), (567.0, 531.3), (567.0, 531.0), (567.0, 531.9), (567.0, 531.3), (567.0, 531.0), (567.0, 531.9), (567.0, 531.3), (567.0, 531.0), (567.0, 531.9), (567.0, 531.3), (567.0, 531.0), (567.0, 531.9), (567.0, 531.3), (567.0, 531.0), (567.0, 531.9), (567.0, 531.3), (567.0, 531.0)]",0,5.85
speedrunner,meatboy,5,Saw,2,0,538.75,0.296,"[(73.0, 525.0), (120.3, 527.1), (200.3, 522.4), (280.3, 531.3), (360.3, 531.0)]",0,0.53
speedrunner,meatboy,5,Saw,0,0,538.75,0.296,"[(73.0, 525.0), (120.3, 531.3), (200.3, 531.0), (280.3, 531.9), (360.3, 531.3)]",0,0.53
speedrunner,meatboy,5,Saw,1,0,538.75,0.296,"[(73.0, 525.0), (120.3, 531.3), (200.3, 531.0), (280.3, 531.9), (360.3, 509.1)]",0,0.53
speedrunner,meatboy,5,Saw,2,0,538.75,0.296,"[(73.0, 525.0), (120.3, 527.1), (200.3, 522.4), (280.3, 531.3), (360.3, 531.0)]",0,0.53
speedrunner,meatboy,5,Stuck,2,0,83.3,0.466,"[(73.0, 525.0), (120.3, 531.3), (200.3, 531.0), (280.3, 490.1), (360.3, 450.8), (440.3, 430.4), (520.3, 428.8), (567.0, 446.1), (567.0, 481.3), (567.0, 521.0), (567.0, 531.9), (567.0, 531.3), (567.0, 531.0), (567.0, 531.9), (567.0, 531.3), (567.0, 531.0), (567.0, 531.9), (567.0, 531.3), (567.0, 531.0), (567.0, 531.9), (567.0, 531.3), (567.0, 531.0), (567.0, 531.9), (567.0, 531.3), (567.0, 531.0), (567.0, 531.9), (567.0, 531.3), (567.0, 531.0), (567.0, 531.9), (567.0, 531.3), (567.0, 531.0), (567.0, 531.9), (567.0, 531.3), (567.0, 531.0), (567.0, 531.9), (567.0, 531.3), (567.0, 531.0), (567.0, 531.9), (567.0, 531.3), (567.0, 531.0), (567.0, 531.9), (567.0, 531.3), (567.0, 531.0), (567.0, 531.9)]",0,5.85
speedrunner,meatboy,5,Saw,2,0,538.75,0.296,"[(73.0, 525.0), (120.3, 527.1), (200.3, 522.4), (280.3, 531.3), (360.3, 531.0)]",0,0.53
speedrunner,meatboy,5,Stuck,2,0,83.3,0.466,"[(73.0, 525.0), (120.3, 531.3), (200.3, 531.0), (280.3, 490.1), (360.3, 450.8), (440.3, 430.4), (520.3, 428.8), (567.0, 446.1), (567.0, 481.3), (567.0, 521.0), (567.0, 531.9), (567.0, 531.3), (567.0, 531.0), (567.0, 531.9), (567.0, 531.3), (567.0, 531.0), (567.0, 531.9), (567.0, 531.3), (567.0, 531.0), (567.0, 531.9), (567.0, 531.3), (567.0, 531.0), (567.0, 531.9), (567.0, 531.3), (567.0, 531.0), (567.0, 531.9), (567.0, 531.3), (567.0, 531.0), (567.0, 531.9), (567.0, 531.3), (567.0, 531.0), (567.0, 531.9), (567.0, 531.3), (567.0, 531.0), (567.0, 531.9), (567.0, 531.3), (567.0, 531.0), (567.0, 531.9), (567.0, 531.3), (567.0, 531.0), (567.0, 531.9), (567.0, 531.3), (567.0, 531.0), (567.0, 531.9)]",0,5.85
speedrunner,meatboy,5,Stuck,1,0,83.3,0.466,"[(73.0, 525.0), (120.3, 531.3), (200.3, 516.2), (280.3, 467.5), (360.3, 437.6), (440.3, 426.6), (520.3, 434.5), (567.0, 461.2), (567.0, 506.7), (567.0, 531.3), (567.0, 531.0), (567.0, 531.9), (567.0, 531.3), (567.0, 531.0), (567.0, 531.9), (567.0, 531.3), (567.0, 531.0), (567.0, 531.9), (567.0, 531.3), (567.0, 531.0), (567.0, 531.9), (567.0, 531.3), (567.0, 531.0), (567.0, 531.9), (567.0, 531.3), (567.0, 531.0), (567.0, 531.9), (567.0, 531.3), (567.0, 531.0), (567.0, 531.9), (567.0, 531.3), (567.0, 531.0), (567.0, 531.9), (567.0, 531.3), (567.0, 531.0), (567.0, 531.9), (567.0, 531.3), (567.0, 531.0), (567.0, 531.9), (567.0, 531.3), (567.0, 531.0), (567.0, 531.9), (567.0, 531.3), (567.0, 531.0)]",0,5.85
speedrunner,meatboy,5,Stuck,2,0,83.3,0.466,"[(73.0, 525.0), (120.3, 531.3), (200.3, 508.8), (280.3, 462.4), (360.3, 434.9), (440.3, 426.3), (520.3, 436.5), (567.0, 465.5), (567.0, 513.4), (567.0, 531.9), (567.0, 531.3), (567.0, 531.0), (567.0, 531.9), (567.0, 531.3), (567.0, 531.0), (567.0, 531.9), (567.0, 531.3), (567.0, 531.0), (567.0, 531.9), (567.0, 531.3), (567.0, 531.0), (567.0, 531.9), (567.0, 531.3), (567.0, 531.0), (567.0, 531.9), (567.0, 531.3), (567.0, 531.0), (567.0, 531.9), (567.0, 531.3), (567.0, 531.0), (567.0, 531.9), (567.0, 531.3), (567.0, 531.0), (567.0, 531.9), (567.0, 531.3), (567.0, 531.0), (567.0, 531.9), (567.0, 531.3), (567.0, 531.0), (567.0, 531.9), (567.0, 531.3), (567.0, 531.0), (567.0, 531.9), (567.0, 531.3)]",0,5.85
speedrunner,meatboy,5,Stuck,1,0,83.3,0.466,"[(73.0, 525.0), (120.3, 531.3), (200.3, 531.0), (280.3, 531.9), (360.3, 483.2), (440.3, 446.3), (520.3, 428.3), (567.0, 429.0), (567.0, 448.7), (567.0, 485.4), (567.0, 525.1), (567.0, 531.0), (567.0, 531.9), (567.0, 531.3), (567.0, 531.0), (567.0, 531.9), (567.0, 531.3), (567.0, 531.0), (567.0, 531.9), (567.0, 531.3), (567.0, 531.0), (567.0, 531.9), (567.0, 531.3), (567.0, 531.0), (567.0, 531.9), (567.0, 531.3), (567.0, 531.0), (567.0, 531.9), (567.0, 531.3), (567.0, 531.0), (567.0, 531.9), (567.0, 531.3), (567.0, 531.0), (567.0, 531.9), (567.0, 531.3), (567.0, 531.0), (567.0, 531.9), (567.0, 531.3), (567.0, 531.0), (567.0, 531.9), (567.0, 531.3), (567.0, 531.0), (567.0, 531.9), (567.0, 531.3)]",0,5.85
speedrunner,meatboy,5,Stuck,1,0,83.3,0.466,"[(73.0, 525.0), (120.3, 531.3), (200.3, 531.0), (280.3, 477.6), (360.3, 443.0), (440.3, 427.3), (520.3, 430.5), (567.0, 452.4), (567.0, 490.3), (567.0, 530.0), (567.0, 531.3), (567.0, 531.0), (567.0, 531.9), (567.0, 531.3), (567.0, 531.0), (567.0, 531.9), (567.0, 531.3), (567.0, 531.0), (567.0, 531.9), (567.0, 531.3), (567.0, 531.0), (567.0, 531.9), (567.0, 531.3), (567.0, 531.0), (567.0, 531.9), (567.0, 531.3), (567.0, 531.0), (567.0, 531.9), (567.0, 531.3), (567.0, 531.0), (567.0, 531.9), (567.0, 531.3), (567.0, 531.0), (567.0, 531.9), (567.0, 531.3), (567.0, 531.0), (567.0, 531.9), (567.0, 531.3), (567.0, 531.0), (567.0, 531.9), (567.0, 531.3), (567.0, 531.0), (567.0, 531.9), (567.0, 531.3)]",0,5.85
speedrunner,meatboy,5,Stuck,1,0,83.3,0.466,"[(73.0, 525.0), (120.3, 531.3), (200.3, 508.8), (280.3, 462.4), (360.3, 434.9), (440.3, 426.3), (520.3, 436.5), (567.0, 465.5), (567.0, 505.2), (567.0, 531.9), (567.0, 531.3), (567.0, 531.0), (567.0, 531.9), (567.0, 531.3), (567.0, 531.0), (567.0, 531.9), (567.0, 531.3), (567.0, 531.0), (567.0, 531.9), (567.0, 531.3), (567.0, 531.0), (567.0, 531.9), (567.0, 531.3), (567.0, 531.0), (567.0, 531.9), (567.0, 531.3), (567.0, 531.0), (567.0, 531.9), (567.0, 531.3), (567.0, 531.0), (567.0, 531.9), (567.0, 531.3), (567.0, 531.0), (567.0, 531.9), (567.0, 531.3), (567.0, 531.0), (567.0, 531.9), (567.0, 531.3), (567.0, 531.0), (567.0, 531.9), (567.0, 531.3), (567.0, 531.0), (567.0, 531.9), (567.0, 531.3)]",0,5.85
speedrunner,meatboy,5,Stuck,3,0,83.3,0.466,"[(73.0, 525.0), (120.3, 527.1), (200.3, 522.4), (280.3, 531.3), (360.3, 489.2), (440.3, 449.9), (520.3, 429.5), (567.0, 427.9), (567.0, 445.2), (567.0, 480.4), (567.0, 520.1), (567.0, 531.9), (567.0, 531.3), (567.0, 531.0), (567.0, 531.9), (567.0, 531.3), (567.0, 531.0), (567.0, 531.9), (567.0, 531.3), (567.0, 531.0), (567.0, 531.9), (567.0, 531.3), (567.0, 531.0), (567.0, 531.9), (567.0, 531.3), (567.0, 531.0), (567.0, 531.9), (567.0, 531.3), (567.0, 531.0), (567.0, 531.9), (567.0, 531.3), (567.0, 531.0), (567.0, 531.9), (567.0, 531.3), (567.0, 531.0), (567.0, 531.9), (567.0, 531.3), (567.0, 531.0), (567.0, 531.9), (567.0, 531.3), (567.0, 531.0), (567.0, 531.9), (567.0, 531.3), (567.0, 531.0)]",0,5.85
speedrunner,meatboy,5,Stuck,2,0,83.3,0.466,"[(73.0, 525.0), (120.3, 516.1), (200.3, 467.4), (280.3, 437.5), (360.3, 426.5), (440.3, 434.4), (520.3, 461.1), (567.0, 502.2), (567.0, 531.3), (567.0, 531.0), (567.0, 531.9), (567.0, 531.3), (567.0, 531.0), (567.0, 531.9), (567.0, 531.3), (567.0, 531.0), (567.0, 531.9), (567.0, 531.3), (567.0, 531.0), (567.0, 531.9), (567.0, 531.3), (567.0, 531.0), (567.0, 531.9), (567.0, 531.3), (567.0, 531.0), (567.0, 531.9), (567.0, 531.3), (567.0, 531.0), (567.0, 531.9), (567.0, 531.3), (567.0, 531.0), (567.0, 531.9), (567.0, 531.3), (567.0, 531.0), (567.0, 531.9), (567.0, 531.3), (567.0, 531.0), (567.0, 531.9), (567.0, 531.3), (567.0, 531.0), (567.0, 531.9), (567.0, 531.3), (567.0, 531.0), (567.0, 531.9)]",0,5.85
speedrunner,meatboy,5,Stuck,1,0,83.3,0.466,"[(73.0, 525.0), (120.3, 531.3), (200.3, 531.0), (280.3, 531.9), (360.3, 483.2), (440.3, 446.3), (520.3, 428.3), (567.0, 429.0), (567.0, 448.7), (567.0, 485.4), (567.0, 525.1), (567.0, 531.0), (567.0, 531.9), (567.0, 531.3), (567.0, 531.0), (567.0, 531.9), (567.0, 531.3), (567.0, 531.0), (567.0, 531.9), (567.0, 531.3), (567.0, 531.0), (567.0, 531.9), (567.0, 531.3), (567.0, 531.0), (567.0, 531.9), (567.0, 531.3), (567.0, 531.0), (567.0, 531.9), (567.0, 531.3), (567.0, 531.0), (567.0, 531.9), (567.0, 531.3), (567.0, 531.0), (567.0, 531.9), (567.0, 531.3), (567.0, 531.0), (567.0, 531.9), (567.0, 531.3), (567.0, 531.0), (567.0, 531.9), (567.0, 531.3), (567.0, 531.0), (567.0, 531.9), (567.0, 531.3)]",0,5.85
speedrunner,meatboy,5,Saw,1,0,540.61,0.305,"[(73.0, 525.0), (120.3, 531.3), (200.3, 531.0), (280.3, 531.9), (360.3, 501.9)]",0,0.55
speedrunner,meatboy,5,Stuck,1,0,83.3,0.466,"[(73.0, 525.0), (120.3, 531.3), (200.3, 531.0), (280.3, 531.9), (360.3, 483.2), (440.3, 446.3), (520.3, 428.3), (567.0, 429.0), (567.0, 448.7), (567.0, 485.4), (567.0, 525.1), (567.0, 531.0), (567.0, 531.9), (567.0, 531.3), (567.0, 531.0), (567.0, 531.9), (567.0, 531.3), (567.0, 531.0), (567.0, 531.9), (567.0, 531.3), (567.0, 531.0), (567.0, 531.9), (567.0, 531.3), (567.0, 531.0), (567.0, 531.9), (567.0, 531.3), (567.0, 531.0), (567.0, 531.9), (567.0, 531.3), (567.0, 531.0), (567.0, 531.9), (567.0, 531.3), (567.0, 531.0), (567.0, 531.9), (567.0, 531.3), (567.0, 531.0), (567.0, 531.9), (567.0, 531.3), (567.0, 531.0), (567.0, 531.9), (567.0, 531.3), (567.0, 531.0), (567.0, 531.9), (567.0, 531.3)]",0,5.85
speedrunner,meatboy,5,Stuck,3,0,83.3,0.466,"[(73.0, 525.0), (120.3, 527.1), (200.3, 522.4), (280.3, 531.3), (360.3, 489.2), (440.3, 449.9), (520.3, 429.5), (567.0, 427.9), (567.0, 445.2), (567.0, 480.4), (567.0, 520.1), (567.0, 531.9), (567.0, 531.3), (567.0, 531.0), (567.0, 531.9), (567.0, 531.3), (567.0, 531.0), (567.0, 531.9), (567.0, 531.3), (567.0, 531.0), (567.0, 531.9), (567.0, 531.3), (567.0, 531.0), (567.0, 531.9), (567.0, 531.3), (567.0, 531.0), (567.0, 531.9), (567.0, 531.3), (567.0, 531.0), (567.0, 531.9), (567.0, 531.3), (567.0, 531.0), (567.0, 531.9), (567.0, 531.3), (567.0, 531.0), (567.0, 531.9), (567.0, 531.3), (567.0, 531.0), (567.0, 531.9), (567.0, 531.3), (567.0, 531.0), (567.0, 531.9), (567.0, 531.3), (567.0, 531.0)]",0,5.85
speedrunner,meatboy,5,Stuck,1,0,83.3,0.466,"[(73.0, 525.0), (120.3, 531.3), (200.3, 508.8), (280.3, 462.4), (360.3, 434.9), (440.3, 426.3), (520.3, 436.5), (567.0, 465.5), (567.0, 505.2), (567.0, 531.9), (567.0, 531.3), (567.0, 531.0), (567.0, 531.9), (567.0, 531.3), (567.0, 531.0), (567.0, 531.9), (567.0, 531.3), (567.0, 531.0), (567.0, 531.9), (567.0, 531.3), (567.0, 531.0), (567.0, 531.9), (567.0, 531.3), (567.0, 531.0), (567.0, 531.9), (567.0, 531.3), (567.0, 531.0), (567.0, 531.9), (567.0, 531.3), (567.0, 531.0), (567.0, 531.9), (567.0, 531.3), (567.0, 531.0), (567.0, 531.9), (567.0, 531.3), (567.0, 531.0), (567.0, 531.9), (567.0, 531.3), (567.0, 531.0), (567.0, 531.9), (567.0, 531.3), (567.0, 531.0), (567.0, 531.9), (567.0, 531.3)]",0,5.85
speedrunner,meatboy,5,Stuck,1,0,83.3,0.466,"[(73.0, 525.0), (120.3, 531.3), (200.3, 531.0), (280.3, 477.6), (360.3, 443.0), (440.3, 427.3), (520.3, 430.5), (567.0, 452.4), (567.0, 490.3), (567.0, 530.0), (567.0, 531.3), (567.0, 531.0), (567.0, 531.9), (567.0, 531.3), (567.0, 531.0), (567.0, 531.9), (567.0, 531.3), (567.0, 531.0), (567.0, 531.9), (567.0, 531.3), (567.0, 531.0), (567.0, 531.9), (567.0, 531.3), (567.0, 531.0), (567.0, 531.9), (567.0, 531.3), (567.0, 531.0), (567.0, 531.9), (567.0, 531.3), (567.0, 531.0), (567.0, 531.9), (567.0, 531.3), (567.0, 531.0), (567.0, 531.9), (567.0, 531.3), (567.0, 531.0), (567.0, 531.9), (567.0, 531.3), (567.0, 531.0), (567.0, 531.9), (567.0, 531.3), (567.0, 531.0), (567.0, 531.9), (567.0, 531.3)]",0,5.85
speedrunner,meatboy,5,Stuck,1,0,83.3,0.466,"[(73.0, 525.0), (120.3, 531.3), (200.3, 531.0), (280.3, 515.9), (360.3, 467.2), (440.3, 437.4), (520.3, 426.4), (567.0, 434.2), (567.0, 460.9), (567.0, 500.3), (567.0, 531.3), (567.0, 531.0), (567.0, 531.9), (567.0, 531.3), (567.0, 531.0), (567.0, 531.9), (567.0, 531.3), (567.0, 531.0), (567.0, 531.9), (567.0, 531.3), (567.0, 531.0), (567.0, 531.9), (567.0, 531.3), (567.0, 531.0), (567.0, 531.9), (567.0, 531.3), (567.0, 531.0), (567.0, 531.9), (567.0, 531.3), (567.0, 531.0), (567.0, 531.9), (567.0, 531.3), (567.0, 531.0), (567.0, 531.9), (567.0, 531.3), (567.0, 531.0), (567.0, 531.9), (567.0, 531.3), (567.0, 531.0), (567.0, 531.9), (567.0, 531.3), (567.0, 531.0), (567.0, 531.9), (567.0, 531.3)]",0,5.85
speedrunner,meatboy,5,Saw,2,0,538.75,0.296,"[(73.0, 525.0), (120.3, 527.1), (200.3, 522.4), (280.3, 531.3), (360.3, 531.0)]",0,0.53
speedrunner,meatboy,5,Stuck,1,0,83.3,0.466,"[(73.0, 525.0), (120.3, 531.3), (200.3, 531.0), (280.3, 523.6), (360.3, 472.5), (440.3, 440.3), (520.3, 427.0), (567.0, 432.5), (567.0, 456.8), (567.0, 495.6), (567.0, 531.0), (567.0, 531.9), (567.0, 531.3), (567.0, 531.0), (567.0, 531.9), (567.0, 531.3), (567.0, 531.0), (567.0, 531.9), (567.0, 531.3), (567.0, 531.0), (567.0, 531.9), (567.0, 531.3), (567.0, 531.0), (567.0, 531.9), (567.0, 531.3), (567.0, 531.0), (567.0, 531.9), (567.0, 531.3), (567.0, 531.0), (567.0, 531.9), (567.0, 531.3), (567.0, 531.0), (567.0, 531.9), (567.0, 531.3), (567.0, 531.0), (567.0, 531.9), (567.0, 531.3), (567.0, 531.0), (567.0, 531.9), (567.0, 531.3), (567.0, 531.0), (567.0, 531.9), (567.0, 531.3), (567.0, 531.0)]",0,5.85
speedrunner,meatboy,5,Saw,2,0,538.75,0.296,"[(73.0, 525.0), (120.3, 527.1), (200.3, 522.4), (280.3, 531.3), (360.3, 531.0)]",0,0.53
speedrunner,meatboy,5,Saw,2,0,538.75,0.296,"[(73.0, 525.0), (120.3, 527.1), (200.3, 522.4), (280.3, 531.3), (360.3, 531.0)]",0,0.53
speedrunner,meatboy,5,Saw,0,0,538.75,0.296,"[(73.0, 525.0), (120.3, 531.3), (200.3, 531.0), (280.3, 531.9), (360.3, 531.3)]",0,0.53
speedrunner,meatboy,5,Stuck,1,0,83.3,0.466,"[(73.0, 525.0), (120.3, 531.3), (200.3, 531.0), (280.3, 523.6), (360.3, 472.5), (440.3, 440.3), (520.3, 427.0), (567.0, 432.5), (567.0, 456.8), (567.0, 495.6), (567.0, 531.0), (567.0, 531.9), (567.0, 531.3), (567.0, 531.0), (567.0, 531.9), (567.0, 531.3), (567.0, 531.0), (567.0, 531.9), (567.0, 531.3), (567.0, 531.0), (567.0, 531.9), (567.0, 531.3), (567.0, 531.0), (567.0, 531.9), (567.0, 531.3), (567.0, 531.0), (567.0, 531.9), (567.0, 531.3), (567.0, 531.0), (567.0, 531.9), (567.0, 531.3), (567.0, 531.0), (567.0, 531.9), (567.0, 531.3), (567.0, 531.0), (567.0, 531.9), (567.0, 531.3), (567.0, 531.0), (567.0, 531.9), (567.0, 531.3), (567.0, 531.0), (567.0, 531.9), (567.0, 531.3), (567.0, 531.0)]",0,5.85
speedrunner,meatboy,5,Stuck,1,0,83.3,0.466,"[(73.0, 525.0), (120.3, 531.3), (200.3, 531.0), (280.3, 515.9), (360.3, 467.2), (440.3, 437.4), (520.3, 426.4), (567.0, 434.2), (567.0, 460.9), (567.0, 500.3), (567.0, 531.3), (567.0, 531.0), (567.0, 531.9), (567.0, 531.3), (567.0, 531.0), (567.0, 531.9), (567.0, 531.3), (567.0, 531.0), (567.0, 531.9), (567.0, 531.3), (567.0, 531.0), (567.0, 531.9), (567.0, 531.3), (567.0, 531.0), (567.0, 531.9), (567.0, 531.3), (567.0, 531.0), (567.0, 531.9), (567.0, 531.3), (567.0, 531.0), (567.0, 531.9), (567.0, 531.3), (567.0, 531.0), (567.0, 531.9), (567.0, 531.3), (567.0, 531.0), (567.0, 531.9), (567.0, 531.3), (567.0, 531.0), (567.0, 531.9), (567.0, 531.3), (567.0, 531.0), (567.0, 531.9), (567.0, 531.3)]",0,5.85
speedrunner,meatboy,5,Stuck,1,0,83.3,0.466,"[(73.0, 525.0), (120.3, 531.3), (200.3, 531.0), (280.3, 477.6), (360.3, 443.0), (440.3, 427.3), (520.3, 430.5), (567.0, 452.4), (567.0, 490.3), (567.0, 530.0), (567.0, 531.3), (567.0, 531.0), (567.0, 531.9), (567.0, 531.3), (567.0, 531.0), (567.0, 531.9), (567.0, 531.3), (567.0, 531.0), (567.0, 531.9), (567.0, 531.3), (567.0, 531.0), (567.0, 531.9), (567.0, 531.3), (567.0, 531.0), (567.0, 531.9), (567.0, 531.3), (567.0, 531.0), (567.0, 531.9), (567.0, 531.3), (567.0, 531.0), (567.0, 531.9), (567.0, 531.3), (567.0, 531.0), (567.0, 531.9), (567.0, 531.3), (567.0, 531.0), (567.0, 531.9), (567.0, 531.3), (567.0, 531.0), (567.0, 531.9), (567.0, 531.3), (567.0, 531.0), (567.0, 531.9), (567.0, 531.3)]",0,5.85
speedrunner,meatboy,5,Stuck,1,0,83.3,0.466,"[(73.0, 525.0), (120.3, 531.3), (200.3, 508.8), (280.3, 462.4), (360.3, 434.9), (440.3, 426.3), (520.3, 436.5), (567.0, 465.5), (567.0, 505.2), (567.0, 531.9), (567.0, 531.3), (567.0, 531.0), (567.0, 531.9), (567.0, 531.3), (567.0, 531.0), (567.0, 531.9), (567.0, 531.3), (567.0, 531.0), (567.0, 531.9), (567.0, 531.3), (567.0, 531.0), (567.0, 531.9), (567.0, 531.3), (567.0, 531.0), (567.0, 531.9), (567.0, 531.3), (567.0, 531.0), (567.0, 531.9), (567.0, 531.3), (567.0, 531.0), (567.0, 531.9), (567.0, 531.3), (567.0, 531.0), (567.0, 531.9), (567.0, 531.3), (567.0, 531.0), (567.0, 531.9), (567.0, 531.3), (567.0, 531.0), (567.0, 531.9), (567.0, 531.3), (567.0, 531.0), (567.0, 531.9), (567.0, 531.3)]",0,5.85
speedrunner,meatboy,5,Stuck,3,0,83.3,0.466,"[(73.0, 525.0), (120.3, 531.3), (200.3, 531.0), (280.3, 477.6), (360.3, 445.8), (440.3, 441.1), (520.3, 455.3), (567.0, 488.1), (567.0, 527.8), (567.0, 531.3), (567.0, 531.0), (567.0, 531.9), (567.0, 531.3), (567.0, 531.0), (567.0, 531.9), (567.0, 531.3), (567.0, 531.0), (567.0, 531.9), (567.0, 531.3), (567.0, 531.0), (567.0, 531.9), (567.0, 531.3), (567.0, 531.0), (567.0, 531.9), (567.0, 531.3), (567.0, 531.0), (567.0, 531.9), (567.0, 531.3), (567.0, 531.0), (567.0, 531.9), (567.0, 531.3), (567.0, 531.0), (567.0, 531.9), (567.0, 531.3), (567.0, 531.0), (567.0, 531.9), (567.0, 531.3), (567.0, 531.0), (567.0, 531.9), (567.0, 531.3), (567.0, 531.0), (567.0, 531.9), (567.0, 531.3), (567.0, 531.0)]",0,5.85
speedrunner,meatboy,5,Saw,0,0,538.75,0.296,"[(73.0, 525.0), (120.3, 531.3), (200.3, 531.0), (280.3, 531.9), (360.3, 531.3)]",0,0.53
speedrunner,meatboy,5,Saw,1,0,538.75,0.296,"[(73.0, 525.0), (120.3, 531.3), (200.3, 531.0), (280.3, 531.9), (360.3, 531.3)]",0,0.53
speedrunner,meatboy,5,Stuck,1,0,83.3,0.466,"[(73.0, 525.0), (120.3, 516.1), (200.3, 467.4), (280.3, 437.5), (360.3, 426.5), (440.3, 434.4), (520.3, 461.1), (567.0, 502.2), (567.0, 531.3), (567.0, 531.0), (567.0, 531.9), (567.0, 531.3), (567.0, 531.0), (567.0, 531.9), (567.0, 531.3), (567.0, 531.0), (567.0, 531.9), (567.0, 531.3), (567.0, 531.0), (567.0, 531.9), (567.0, 531.3), (567.0, 531.0), (567.0, 531.9), (567.0, 531.3), (567.0, 531.0), (567.0, 531.9), (567.0, 531.3), (567.0, 531.0), (567.0, 531.9), (567.0, 531.3), (567.0, 531.0), (567.0, 531.9), (567.0, 531.3), (567.0, 531.0), (567.0, 531.9), (567.0, 531.3), (567.0, 531.0), (567.0, 531.9), (567.0, 531.3), (567.0, 531.0), (567.0, 531.9), (567.0, 531.3), (567.0, 531.0), (567.0, 531.9)]",0,5.85
speedrunner,meatboy,5,Stuck,1,0,83.3,0.466,"[(73.0, 525.0), (120.3, 516.1), (200.3, 467.4), (280.3, 437.5), (360.3, 426.5), (440.3, 434.4), (520.3, 461.1), (567.0, 502.2), (567.0, 531.3), (567.0, 531.0), (567.0, 531.9), (567.0, 531.3), (567.0, 531.0), (567.0, 531.9), (567.0, 531.3), (567.0, 531.0), (567.0, 531.9), (567.0, 531.3), (567.0, 531.0), (567.0, 531.9), (567.0, 531.3), (567.0, 531.0), (567.0, 531.9), (567.0, 531.3), (567.0, 531.0), (567.0, 531.9), (567.0, 531.3), (567.0, 531.0), (567.0, 531.9), (567.0, 531.3), (567.0, 531.0), (567.0, 531.9), (567.0, 531.3), (567.0, 531.0), (567.0, 531.9), (567.0, 531.3), (567.0, 531.0), (567.0, 531.9), (567.0, 531.3), (567.0, 531.0), (567.0, 531.9), (567.0, 531.3), (567.0, 531.0), (567.0, 531.9)]",0,5.85
speedrunner,meatboy,5,Stuck,1,0,83.3,0.466,"[(73.0, 525.0), (120.3, 531.3), (200.3, 531.0), (280.3, 531.9), (360.3, 483.2), (440.3, 446.3), (520.3, 428.3), (567.0, 429.0), (567.0, 448.7), (567.0, 485.4), (567.0, 525.1), (567.0, 531.0), (567.0, 531.9), (567.0, 531.3), (567.0, 531.0), (567.0, 531.9), (567.0, 531.3), (567.0, 531.0), (567.0, 531.9), (567.0, 531.3), (567.0, 531.0), (567.0, 531.9), (567.0, 531.3), (567.0, 531.0), (567.0, 531.9), (567.0, 531.3), (567.0, 531.0), (567.0, 531.9), (567.0, 531.3), (567.0, 531.0), (567.0, 531.9), (567.0, 531.3), (567.0, 531.0), (567.0, 531.9), (567.0, 531.3), (567.0, 531.0), (567.0, 531.9), (567.0, 531.3), (567.0, 531.0), (567.0, 531.9), (567.0, 531.3), (567.0, 531.0), (567.0, 531.9), (567.0, 531.3)]",0,5.85
speedrunner,meatboy,5,Stuck,1,0,83.3,0.466,"[(73.0, 525.0), (120.3, 531.3), (200.3, 531.0), (280.3, 531.9), (360.3, 483.2), (440.3, 446.3), (520.3, 428.3), (567.0, 429.0), (567.0, 448.7), (567.0, 485.4), (567.0, 525.1), (567.0, 531.0), (567.0, 531.9), (567.0, 531.3), (567.0, 531.0), (567.0, 531.9), (567.0, 531.3), (567.0, 531.0), (567.0, 531.9), (567.0, 531.3), (567.0, 531.0), (567.0, 531.9), (567.0, 531.3), (567.0, 531.0), (567.0, 531.9), (567.0, 531.3), (567.0, 531.0), (567.0, 531.9), (567.0, 531.3), (567.0, 531.0), (567.0, 531.9), (567.0, 531.3), (567.0, 531.0), (567.0, 531.9), (567.0, 531.3), (567.0, 531.0), (567.0, 531.9), (567.0, 531.3), (567.0, 531.0), (567.0, 531.9), (567.0, 531.3), (567.0, 531.0), (567.0, 531.9), (567.0, 531.3)]",0,5.85
speedrunner,meatboy,5,Stuck,1,0,83.3,0.466,"[(73.0, 525.0), (120.3, 531.3), (200.3, 508.8), (280.3, 462.4), (360.3, 434.9), (440.3, 426.3), (520.3, 436.5), (567.0, 465.5), (567.0, 505.2), (567.0, 531.9), (567.0, 531.3), (567.0, 531.0), (567.0, 531.9), (567.0, 531.3), (567.0, 531.0), (567.0, 531.9), (567.0, 531.3), (567.0, 531.0), (567.0, 531.9), (567.0, 531.3), (567.0, 531.0), (567.0, 531.9), (567.0, 531.3), (567.0, 531.0), (567.0, 531.9), (567.0, 531.3), (567.0, 531.0), (567.0, 531.9), (567.0, 531.3), (567.0, 531.0), (567.0, 531.9), (567.0, 531.3), (567.0, 531.0), (567.0, 531.9), (567.0, 531.3), (567.0, 531.0), (567.0, 531.9), (567.0, 531.3), (567.0, 531.0), (567.0, 531.9), (567.0, 531.3), (567.0, 531.0), (567.0, 531.9), (567.0, 531.3)]",0,5.85
speedrunner,meatboy,5,Stuck,1,0,83.3,0.466,"[(73.0, 525.0), (120.3, 531.3), (200.3, 531.0), (280.3, 477.6), (360.3, 443.0), (440.3, 427.3), (520.3, 430.5), (567.0, 452.4), (567.0, 490.3), (567.0, 530.0), (567.0, 531.3), (567.0, 531.0), (567.0, 531.9), (567.0, 531.3), (567.0, 531.0), (567.0, 531.9), (567.0, 531.3), (567.0, 531.0), (567.0, 531.9), (567.0, 531.3), (567.0, 531.0), (567.0, 531.9), (567.0, 531.3), (567.0, 531.0), (567.0, 531.9), (567.0, 531.3), (567.0, 531.0), (567.0, 531.9), (567.0, 531.3), (567.0, 531.0), (567.0, 531.9), (567.0, 531.3), (567.0, 531.0), (567.0, 531.9), (567.0, 531.3), (567.0, 531.0), (567.0, 531.9), (567.0, 531.3), (567.0, 531.0), (567.0, 531.9), (567.0, 531.3), (567.0, 531.0), (567.0, 531.9), (567.0, 531.3)]",0,5.85
speedrunner,meatboy,5,Stuck,1,0,83.3,0.466,"[(73.0, 525.0), (120.3, 531.3), (200.3, 531.0), (280.3, 515.9), (360.3, 467.2), (440.3, 437.4), (520.3, 426.4), (567.0, 434.2), (567.0, 460.9), (567.0, 500.3), (567.0, 531.3), (567.0, 531.0), (567.0, 531.9), (567.0, 531.3), (567.0, 531.0), (567.0, 531.9), (567.0, 531.3), (567.0, 531.0), (567.0, 531.9), (567.0, 531.3), (567.0, 531.0), (567.0, 531.9), (567.0, 531.3), (567.0, 531.0), (567.0, 531.9), (567.0, 531.3), (567.0, 531.0), (567.0, 531.9), (567.0, 531.3), (567.0, 531.0), (567.0, 531.9), (567.0, 531.3), (567.0, 531.0), (567.0, 531.9), (567.0, 531.3), (567.0, 531.0), (567.0, 531.9), (567.0, 531.3), (567.0, 531.0), (567.0, 531.9), (567.0, 531.3), (567.0, 531.0), (567.0, 531.9), (567.0, 531.3)]",0,5.85
speedrunner,meatboy,5,Saw,0,0,538.75,0.296,"[(73.0, 525.0), (120.3, 531.3), (200.3, 531.0), (280.3, 531.9), (360.3, 531.3)]",0,0.53
speedrunner,meatboy,5,Saw,0,0,538.75,0.296,"[(73.0, 525.0), (120.3, 531.3), (200.3, 531.0), (280.3, 531.9), (360.3, 531.3)]",0,0.53
speedrunner,meatboy,5,Saw,2,0,538.75,0.296,"[(73.0, 525.0), (120.3, 527.1), (200.3, 522.4), (280.3, 531.3), (360.3, 531.0)]",0,0.53
speedrunner,meatboy,5,Saw,2,0,538.75,0.296,"[(73.0, 525.0), (120.3, 527.1), (200.3, 522.4), (280.3, 531.3), (360.3, 531.0)]",0,0.53
speedrunner,meatboy,5,Stuck,1,0,84.02,0.466,"[(73.0, 525.0), (120.3, 531.3), (200.3, 531.0), (280.3, 502.2), (360.3, 463.4), (440.3, 458.7), (520.3, 472.8), (567.0, 505.8), (567.0, 531.0), (567.0, 531.9), (567.0, 531.3), (567.0, 531.0), (567.0, 531.9), (567.0, 531.3), (567.0, 531.0), (567.0, 531.9), (567.0, 531.3), (567.0, 531.0), (567.0, 531.9), (567.0, 531.3), (567.0, 531.0), (567.0, 531.9), (567.0, 531.3), (567.0, 531.0), (567.0, 531.9), (567.0, 531.3), (567.0, 531.0), (567.0, 531.9), (567.0, 531.3), (567.0, 531.0), (567.0, 531.9), (567.0, 531.3), (567.0, 531.0), (567.0, 531.9), (567.0, 531.3), (567.0, 531.0), (567.0, 531.9), (567.0, 531.3), (567.0, 531.0), (567.0, 531.9), (567.0, 531.3), (567.0, 531.0), (567.0, 531.9), (567.0, 531.3)]",0,5.8
speedrunner,meatboy,5,Saw,0,0,538.75,0.296,"[(73.0, 525.0), (120.3, 531.3), (200.3, 531.0), (280.3, 531.9), (360.3, 531.3)]",0,0.53
speedrunner,meatboy,5,Stuck,1,0,83.3,0.466,"[(73.0, 525.0), (120.3, 531.3), (200.3, 531.0), (280.3, 515.9), (360.3, 467.2), (440.3, 437.4), (520.3, 426.4), (567.0, 434.2), (567.0, 460.9), (567.0, 500.3), (567.0, 531.3), (567.0, 531.0), (567.0, 531.9), (567.0, 531.3), (567.0, 531.0), (567.0, 531.9), (567.0, 531.3), (567.0, 531.0), (567.0, 531.9), (567.0, 531.3), (567.0, 531.0), (567.0, 531.9), (567.0, 531.3), (567.0, 531.0), (567.0, 531.9), (567.0, 531.3), (567.0, 531.0), (567.0, 531.9), (567.0, 531.3), (567.0, 531.0), (567.0, 531.9), (567.0, 531.3), (567.0, 531.0), (567.0, 531.9), (567.0, 531.3), (567.0, 531.0), (567.0, 531.9), (567.0, 531.3), (567.0, 531.0), (567.0, 531.9), (567.0, 531.3), (567.0, 531.0), (567.0, 531.9), (567.0, 531.3)]",0,5.85
speedrunner,meatboy,5,Stuck,1,0,83.3,0.466,"[(73.0, 525.0), (120.3, 531.3), (200.3, 531.0), (280.3, 477.6), (360.3, 443.0), (440.3, 427.3), (520.3, 430.5), (567.0, 452.4), (567.0, 490.3), (567.0, 530.0), (567.0, 531.3), (567.0, 531.0), (567.0, 531.9), (567.0, 531.3), (567.0, 531.0), (567.0, 531.9), (567.0, 531.3), (567.0, 531.0), (567.0, 531.9), (567.0, 531.3), (567.0, 531.0), (567.0, 531.9), (567.0, 531.3), (567.0, 531.0), (567.0, 531.9), (567.0, 531.3), (567.0, 531.0), (567.0, 531.9), (567.0, 531.3), (567.0, 531.0), (567.0, 531.9), (567.0, 531.3), (567.0, 531.0), (567.0, 531.9), (567.0, 531.3), (567.0, 531.0), (567.0, 531.9), (567.0, 531.3), (567.0, 531.0), (567.0, 531.9), (567.0, 531.3), (567.0, 531.0), (567.0, 531.9), (567.0, 531.3)]",0,5.85
speedrunner,meatboy,5,Stuck,1,0,83.3,0.466,"[(73.0, 525.0), (120.3, 531.3), (200.3, 508.8), (280.3, 462.4), (360.3, 434.9), (440.3, 426.3), (520.3, 436.5), (567.0, 465.5), (567.0, 505.2), (567.0, 531.9), (567.0, 531.3), (567.0, 531.0), (567.0, 531.9), (567.0, 531.3), (567.0, 531.0), (567.0, 531.9), (567.0, 531.3), (567.0, 531.0), (567.0, 531.9), (567.0, 531.3), (567.0, 531.0), (567.0, 531.9), (567.0, 531.3), (567.0, 531.0), (567.0, 531.9), (567.0, 531.3), (567.0, 531.0), (567.0, 531.9), (567.0, 531.3), (567.0, 531.0), (567.0, 531.9), (567.0, 531.3), (567.0, 531.0), (567.0, 531.9), (567.0, 531.3), (567.0, 531.0), (567.0, 531.9), (567.0, 531.3), (567.0, 531.0), (567.0, 531.9), (567.0, 531.3), (567.0, 531.0), (567.0, 531.9), (567.0, 531.3)]",0,5.85
speedrunner,meatboy,5,Stuck,1,0,83.3,0.466,"[(73.0, 525.0), (120.3, 531.3), (200.3, 531.0), (280.3, 531.9), (360.3, 483.2), (440.3, 446.3), (520.3, 428.3), (567.0, 429.0), (567.0, 448.7), (567.0, 485.4), (567.0, 525.1), (567.0, 531.0), (567.0, 531.9), (567.0, 531.3), (567.0, 531.0), (567.0, 531.9), (567.0, 531.3), (567.0, 531.0), (567.0, 531.9), (567.0, 531.3), (567.0, 531.0), (567.0, 531.9), (567.0, 531.3), (567.0, 531.0), (567.0, 531.9), (567.0, 531.3), (567.0, 531.0), (567.0, 531.9), (567.0, 531.3), (567.0, 531.0), (567.0, 531.9), (567.0, 531.3), (567.0, 531.0), (567.0, 531.9), (567.0, 531.3), (567.0, 531.0), (567.0, 531.9), (567.0, 531.3), (567.0, 531.0), (567.0, 531.9), (567.0, 531.3), (567.0, 531.0), (567.0, 531.9), (567.0, 531.3)]",0,5.85
speedrunner,meatboy,5,Saw,2,0,538.75,0.296,"[(73.0, 525.0), (120.3, 527.1), (200.3, 522.4), (280.3, 531.3), (360.3, 531.0)]",0,0.53
speedrunner,meatboy,5,Saw,1,0,538.75,0.296,"[(73.0, 525.0), (120.3, 531.3), (200.3, 531.0), (280.3, 531.9), (360.3, 523.3)]",0,0.53
speedrunner,meatboy,5,Stuck,1,0,81.9,0.466,"[(73.0, 525.0), (77.0, 531.3), (140.3, 531.0), (220.3, 531.9), (300.3, 501.9), (380.3, 458.0), (460.3, 432.8), (540.3, 426.5), (567.0, 439.1), (567.0, 470.5), (567.0, 520.7), (567.0, 531.0), (567.0, 531.9), (567.0, 531.3), (567.0, 531.0), (567.0, 531.9), (567.0, 531.3), (567.0, 531.0), (567.0, 531.9), (567.0, 531.3), (567.0, 531.0), (567.0, 531.9), (567.0, 531.3), (567.0, 531.0), (567.0, 531.9), (567.0, 531.3), (567.0, 531.0), (567.0, 531.9), (567.0, 531.3), (567.0, 531.0), (567.0, 531.9), (567.0, 531.3), (567.0, 531.0), (567.0, 531.9), (567.0, 531.3), (567.0, 531.0), (567.0, 531.9), (567.0, 531.3), (567.0, 531.0), (567.0, 531.9), (567.0, 531.3), (567.0, 531.0), (567.0, 531.9), (567.0, 531.3), (567.0, 531.0)]",0,5.95
speedrunner,meatboy,5,Saw,2,0,538.75,0.296,"[(73.0, 525.0), (120.3, 527.1), (200.3, 522.4), (280.3, 531.3), (360.3, 531.0)]",0,0.53
speedrunner,meatboy,5,Stuck,1,0,83.3,0.466,"[(73.0, 525.0), (120.3, 531.3), (200.3, 531.0), (280.3, 477.6), (360.3, 443.0), (440.3, 427.3), (520.3, 430.5), (567.0, 452.4), (567.0, 490.3), (567.0, 530.0), (567.0, 531.3), (567.0, 531.0), (567.0, 531.9), (567.0, 531.3), (567.0, 531.0), (567.0, 531.9), (567.0, 531.3), (567.0, 531.0), (567.0, 531.9), (567.0, 531.3), (567.0, 531.0), (567.0, 531.9), (567.0, 531.3), (567.0, 531.0), (567.0, 531.9), (567.0, 531.3), (567.0, 531.0), (567.0, 531.9), (567.0, 531.3), (567.0, 531.0), (567.0, 531.9), (567.0, 531.3), (567.0, 531.0), (567.0, 531.9), (567.0, 531.3), (567.0, 531.0), (567.0, 531.9), (567.0, 531.3), (567.0, 531.0), (567.0, 531.9), (567.0, 531.3), (567.0, 531.0), (567.0, 531.9), (567.0, 531.3)]",0,5.85
speedrunner,meatboy,5,Saw,2,0,538.75,0.296,"[(73.0, 525.0), (120.3, 527.1), (200.3, 522.4), (280.3, 531.3), (360.3, 531.0)]",0,0.53
speedrunner,meatboy,5,Stuck,1,0,83.3,0.466,"[(73.0, 525.0), (120.3, 531.3), (200.3, 531.0), (280.3, 477.6), (360.3, 443.0), (440.3, 427.3), (520.3, 430.5), (567.0, 452.4), (567.0, 490.3), (567.0, 530.0), (567.0, 531.3), (567.0, 531.0), (567.0, 531.9), (567.0, 531.3), (567.0, 531.0), (567.0, 531.9), (567.0, 531.3), (567.0, 531.0), (567.0, 531.9), (567.0, 531.3), (567.0, 531.0), (567.0, 531.9), (567.0, 531.3), (567.0, 531.0), (567.0, 531.9), (567.0, 531.3), (567.0, 531.0), (567.0, 531.9), (567.0, 531.3), (567.0, 531.0), (567.0, 531.9), (567.0, 531.3), (567.0, 531.0), (567.0, 531.9), (567.0, 531.3), (567.0, 531.0), (567.0, 531.9), (567.0, 531.3), (567.0, 531.0), (567.0, 531.9), (567.0, 531.3), (567.0, 531.0), (567.0, 531.9), (567.0, 531.3)]",0,5.85
speedrunner,meatboy,5,Stuck,1,0,81.9,0.466,"[(73.0, 525.0), (77.0, 531.3), (140.3, 531.0), (220.3, 531.9), (300.3, 501.9), (380.3, 458.0), (460.3, 432.8), (540.3, 426.5), (567.0, 439.1), (567.0, 470.5), (567.0, 520.7), (567.0, 531.0), (567.0, 531.9), (567.0, 531.3), (567.0, 531.0), (567.0, 531.9), (567.0, 531.3), (567.0, 531.0), (567.0, 531.9), (567.0, 531.3), (567.0, 531.0), (567.0, 531.9), (567.0, 531.3), (567.0, 531.0), (567.0, 531.9), (567.0, 531.3), (567.0, 531.0), (567.0, 531.9), (567.0, 531.3), (567.0, 531.0), (567.0, 531.9), (567.0, 531.3), (567.0, 531.0), (567.0, 531.9), (567.0, 531.3), (567.0, 531.0), (567.0, 531.9), (567.0, 531.3), (567.0, 531.0), (567.0, 531.9), (567.0, 531.3), (567.0, 531.0), (567.0, 531.9), (567.0, 531.3), (567.0, 531.0)]",0,5.95
speedrunner,meatboy,5,Stuck,1,0,83.3,0.466,"[(73.0, 525.0), (120.3, 531.3), (200.3, 531.0), (280.3, 531.9), (360.3, 483.2), (440.3, 446.3), (520.3, 428.3), (567.0, 429.0), (567.0, 448.7), (567.0, 485.4), (567.0, 525.1), (567.0, 531.0), (567.0, 531.9), (567.0, 531.3), (567.0, 531.0), (567.0, 531.9), (567.0, 531.3), (567.0, 531.0), (567.0, 531.9), (567.0, 531.3), (567.0, 531.0), (567.0, 531.9), (567.0, 531.3), (567.0, 531.0), (567.0, 531.9), (567.0, 531.3), (567.0, 531.0), (567.0, 531.9), (567.0, 531.3), (567.0, 531.0), (567.0, 531.9), (567.0, 531.3), (567.0, 531.0), (567.0, 531.9), (567.0, 531.3), (567.0, 531.0), (567.0, 531.9), (567.0, 531.3), (567.0, 531.0), (567.0, 531.9), (567.0, 531.3), (567.0, 531.0), (567.0, 531.9), (567.0, 531.3)]",0,5.85
speedrunner,meatboy,5,Stuck,1,0,83.3,0.466,"[(73.0, 525.0), (120.3, 531.3), (200.3, 508.8), (280.3, 462.4), (360.3, 434.9), (440.3, 426.3), (520.3, 436.5), (567.0, 465.5), (567.0, 505.2), (567.0, 531.9), (567.0, 531.3), (567.0, 531.0), (567.0, 531.9), (567.0, 531.3), (567.0, 531.0), (567.0, 531.9), (567.0, 531.3), (567.0, 531.0), (567.0, 531.9), (567.0, 531.3), (567.0, 531.0), (567.0, 531.9), (567.0, 531.3), (567.0, 531.0), (567.0, 531.9), (567.0, 531.3), (567.0, 531.0), (567.0, 531.9), (567.0, 531.3), (567.0, 531.0), (567.0, 531.9), (567.0, 531.3), (567.0, 531.0), (567.0, 531.9), (567.0, 531.3), (567.0, 531.0), (567.0, 531.9), (567.0, 531.3), (567.0, 531.0), (567.0, 531.9), (567.0, 531.3), (567.0, 531.0), (567.0, 531.9), (567.0, 531.3)]",0,5.85
speedrunner,meatboy,5,Saw,1,0,538.75,0.296,"[(73.0, 525.0), (120.3, 531.3), (200.3, 531.0), (280.3, 531.9), (360.3, 531.3)]",0,0.53
speedrunner,meatboy,5,Stuck,1,0,83.3,0.466,"[(73.0, 525.0), (120.3, 523.3), (200.3, 472.2), (280.3, 440.1), (360.3, 426.7), (440.3, 432.2), (520.3, 456.5), (567.0, 499.7), (567.0, 531.0), (567.0, 531.9), (567.0, 531.3), (567.0, 531.0), (567.0, 531.9), (567.0, 531.3), (567.0, 531.0), (567.0, 531.9), (567.0, 531.3), (567.0, 531.0), (567.0, 531.9), (567.0, 531.3), (567.0, 531.0), (567.0, 531.9), (567.0, 531.3), (567.0, 531.0), (567.0, 531.9), (567.0, 531.3), (567.0, 531.0), (567.0, 531.9), (567.0, 531.3), (567.0, 531.0), (567.0, 531.9), (567.0, 531.3), (567.0, 531.0), (567.0, 531.9), (567.0, 531.3), (567.0, 531.0), (567.0, 531.9), (567.0, 531.3), (567.0, 531.0), (567.0, 531.9), (567.0, 531.3), (567.0, 531.0), (567.0, 531.9), (567.0, 531.3)]",0,5.85
speedrunner,meatboy,5,Saw,2,0,538.75,0.296,"[(73.0, 525.0), (120.3, 527.1), (200.3, 522.4), (280.3, 531.3), (360.3, 531.0)]",0,0.53
speedrunner,meatboy,5,Stuck,1,0,83.3,0.466,"[(73.0, 525.0), (120.3, 531.3), (200.3, 531.0), (280.3, 490.1), (360.3, 450.8), (440.3, 430.4), (520.3, 428.8), (567.0, 446.1), (567.0, 481.3), (567.0, 521.0), (567.0, 531.9), (567.0, 531.3), (567.0, 531.0), (567.0, 531.9), (567.0, 531.3), (567.0, 531.0), (567.0, 531.9), (567.0, 531.3), (567.0, 531.0), (567.0, 531.9), (567.0, 531.3), (567.0, 531.0), (567.0, 531.9), (567.0, 531.3), (567.0, 531.0), (567.0, 531.9), (567.0, 531.3), (567.0, 531.0), (567.0, 531.9), (567.0, 531.3), (567.0, 531.0), (567.0, 531.9), (567.0, 531.3), (567.0, 531.0), (567.0, 531.9), (567.0, 531.3), (567.0, 531.0), (567.0, 531.9), (567.0, 531.3), (567.0, 531.0), (567.0, 531.9), (567.0, 531.3), (567.0, 531.0), (567.0, 531.9)]",0,5.85
speedrunner,meatboy,5,Saw,1,0,538.75,0.296,"[(73.0, 525.0), (120.3, 531.3), (200.3, 531.0), (280.3, 531.9), (360.3, 516.8)]",0,0.53
speedrunner,meatboy,5,Stuck,1,0,83.3,0.466,"[(73.0, 525.0), (120.3, 516.1), (200.3, 467.4), (280.3, 437.5), (360.3, 426.5), (440.3, 434.4), (520.3, 461.1), (567.0, 502.2), (567.0, 531.3), (567.0, 531.0), (567.0, 531.9), (567.0, 531.3), (567.0, 531.0), (567.0, 531.9), (567.0, 531.3), (567.0, 531.0), (567.0, 531.9), (567.0, 531.3), (567.0, 531.0), (567.0, 531.9), (567.0, 531.3), (567.0, 531.0), (567.0, 531.9), (567.0, 531.3), (567.0, 531.0), (567.0, 531.9), (567.0, 531.3), (567.0, 531.0), (567.0, 531.9), (567.0, 531.3), (567.0, 531.0), (567.0, 531.9), (567.0, 531.3), (567.0, 531.0), (567.0, 531.9), (567.0, 531.3), (567.0, 531.0), (567.0, 531.9), (567.0, 531.3), (567.0, 531.0), (567.0, 531.9), (567.0, 531.3), (567.0, 531.0), (567.0, 531.9)]",0,5.85
speedrunner,meatboy,5,Stuck,1,0,83.3,0.466,"[(73.0, 525.0), (120.3, 531.3), (200.3, 531.0), (280.3, 490.1), (360.3, 450.8), (440.3, 430.4), (520.3, 428.8), (567.0, 446.1), (567.0, 481.3), (567.0, 521.0), (567.0, 531.9), (567.0, 531.3), (567.0, 531.0), (567.0, 531.9), (567.0, 531.3), (567.0, 531.0), (567.0, 531.9), (567.0, 531.3), (567.0, 531.0), (567.0, 531.9), (567.0, 531.3), (567.0, 531.0), (567.0, 531.9), (567.0, 531.3), (567.0, 531.0), (567.0, 531.9), (567.0, 531.3), (567.0, 531.0), (567.0, 531.9), (567.0, 531.3), (567.0, 531.0), (567.0, 531.9), (567.0, 531.3), (567.0, 531.0), (567.0, 531.9), (567.0, 531.3), (567.0, 531.0), (567.0, 531.9), (567.0, 531.3), (567.0, 531.0), (567.0, 531.9), (567.0, 531.3), (567.0, 531.0), (567.0, 531.9)]",0,5.85
speedrunner,meatboy,5,Stuck,1,0,83.3,0.466,"[(73.0, 525.0), (120.3, 531.3), (200.3, 508.8), (280.3, 462.4), (360.3, 434.9), (440.3, 426.3), (520.3, 436.5), (567.0, 465.5), (567.0, 505.2), (567.0, 531.9), (567.0, 531.3), (567.0, 531.0), (567.0, 531.9), (567.0, 531.3), (567.0, 531.0), (567.0, 531.9), (567.0, 531.3), (567.0, 531.0), (567.0, 531.9), (567.0, 531.3), (567.0, 531.0), (567.0, 531.9), (567.0, 531.3), (567.0, 531.0), (567.0, 531.9), (567.0, 531.3), (567.0, 531.0), (567.0, 531.9), (567.0, 531.3), (567.0, 531.0), (567.0, 531.9), (567.0, 531.3), (567.0, 531.0), (567.0, 531.9), (567.0, 531.3), (567.0, 531.0), (567.0, 531.9), (567.0, 531.3), (567.0, 531.0), (567.0, 531.9), (567.0, 531.3), (567.0, 531.0), (567.0, 531.9), (567.0, 531.3)]",0,5.85
speedrunner,meatboy,5,Stuck,1,0,83.3,0.466,"[(73.0, 525.0), (120.3, 531.3), (200.3, 531.0), (280.3, 531.9), (360.3, 483.2), (440.3, 446.3), (520.3, 428.3), (567.0, 429.0), (567.0, 448.7), (567.0, 485.4), (567.0, 525.1), (567.0, 531.0), (567.0, 531.9), (567.0, 531.3), (567.0, 531.0), (567.0, 531.9), (567.0, 531.3), (567.0, 531.0), (567.0, 531.9), (567.0, 531.3), (567.0, 531.0), (567.0, 531.9), (567.0, 531.3), (567.0, 531.0), (567.0, 531.9), (567.0, 531.3), (567.0, 531.0), (567.0, 531.9), (567.0, 531.3), (567.0, 531.0), (567.0, 531.9), (567.0, 531.3), (567.0, 531.0), (567.0, 531.9), (567.0, 531.3), (567.0, 531.0), (567.0, 531.9), (567.0, 531.3), (567.0, 531.0), (567.0, 531.9), (567.0, 531.3), (567.0, 531.0), (567.0, 531.9), (567.0, 531.3)]",0,5.85
speedrunner,meatboy,5,Stuck,1,0,81.9,0.466,"[(73.0, 525.0), (77.0, 531.3), (140.3, 531.0), (220.3, 531.9), (300.3, 501.9), (380.3, 458.0), (460.3, 432.8), (540.3, 426.5), (567.0, 439.1), (567.0, 470.5), (567.0, 520.7), (567.0, 531.0), (567.0, 531.9), (567.0, 531.3), (567.0, 531.0), (567.0, 531.9), (567.0, 531.3), (567.0, 531.0), (567.0, 531.9), (567.0, 531.3), (567.0, 531.0), (567.0, 531.9), (567.0, 531.3), (567.0, 531.0), (567.0, 531.9), (567.0, 531.3), (567.0, 531.0), (567.0, 531.9), (567.0, 531.3), (567.0, 531.0), (567.0, 531.9), (567.0, 531.3), (567.0, 531.0), (567.0, 531.9), (567.0, 531.3), (567.0, 531.0), (567.0, 531.9), (567.0, 531.3), (567.0, 531.0), (567.0, 531.9), (567.0, 531.3), (567.0, 531.0), (567.0, 531.9), (567.0, 531.3), (567.0, 531.0)]",0,5.95
speedrunner,meatboy,5,Saw,0,0,538.75,0.296,"[(73.0, 525.0), (120.3, 531.3), (200.3, 531.0), (280.3, 531.9), (360.3, 531.3)]",0,0.53
speedrunner,meatboy,5,Saw,2,0,538.75,0.296,"[(73.0, 525.0), (120.3, 527.1), (200.3, 522.4), (280.3, 531.3), (360.3, 531.0)]",0,0.53
speedrunner,meatboy,5,Saw,2,0,538.75,0.296,"[(73.0, 525.0), (120.3, 527.1), (200.3, 522.4), (280.3, 531.3), (360.3, 531.0)]",0,0.53
speedrunner,meatboy,5,Stuck,1,0,83.3,0.466,"[(73.0, 525.0), (120.3, 531.3), (200.3, 531.0), (280.3, 531.9), (360.3, 478.5), (440.3, 443.9), (520.3, 428.2), (567.0, 431.4), (567.0, 453.3), (567.0, 491.2), (567.0, 530.9), (567.0, 531.3), (567.0, 531.0), (567.0, 531.9), (567.0, 531.3), (567.0, 531.0), (567.0, 531.9), (567.0, 531.3), (567.0, 531.0), (567.0, 531.9), (567.0, 531.3), (567.0, 531.0), (567.0, 531.9), (567.0, 531.3), (567.0, 531.0), (567.0, 531.9), (567.0, 531.3), (567.0, 531.0), (567.0, 531.9), (567.0, 531.3), (567.0, 531.0), (567.0, 531.9), (567.0, 531.3), (567.0, 531.0), (567.0, 531.9), (567.0, 531.3), (567.0, 531.0), (567.0, 531.9), (567.0, 531.3), (567.0, 531.0), (567.0, 531.9), (567.0, 531.3), (567.0, 531.0), (567.0, 531.9)]",0,5.85
speedrunner,meatboy,5,Stuck,1,0,83.3,0.466,"[(73.0, 525.0), (120.3, 531.3), (200.3, 531.0), (280.3, 531.9), (360.3, 483.2), (440.3, 446.3), (520.3, 428.3), (567.0, 429.0), (567.0, 448.7), (567.0, 485.4), (567.0, 525.1), (567.0, 531.0), (567.0, 531.9), (567.0, 531.3), (567.0, 531.0), (567.0, 531.9), (567.0, 531.3), (567.0, 531.0), (567.0, 531.9), (567.0, 531.3), (567.0, 531.0), (567.0, 531.9), (567.0, 531.3), (567.0, 531.0), (567.0, 531.9), (567.0, 531.3), (567.0, 531.0), (567.0, 531.9), (567.0, 531.3), (567.0, 531.0), (567.0, 531.9), (567.0, 531.3), (567.0, 531.0), (567.0, 531.9), (567.0, 531.3), (567.0, 531.0), (567.0, 531.9), (567.0, 531.3), (567.0, 531.0), (567.0, 531.9), (567.0, 531.3), (567.0, 531.0), (567.0, 531.9), (567.0, 531.3)]",0,5.85
speedrunner,meatboy,5,Stuck,1,0,83.3,0.466,"[(73.0, 525.0), (120.3, 531.3), (200.3, 531.0), (280.3, 495.4), (360.3, 453.8), (440.3, 431.0), (520.3, 427.1), (567.0, 442.0), (567.0, 475.5), (567.0, 515.2), (567.0, 531.3), (567.0, 531.0), (567.0, 531.9), (567.0, 531.3), (567.0, 531.0), (567.0, 531.9), (567.0, 531.3), (567.0, 531.0), (567.0, 531.9), (567.0, 531.3), (567.0, 531.0), (567.0, 531.9), (567.0, 531.3), (567.0, 531.0), (567.0, 531.9), (567.0, 531.3), (567.0, 531.0), (567.0, 531.9), (567.0, 531.3), (567.0, 531.0), (567.0, 531.9), (567.0, 531.3), (567.0, 531.0), (567.0, 531.9), (567.0, 531.3), (567.0, 531.0), (567.0, 531.9), (567.0, 531.3), (567.0, 531.0), (567.0, 531.9), (567.0, 531.3), (567.0, 531.0), (567.0, 531.9), (567.0, 531.3)]",0,5.85
speedrunner,meatboy,5,Stuck,1,0,83.3,0.466,"[(73.0, 525.0), (120.3, 531.3), (200.3, 531.0), (280.3, 495.4), (360.3, 453.8), (440.3, 431.0), (520.3, 427.1), (567.0, 442.0), (567.0, 475.5), (567.0, 515.2), (567.0, 531.3), (567.0, 531.0), (567.0, 531.9), (567.0, 531.3), (567.0, 531.0), (567.0, 531.9), (567.0, 531.3), (567.0, 531.0), (567.0, 531.9), (567.0, 531.3), (567.0, 531.0), (567.0, 531.9), (567.0, 531.3), (567.0, 531.0), (567.0, 531.9), (567.0, 531.3), (567.0, 531.0), (567.0, 531.9), (567.0, 531.3), (567.0, 531.0), (567.0, 531.9), (567.0, 531.3), (567.0, 531.0), (567.0, 531.9), (567.0, 531.3), (567.0, 531.0), (567.0, 531.9), (567.0, 531.3), (567.0, 531.0), (567.0, 531.9), (567.0, 531.3), (567.0, 531.0), (567.0, 531.9), (567.0, 531.3)]",0,5.85
speedrunner,meatboy,5,Stuck,1,0,83.3,0.466,"[(73.0, 525.0), (120.3, 531.3), (200.3, 531.0), (280.3, 531.9), (360.3, 483.2), (440.3, 446.3), (520.3, 428.3), (567.0, 429.0), (567.0, 448.7), (567.0, 485.4), (567.0, 525.1), (567.0, 531.0), (567.0, 531.9), (567.0, 531.3), (567.0, 531.0), (567.0, 531.9), (567.0, 531.3), (567.0, 531.0), (567.0, 531.9), (567.0, 531.3), (567.0, 531.0), (567.0, 531.9), (567.0, 531.3), (567.0, 531.0), (567.0, 531.9), (567.0, 531.3), (567.0, 531.0), (567.0, 531.9), (567.0, 531.3), (567.0, 531.0), (567.0, 531.9), (567.0, 531.3), (567.0, 531.0), (567.0, 531.9), (567.0, 531.3), (567.0, 531.0), (567.0, 531.9), (567.0, 531.3), (567.0, 531.0), (567.0, 531.9), (567.0, 531.3), (567.0, 531.0), (567.0, 531.9), (567.0, 531.3)]",0,5.85
speedrunner,meatboy,5,Stuck,1,0,83.3,0.466,"[(73.0, 525.0), (120.3, 531.3), (200.3, 531.0), (280.3, 531.9), (360.3, 478.5), (440.3, 443.9), (520.3, 428.2), (567.0, 431.4), (567.0, 453.3), (567.0, 491.2), (567.0, 530.9), (567.0, 531.3), (567.0, 531.0), (567.0, 531.9), (567.0, 531.3), (567.0, 531.0), (567.0, 531.9), (567.0, 531.3), (567.0, 531.0), (567.0, 531.9), (567.0, 531.3), (567.0, 531.0), (567.0, 531.9), (567.0, 531.3), (567.0, 531.0), (567.0, 531.9), (567.0, 531.3), (567.0, 531.0), (567.0, 531.9), (567.0, 531.3), (567.0, 531.0), (567.0, 531.9), (567.0, 531.3), (567.0, 531.0), (567.0, 531.9), (567.0, 531.3), (567.0, 531.0), (567.0, 531.9), (567.0, 531.3), (567.0, 531.0), (567.0, 531.9), (567.0, 531.3), (567.0, 531.0), (567.0, 531.9)]",0,5.85
speedrunner,meatboy,5,Stuck,1,0,81.9,0.466,"[(73.0, 525.0), (77.0, 531.3), (140.3, 531.0), (220.3, 531.9), (300.3, 501.9), (380.3, 458.0), (460.3, 432.8), (540.3, 426.5), (567.0, 439.1), (567.0, 470.5), (567.0, 520.7), (567.0, 531.0), (567.0, 531.9), (567.0, 531.3), (567.0, 531.0), (567.0, 531.9), (567.0, 531.3), (567.0, 531.0), (567.0, 531.9), (567.0, 531.3), (567.0, 531.0), (567.0, 531.9), (567.0, 531.3), (567.0, 531.0), (567.0, 531.9), (567.0, 531.3), (567.0, 531.0), (567.0, 531.9), (567.0, 531.3), (567.0, 531.0), (567.0, 531.9), (567.0, 531.3), (567.0, 531.0), (567.0, 531.9), (567.0, 531.3), (567.0, 531.0), (567.0, 531.9), (567.0, 531.3), (567.0, 531.0), (567.0, 531.9), (567.0, 531.3), (567.0, 531.0), (567.0, 531.9), (567.0, 531.3), (567.0, 531.0)]",0,5.95
speedrunner,meatboy,5,Stuck,1,0,83.3,0.466,"[(73.0, 525.0), (120.3, 531.3), (200.3, 531.0), (280.3, 531.9), (360.3, 496.3), (440.3, 454.7), (520.3, 431.9), (567.0, 428.0), (567.0, 442.9), (567.0, 476.3), (567.0, 516.0), (567.0, 531.3), (567.0, 531.0), (567.0, 531.9), (567.0, 531.3), (567.0, 531.0), (567.0, 531.9), (567.0, 531.3), (567.0, 531.0), (567.0, 531.9), (567.0, 531.3), (567.0, 531.0), (567.0, 531.9), (567.0, 531.3), (567.0, 531.0), (567.0, 531.9), (567.0, 531.3), (567.0, 531.0), (567.0, 531.9), (567.0, 531.3), (567.0, 531.0), (567.0, 531.9), (567.0, 531.3), (567.0, 531.0), (567.0, 531.9), (567.0, 531.3), (567.0, 531.0), (567.0, 531.9), (567.0, 531.3), (567.0, 531.0), (567.0, 531.9), (567.0, 531.3), (567.0, 531.0), (567.0, 531.9)]",0,5.85
speedrunner,meatboy,5,Saw,1,0,538.75,0.296,"[(73.0, 525.0), (120.3, 531.3), (200.3, 531.0), (280.3, 531.9), (360.3, 523.3)]",0,0.53
speedrunner,meatboy,5,Stuck,1,0,84.02,0.466,"[(73.0, 525.0), (120.3, 531.3), (200.3, 531.0), (280.3, 515.9), (360.3, 470.0), (440.3, 463.0), (520.3, 474.8), (567.0, 505.4), (567.0, 531.9), (567.0, 531.3), (567.0, 531.0), (567.0, 531.9), (567.0, 531.3), (567.0, 531.0), (567.0, 531.9), (567.0, 531.3), (567.0, 531.0), (567.0, 531.9), (567.0, 531.3), (567.0, 531.0), (567.0, 531.9), (567.0, 531.3), (567.0, 531.0), (567.0, 531.9), (567.0, 531.3), (567.0, 531.0), (567.0, 531.9), (567.0, 531.3), (567.0, 531.0), (567.0, 531.9), (567.0, 531.3), (567.0, 531.0), (567.0, 531.9), (567.0, 531.3), (567.0, 531.0), (567.0, 531.9), (567.0, 531.3), (567.0, 531.0), (567.0, 531.9), (567.0, 531.3), (567.0, 531.0), (567.0, 531.9), (567.0, 531.3), (567.0, 531.0)]",0,5.8
speedrunner,meatboy,5,Saw,1,0,538.75,0.296,"[(73.0, 525.0), (120.3, 531.3), (200.3, 531.0), (280.3, 531.9), (360.3, 523.3)]",0,0.53
speedrunner,meatboy,5,Stuck,1,0,83.3,0.466,"[(73.0, 525.0), (120.3, 531.3), (200.3, 516.2), (280.3, 467.5), (360.3, 437.6), (440.3, 426.6), (520.3, 434.5), (567.0, 461.2), (567.0, 500.6), (567.0, 531.3), (567.0, 531.0), (567.0, 531.9), (567.0, 531.3), (567.0, 531.0), (567.0, 531.9), (567.0, 531.3), (567.0, 531.0), (567.0, 531.9), (567.0, 531.3), (567.0, 531.0), (567.0, 531.9), (567.0, 531.3), (567.0, 531.0), (567.0, 531.9), (567.0, 531.3), (567.0, 531.0), (567.0, 531.9), (567.0, 531.3), (567.0, 531.0), (567.0, 531.9), (567.0, 531.3), (567.0, 531.0), (567.0, 531.9), (567.0, 531.3), (567.0, 531.0), (567.0, 531.9), (567.0, 531.3), (567.0, 531.0), (567.0, 531.9), (567.0, 531.3), (567.0, 531.0), (567.0, 531.9), (567.0, 531.3), (567.0, 531.0)]",0,5.85
speedrunner,meatboy,5,Saw,0,0,538.75,0.296,"[(73.0, 525.0), (120.3, 531.3), (200.3, 531.0), (280.3, 531.9), (360.3, 531.3)]",0,0.53
speedrunner,meatboy,5,Stuck,1,0,83.3,0.466,"[(73.0, 525.0), (120.3, 531.3), (200.3, 516.2), (280.3, 467.5), (360.3, 437.6), (440.3, 426.6), (520.3, 434.5), (567.0, 461.2), (567.0, 500.6), (567.0, 531.3), (567.0, 531.0), (567.0, 531.9), (567.0, 531.3), (567.0, 531.0), (567.0, 531.9), (567.0, 531.3), (567.0, 531.0), (567.0, 531.9), (567.0, 531.3), (567.0, 531.0), (567.0, 531.9), (567.0, 531.3), (567.0, 531.0), (567.0, 531.9), (567.0, 531.3), (567.0, 531.0), (567.0, 531.9), (567.0, 531.3), (567.0, 531.0), (567.0, 531.9), (567.0, 531.3), (567.0, 531.0), (567.0, 531.9), (567.0, 531.3), (567.0, 531.0), (567.0, 531.9), (567.0, 531.3), (567.0, 531.0), (567.0, 531.9), (567.0, 531.3), (567.0, 531.0), (567.0, 531.9), (567.0, 531.3), (567.0, 531.0)]",0,5.85
speedrunner,meatboy,5,Stuck,1,0,83.3,0.466,"[(73.0, 525.0), (120.3, 531.3), (200.3, 531.0), (280.3, 531.9), (360.3, 496.3), (440.3, 454.7), (520.3, 431.9), (567.0, 428.0), (567.0, 442.9), (567.0, 476.3), (567.0, 516.0), (567.0, 531.3), (567.0, 531.0), (567.0, 531.9), (567.0, 531.3), (567.0, 531.0), (567.0, 531.9), (567.0, 531.3), (567.0, 531.0), (567.0, 531.9), (567.0, 531.3), (567.0, 531.0), (567.0, 531.9), (567.0, 531.3), (567.0, 531.0), (567.0, 531.9), (567.0, 531.3), (567.0, 531.0), (567.0, 531.9), (567.0, 531.3), (567.0, 531.0), (567.0, 531.9), (567.0, 531.3), (567.0, 531.0), (567.0, 531.9), (567.0, 531.3), (567.0, 531.0), (567.0, 531.9), (567.0, 531.3), (567.0, 531.0), (567.0, 531.9), (567.0, 531.3), (567.0, 531.0), (567.0, 531.9)]",0,5.85
speedrunner,meatboy,5,Stuck,1,0,81.9,0.466,"[(73.0, 525.0), (77.0, 531.3), (140.3, 531.0), (220.3, 531.9), (300.3, 501.9), (380.3, 458.0), (460.3, 432.8), (540.3, 426.5), (567.0, 439.1), (567.0, 470.5), (567.0, 520.7), (567.0, 531.0), (567.0, 531.9), (567.0, 531.3), (567.0, 531.0), (567.0, 531.9), (567.0, 531.3), (567.0, 531.0), (567.0, 531.9), (567.0, 531.3), (567.0, 531.0), (567.0, 531.9), (567.0, 531.3), (567.0, 531.0), (567.0, 531.9), (567.0, 531.3), (567.0, 531.0), (567.0, 531.9), (567.0, 531.3), (567.0, 531.0), (567.0, 531.9), (567.0, 531.3), (567.0, 531.0), (567.0, 531.9), (567.0, 531.3), (567.0, 531.0), (567.0, 531.9), (567.0, 531.3), (567.0, 531.0), (567.0, 531.9), (567.0, 531.3), (567.0, 531.0), (567.0, 531.9), (567.0, 531.3), (567.0, 531.0)]",0,5.95
speedrunner,meatboy,5,Stuck,1,0,83.3,0.466,"[(73.0, 525.0), (120.3, 531.3), (200.3, 531.0), (280.3, 531.9), (360.3, 478.5), (440.3, 443.9), (520.3, 428.2), (567.0, 431.4), (567.0, 453.3), (567.0, 491.2), (567.0, 530.9), (567.0, 531.3), (567.0, 531.0), (567.0, 531.9), (567.0, 531.3), (567.0, 531.0), (567.0, 531.9), (567.0, 531.3), (567.0, 531.0), (567.0, 531.9), (567.0, 531.3), (567.0, 531.0), (567.0, 531.9), (567.0, 531.3), (567.0, 531.0), (567.0, 531.9), (567.0, 531.3), (567.0, 531.0), (567.0, 531.9), (567.0, 531.3), (567.0, 531.0), (567.0, 531.9), (567.0, 531.3), (567.0, 531.0), (567.0, 531.9), (567.0, 531.3), (567.0, 531.0), (567.0, 531.9), (567.0, 531.3), (567.0, 531.0), (567.0, 531.9), (567.0, 531.3), (567.0, 531.0), (567.0, 531.9)]",0,5.85
speedrunner,meatboy,5,Stuck,1,0,83.3,0.466,"[(73.0, 525.0), (120.3, 531.3), (200.3, 531.0), (280.3, 509.6), (360.3, 463.3), (440.3, 453.9), (520.3, 463.4), (567.0, 491.7), (567.0, 531.2), (567.0, 531.3), (567.0, 531.0), (567.0, 531.9), (567.0, 531.3), (567.0, 531.0), (567.0, 531.9), (567.0, 531.3), (567.0, 531.0), (567.0, 531.9), (567.0, 531.3), (567.0, 531.0), (567.0, 531.9), (567.0, 531.3), (567.0, 531.0), (567.0, 531.9), (567.0, 531.3), (567.0, 531.0), (567.0, 531.9), (567.0, 531.3), (567.0, 531.0), (567.0, 531.9), (567.0, 531.3), (567.0, 531.0), (567.0, 531.9), (567.0, 531.3), (567.0, 531.0), (567.0, 531.9), (567.0, 531.3), (567.0, 531.0), (567.0, 531.9), (567.0, 531.3), (567.0, 531.0), (567.0, 531.9), (567.0, 531.3), (567.0, 531.0)]",0,5.85
speedrunner,meatboy,5,Saw,0,0,538.75,0.296,"[(73.0, 525.0), (120.3, 531.3), (200.3, 531.0), (280.3, 531.9), (360.3, 531.3)]",0,0.53
speedrunner,meatboy,5,Stuck,2,0,83.3,0.466,"[(73.0, 525.0), (120.3, 531.3), (200.3, 531.0), (280.3, 477.6), (360.3, 443.0), (440.3, 427.3), (520.3, 430.5), (567.0, 452.4), (567.0, 490.3), (567.0, 530.0), (567.0, 531.3), (567.0, 531.0), (567.0, 531.9), (567.0, 531.3), (567.0, 531.0), (567.0, 531.9), (567.0, 531.3), (567.0, 531.0), (567.0, 531.9), (567.0, 531.3), (567.0, 531.0), (567.0, 531.9), (567.0, 531.3), (567.0, 531.0), (567.0, 531.9), (567.0, 531.3), (567.0, 531.0), (567.0, 531.9), (567.0, 531.3), (567.0, 531.0), (567.0, 531.9), (567.0, 531.3), (567.0, 531.0), (567.0, 531.9), (567.0, 531.3), (567.0, 531.0), (567.0, 531.9), (567.0, 531.3), (567.0, 531.0), (567.0, 531.9), (567.0, 531.3), (567.0, 531.0), (567.0, 531.9), (567.0, 531.3)]",0,5.85
speedrunner,meatboy,5,Stuck,1,0,83.3,0.466,"[(73.0, 525.0), (120.3, 531.3), (200.3, 531.0), (280.3, 531.9), (360.3, 483.2), (440.3, 446.3), (520.3, 428.3), (567.0, 429.0), (567.0, 448.7), (567.0, 485.4), (567.0, 525.1), (567.0, 531.0), (567.0, 531.9), (567.0, 531.3), (567.0, 531.0), (567.0, 531.9), (567.0, 531.3), (567.0, 531.0), (567.0, 531.9), (567.0, 531.3), (567.0, 531.0), (567.0, 531.9), (567.0, 531.3), (567.0, 531.0), (567.0, 531.9), (567.0, 531.3), (567.0, 531.0), (567.0, 531.9), (567.0, 531.3), (567.0, 531.0), (567.0, 531.9), (567.0, 531.3), (567.0, 531.0), (567.0, 531.9), (567.0, 531.3), (567.0, 531.0), (567.0, 531.9), (567.0, 531.3), (567.0, 531.0), (567.0, 531.9), (567.0, 531.3), (567.0, 531.0), (567.0, 531.9), (567.0, 531.3)]",0,5.85
speedrunner,meatboy,5,Saw,2,0,538.75,0.296,"[(73.0, 525.0), (120.3, 527.1), (200.3, 522.4), (280.3, 531.3), (360.3, 531.0)]",0,0.53
speedrunner,meatboy,5,Stuck,2,0,83.91,0.466,"[(73.0, 525.0), (120.3, 516.1), (200.3, 467.4), (280.3, 437.5), (357.3, 426.5), (429.0, 434.4), (495.3, 461.1), (567.0, 506.6), (567.0, 531.3), (567.0, 531.0), (567.0, 531.9), (567.0, 531.3), (567.0, 531.0), (567.0, 531.9), (567.0, 531.3), (567.0, 531.0), (567.0, 531.9), (567.0, 531.3), (567.0, 531.0), (567.0, 531.9), (567.0, 531.3), (567.0, 531.0), (567.0, 531.9), (567.0, 531.3), (567.0, 531.0), (567.0, 531.9), (567.0, 531.3), (567.0, 531.0), (567.0, 531.9), (567.0, 531.3), (567.0, 531.0), (567.0, 531.9), (567.0, 531.3), (567.0, 531.0), (567.0, 531.9), (567.0, 531.3), (567.0, 531.0), (567.0, 531.9), (567.0, 531.3), (567.0, 531.0), (567.0, 531.9), (567.0, 531.3), (567.0, 531.0), (567.0, 531.9)]",0,5.83
speedrunner,meatboy,5,Stuck,1,0,83.3,0.466,"[(73.0, 525.0), (120.3, 531.3), (200.3, 531.0), (280.3, 531.9), (360.3, 483.2), (440.3, 446.3), (520.3, 428.3), (567.0, 429.0), (567.0, 448.7), (567.0, 485.4), (567.0, 525.1), (567.0, 531.0), (567.0, 531.9), (567.0, 531.3), (567.0, 531.0), (567.0, 531.9), (567.0, 531.3), (567.0, 531.0), (567.0, 531.9), (567.0, 531.3), (567.0, 531.0), (567.0, 531.9), (567.0, 531.3), (567.0, 531.0), (567.0, 531.9), (567.0, 531.3), (567.0, 531.0), (567.0, 531.9), (567.0, 531.3), (567.0, 531.0), (567.0, 531.9), (567.0, 531.3), (567.0, 531.0), (567.0, 531.9), (567.0, 531.3), (567.0, 531.0), (567.0, 531.9), (567.0, 531.3), (567.0, 531.0), (567.0, 531.9), (567.0, 531.3), (567.0, 531.0), (567.0, 531.9), (567.0, 531.3)]",0,5.85
speedrunner,meatboy,5,Stuck,2,0,83.3,0.466,"[(73.0, 525.0), (120.3, 531.3), (200.3, 531.0), (280.3, 477.6), (360.3, 443.0), (440.3, 427.3), (520.3, 430.5), (567.0, 452.4), (567.0, 490.3), (567.0, 530.0), (567.0, 531.3), (567.0, 531.0), (567.0, 531.9), (567.0, 531.3), (567.0, 531.0), (567.0, 531.9), (567.0, 531.3), (567.0, 531.0), (567.0, 531.9), (567.0, 531.3), (567.0, 531.0), (567.0, 531.9), (567.0, 531.3), (567.0, 531.0), (567.0, 531.9), (567.0, 531.3), (567.0, 531.0), (567.0, 531.9), (567.0, 531.3), (567.0, 531.0), (567.0, 531.9), (567.0, 531.3), (567.0, 531.0), (567.0, 531.9), (567.0, 531.3), (567.0, 531.0), (567.0, 531.9), (567.0, 531.3), (567.0, 531.0), (567.0, 531.9), (567.0, 531.3), (567.0, 531.0), (567.0, 531.9), (567.0, 531.3)]",0,5.85
speedrunner,meatboy,5,Stuck,1,0,83.3,0.466,"[(73.0, 525.0), (120.3, 531.3), (200.3, 531.0), (280.3, 531.9), (360.3, 478.5), (440.3, 443.9), (520.3, 428.2), (567.0, 431.4), (567.0, 453.3), (567.0, 491.2), (567.0, 530.9), (567.0, 531.3), (567.0, 531.0), (567.0, 531.9), (567.0, 531.3), (567.0, 531.0), (567.0, 531.9), (567.0, 531.3), (567.0, 531.0), (567.0, 531.9), (567.0, 531.3), (567.0, 531.0), (567.0, 531.9), (567.0, 531.3), (567.0, 531.0), (567.0, 531.9), (567.0, 531.3), (567.0, 531.0), (567.0, 531.9), (567.0, 531.3), (567.0, 531.0), (567.0, 531.9), (567.0, 531.3), (567.0, 531.0), (567.0, 531.9), (567.0, 531.3), (567.0, 531.0), (567.0, 531.9), (567.0, 531.3), (567.0, 531.0), (567.0, 531.9), (567.0, 531.3), (567.0, 531.0), (567.0, 531.9)]",0,5.85
speedrunner,meatboy,5,Stuck,1,0,81.9,0.466,"[(73.0, 525.0), (77.0, 531.3), (140.3, 531.0), (220.3, 531.9), (300.3, 501.9), (380.3, 458.0), (460.3, 432.8), (540.3, 426.5), (567.0, 439.1), (567.0, 470.5), (567.0, 520.7), (567.0, 531.0), (567.0, 531.9), (567.0, 531.3), (567.0, 531.0), (567.0, 531.9), (567.0, 531.3), (567.0, 531.0), (567.0, 531.9), (567.0, 531.3), (567.0, 531.0), (567.0, 531.9), (567.0, 531.3), (567.0, 531.0), (567.0, 531.9), (567.0, 531.3), (567.0, 531.0), (567.0, 531.9), (567.0, 531.3), (567.0, 531.0), (567.0, 531.9), (567.0, 531.3), (567.0, 531.0), (567.0, 531.9), (567.0, 531.3), (567.0, 531.0), (567.0, 531.9), (567.0, 531.3), (567.0, 531.0), (567.0, 531.9), (567.0, 531.3), (567.0, 531.0), (567.0, 531.9), (567.0, 531.3), (567.0, 531.0)]",0,5.95
speedrunner,meatboy,5,Saw,0,0,453.68,0.296,"[(73.0, 525.0), (77.0, 531.3), (140.3, 531.0), (220.3, 531.9), (300.3, 531.3)]",0,0.63
speedrunner,meatboy,5,Stuck,2,0,83.3,0.466,"[(73.0, 525.0), (120.3, 516.1), (200.3, 467.4), (280.3, 437.5), (360.3, 426.5), (440.3, 434.4), (520.3, 461.1), (567.0, 502.2), (567.0, 531.3), (567.0, 531.0), (567.0, 531.9), (567.0, 531.3), (567.0, 531.0), (567.0, 531.9), (567.0, 531.3), (567.0, 531.0), (567.0, 531.9), (567.0, 531.3), (567.0, 531.0), (567.0, 531.9), (567.0, 531.3), (567.0, 531.0), (567.0, 531.9), (567.0, 531.3), (567.0, 531.0), (567.0, 531.9), (567.0, 531.3), (567.0, 531.0), (567.0, 531.9), (567.0, 531.3), (567.0, 531.0), (567.0, 531.9), (567.0, 531.3), (567.0, 531.0), (567.0, 531.9), (567.0, 531.3), (567.0, 531.0), (567.0, 531.9), (567.0, 531.3), (567.0, 531.0), (567.0, 531.9), (567.0, 531.3), (567.0, 531.0), (567.0, 531.9)]",0,5.85
speedrunner,meatboy,5,Saw,0,0,538.75,0.296,"[(73.0, 525.0), (120.3, 531.3), (200.3, 531.0), (280.3, 531.9), (360.3, 531.3)]",0,0.53
speedrunner,meatboy,5,Saw,2,0,538.75,0.296,"[(73.0, 525.0), (120.3, 527.1), (200.3, 522.4), (280.3, 531.3), (360.3, 531.0)]",0,0.53
speedrunner,meatboy,5,Stuck,2,0,83.3,0.466,"[(73.0, 525.0), (120.3, 523.3), (200.3, 472.2), (280.3, 440.1), (360.3, 426.7), (440.3, 432.2), (520.3, 456.5), (567.0, 497.4), (567.0, 531.3), (567.0, 531.0), (567.0, 531.9), (567.0, 531.3), (567.0, 531.0), (567.0, 531.9), (567.0, 531.3), (567.0, 531.0), (567.0, 531.9), (567.0, 531.3), (567.0, 531.0), (567.0, 531.9), (567.0, 531.3), (567.0, 531.0), (567.0, 531.9), (567.0, 531.3), (567.0, 531.0), (567.0, 531.9), (567.0, 531.3), (567.0, 531.0), (567.0, 531.9), (567.0, 531.3), (567.0, 531.0), (567.0, 531.9), (567.0, 531.3), (567.0, 531.0), (567.0, 531.9), (567.0, 531.3), (567.0, 531.0), (567.0, 531.9), (567.0, 531.3), (567.0, 531.0), (567.0, 531.9), (567.0, 531.3), (567.0, 531.0), (567.0, 531.9)]",0,5.85
speedrunner,meatboy,5,Stuck,1,0,81.9,0.466,"[(73.0, 525.0), (77.0, 531.3), (140.3, 531.0), (220.3, 531.9), (300.3, 483.2), (380.3, 446.3), (460.3, 428.3), (540.3, 429.0), (567.0, 448.7), (567.0, 487.1), (567.0, 531.3), (567.0, 531.0), (567.0, 531.9), (567.0, 531.3), (567.0, 531.0), (567.0, 531.9), (567.0, 531.3), (567.0, 531.0), (567.0, 531.9), (567.0, 531.3), (567.0, 531.0), (567.0, 531.9), (567.0, 531.3), (567.0, 531.0), (567.0, 531.9), (567.0, 531.3), (567.0, 531.0), (567.0, 531.9), (567.0, 531.3), (567.0, 531.0), (567.0, 531.9), (567.0, 531.3), (567.0, 531.0), (567.0, 531.9), (567.0, 531.3), (567.0, 531.0), (567.0, 531.9), (567.0, 531.3), (567.0, 531.0), (567.0, 531.9), (567.0, 531.3), (567.0, 531.0), (567.0, 531.9), (567.0, 531.3), (567.0, 531.0)]",0,5.95
