persona,game,world,cause_of_death,jump_count,coins_collected,avg_vx,progress_ratio,route,enemies_killed,bricks_destroyed,elapsed_time
speedrunner,meatboy,8,Stuck,6,0,-45.48,0.104,"[(329.0, 749.0), (281.7, 740.1), (265.0, 691.4), (265.0, 661.5), (265.0, 650.5), (265.0, 658.4), (263.7, 685.1), (207.7, 730.6), (129.0, 725.9), (73.0, 682.0), (73.0, 656.8), (73.0, 650.5), (73.0, 663.1), (73.0, 694.5), (73.0, 734.2), (73.0, 732.8), (73.0, 686.4), (73.0, 658.9), (73.0, 650.3), (73.0, 660.5), (73.0, 689.5), (73.0, 729.2), (73.0, 739.9), (73.0, 691.2), (73.0, 661.4), (73.0, 650.4), (73.0, 658.2), (73.0, 684.9), (73.0, 724.3), (73.0, 747.3), (73.0, 696.2), (73.0, 664.1), (73.0, 650.7), (73.0, 656.2), (73.0, 680.5), (73.0, 719.3), (73.0, 755.0), (73.0, 701.6), (73.0, 667.0), (73.0, 651.3), (73.0, 654.5)]",0,0,5.35
speedrunner,meatboy,8,Stuck,0,0,56.48,0.896,"[(329.0, 749.0), (333.0, 755.3), (396.3, 755.0), (470.3, 755.9), (548.3, 755.3), (628.3, 755.0), (631.0, 755.9), (631.0, 755.3), (631.0, 755.0), (631.0, 755.9), (631.0, 755.3), (631.0, 755.0), (631.0, 755.9), (631.0, 755.3), (631.0, 755.0), (631.0, 755.9), (631.0, 755.3), (631.0, 755.0), (631.0, 755.9), (631.0, 755.3), (631.0, 755.0), (631.0, 755.9), (631.0, 755.3), (631.0, 755.0), (631.0, 755.9), (631.0, 755.3), (631.0, 755.0), (631.0, 755.9), (631.0, 755.3), (631.0, 755.0), (631.0, 755.9), (631.0, 755.3), (631.0, 755.0), (631.0, 755.9), (631.0, 755.3), (631.0, 755.0), (631.0, 755.9), (631.0, 755.3), (631.0, 755.0), (631.0, 755.9)]",0,0,5.3
speedrunner,meatboy,8,Stuck,1,0,-49.81,0.104,"[(329.0, 749.0), (283.3, 755.3), (252.7, 755.0), (248.0, 755.9), (244.3, 755.3), (239.3, 755.0), (231.3, 755.9), (166.3, 755.3), (101.3, 755.0), (89.7, 755.9), (84.7, 755.3), (80.0, 755.0), (76.3, 755.9), (73.0, 755.3), (73.0, 755.0), (73.0, 755.9), (73.0, 755.3), (73.0, 755.0), (73.0, 755.9), (73.0, 755.3), (73.0, 755.0), (73.0, 755.9), (73.0, 755.3), (73.0, 755.0), (73.0, 755.9), (73.0, 755.3), (73.0, 755.0), (73.0, 755.9), (73.0, 755.3), (73.0, 755.0), (73.0, 755.9), (73.0, 755.3), (73.0, 755.0), (73.0, 755.9), (73.0, 755.3), (73.0, 755.0), (73.0, 755.9), (73.0, 755.3), (73.0, 755.0)]",0,0,5.13
speedrunner,meatboy,8,Stuck,0,0,36.04,0.734,"[(329.0, 749.0), (372.3, 755.3), (452.0, 755.0), (511.0, 755.9), (517.0, 755.3), (517.0, 755.0), (517.0, 755.9), (517.0, 755.3), (517.0, 755.0), (517.0, 755.9), (517.0, 755.3), (517.0, 755.0), (517.0, 755.9), (517.0, 755.3), (517.0, 755.0), (517.0, 755.9), (517.0, 755.3), (517.0, 755.0), (517.0, 755.9), (517.0, 755.3), (517.0, 755.0), (517.0, 755.9), (517.0, 755.3), (517.0, 755.0), (517.0, 755.9), (517.0, 755.3), (517.0, 755.0), (517.0, 755.9), (517.0, 755.3), (517.0, 755.0), (517.0, 755.9), (517.0, 755.3), (517.0, 755.0), (517.0, 755.9), (517.0, 755.3), (517.0, 755.0), (517.0, 755.9), (517.0, 755.3), (517.0, 755.0), (517.0, 755.9)]",0,0,5.22
speedrunner,meatboy,8,Stuck,1,0,57.18,0.896,"[(329.0, 749.0), (376.3, 755.3), (456.3, 755.0), (536.3, 755.9), (616.3, 755.3), (631.0, 755.0), (631.0, 755.9), (631.0, 755.3), (631.0, 755.0), (631.0, 755.9), (631.0, 755.3), (631.0, 755.0), (631.0, 755.9), (631.0, 755.3), (631.0, 755.0), (631.0, 755.9), (631.0, 755.3), (631.0, 755.0), (631.0, 755.9), (631.0, 755.3), (631.0, 755.0), (631.0, 755.9), (631.0, 755.3), (631.0, 755.0), (631.0, 755.9), (631.0, 755.3), (631.0, 755.0), (631.0, 755.9), (631.0, 755.3), (631.0, 755.0), (631.0, 755.9), (631.0, 755.3), (631.0, 755.0), (631.0, 755.9), (631.0, 755.3), (631.0, 755.0), (631.0, 755.9), (631.0, 755.3), (631.0, 755.0), (631.0, 755.9)]",0,0,5.2
speedrunner,meatboy,8,Stuck,0,0,0.0,0.467,"[(329.0, 749.0), (329.0, 755.3), (329.0, 755.0), (329.0, 755.9), (329.0, 755.3), (329.0, 755.0), (329.0, 755.9), (329.0, 755.3), (329.0, 755.0), (329.0, 755.9), (329.0, 755.3), (329.0, 755.0), (329.0, 755.9), (329.0, 755.3), (329.0, 755.0), (329.0, 755.9), (329.0, 755.3), (329.0, 755.0), (329.0, 755.9), (329.0, 755.3), (329.0, 755.0), (329.0, 755.9), (329.0, 755.3), (329.0, 755.0), (329.0, 755.9), (329.0, 755.3), (329.0, 755.0), (329.0, 755.9), (329.0, 755.3), (329.0, 755.0), (329.0, 755.9), (329.0, 755.3), (329.0, 755.0), (329.0, 755.9), (329.0, 755.3), (329.0, 755.0), (329.0, 755.9), (329.0, 755.3)]",0,0,5.02
speedrunner,meatboy,8,Stuck,0,0,-46.49,0.104,"[(329.0, 749.0), (367.2, 755.3), (339.2, 755.0), (259.5, 755.9), (179.5, 755.3), (99.5, 755.0), (73.0, 755.9), (73.0, 755.3), (73.0, 755.0), (73.0, 755.9), (73.0, 755.3), (73.0, 755.0), (73.0, 755.9), (73.0, 755.3), (73.0, 755.0), (73.0, 755.9), (73.0, 755.3), (73.0, 755.0), (73.0, 755.9), (73.0, 755.3), (73.0, 755.0), (73.0, 755.9), (73.0, 755.3), (73.0, 755.0), (73.0, 755.9), (73.0, 755.3), (73.0, 755.0), (73.0, 755.9), (73.0, 755.3), (73.0, 755.0), (73.0, 755.9), (73.0, 755.3), (73.0, 755.0), (73.0, 755.9), (73.0, 755.3), (73.0, 755.0), (73.0, 755.9), (73.0, 755.3), (73.0, 755.0), (73.0, 755.9), (73.0, 755.3)]",0,0,5.37
speedrunner,meatboy,8,Stuck,1,0,0.0,0.467,"[(329.0, 749.0), (329.0, 755.3), (329.0, 755.0), (329.0, 755.9), (329.0, 755.3), (329.0, 755.0), (329.0, 755.9), (329.0, 755.3), (329.0, 755.0), (329.0, 755.9), (329.0, 755.3), (329.0, 755.0), (329.0, 755.9), (329.0, 755.3), (329.0, 755.0), (329.0, 755.9), (329.0, 755.3), (329.0, 755.0), (329.0, 755.9), (329.0, 755.3), (329.0, 755.0), (329.0, 755.9), (329.0, 755.3), (329.0, 755.0), (329.0, 755.9), (329.0, 755.3), (329.0, 755.0), (329.0, 755.9), (329.0, 755.3), (329.0, 755.0), (329.0, 755.9), (329.0, 755.3), (329.0, 755.0), (329.0, 755.9), (329.0, 755.3), (329.0, 755.0), (329.0, 755.9), (329.0, 755.3)]",0,0,5.02
speedrunner,meatboy,8,Stuck,2,0,-47.51,0.104,"[(329.0, 749.0), (281.7, 740.1), (265.0, 717.3), (265.0, 722.0), (265.0, 745.6), (227.7, 751.9), (147.7, 755.9), (73.0, 755.3), (73.0, 755.0), (73.0, 755.9), (73.0, 755.3), (73.0, 755.0), (73.0, 755.9), (73.0, 755.3), (73.0, 755.0), (73.0, 755.9), (73.0, 755.3), (73.0, 755.0), (73.0, 755.9), (73.0, 755.3), (73.0, 755.0), (73.0, 755.9), (73.0, 755.3), (73.0, 755.0), (73.0, 755.9), (73.0, 755.3), (73.0, 755.0), (73.0, 755.9), (73.0, 755.3), (73.0, 755.0), (73.0, 755.9), (73.0, 755.3), (73.0, 755.0), (73.0, 755.9), (73.0, 755.3), (73.0, 755.0), (73.0, 755.9), (73.0, 755.3), (73.0, 755.0)]",0,0,5.15
speedrunner,meatboy,8,Stuck,0,0,-49.81,0.104,"[(329.0, 749.0), (281.7, 755.3), (204.7, 755.0), (165.0, 755.9), (103.3, 755.3), (73.0, 755.0), (73.0, 755.9), (73.0, 755.3), (73.0, 755.0), (73.0, 755.9), (73.0, 755.3), (73.0, 755.0), (73.0, 755.9), (73.0, 755.3), (73.0, 755.0), (73.0, 755.9), (73.0, 755.3), (73.0, 755.0), (73.0, 755.9), (73.0, 755.3), (73.0, 755.0), (73.0, 755.9), (73.0, 755.3), (73.0, 755.0), (73.0, 755.9), (73.0, 755.3), (73.0, 755.0), (73.0, 755.9), (73.0, 755.3), (73.0, 755.0), (73.0, 755.9), (73.0, 755.3), (73.0, 755.0), (73.0, 755.9), (73.0, 755.3), (73.0, 755.0), (73.0, 755.9), (73.0, 755.3), (73.0, 755.0)]",0,0,5.13
speedrunner,meatboy,8,Stuck,6,0,-45.48,0.104,"[(329.0, 749.0), (281.7, 740.1), (265.0, 691.4), (265.0, 661.5), (265.0, 650.5), (265.0, 658.4), (263.7, 685.1), (207.7, 730.6), (129.0, 725.9), (73.0, 682.0), (73.0, 656.8), (73.0, 650.5), (73.0, 663.1), (73.0, 694.5), (73.0, 734.2), (73.0, 732.8), (73.0, 686.4), (73.0, 658.9), (73.0, 650.3), (73.0, 660.5), (73.0, 689.5), (73.0, 729.2), (73.0, 739.9), (73.0, 691.2), (73.0, 661.4), (73.0, 650.4), (73.0, 658.2), (73.0, 684.9), (73.0, 724.3), (73.0, 747.3), (73.0, 696.2), (73.0, 664.1), (73.0, 650.7), (73.0, 656.2), (73.0, 680.5), (73.0, 719.3), (73.0, 755.0), (73.0, 701.6), (73.0, 667.0), (73.0, 651.3), (73.0, 654.5)]",0,0,5.35
speedrunner,meatboy,8,Stuck,2,0,-47.51,0.104,"[(329.0, 749.0), (281.7, 740.1), (265.0, 717.3), (265.0, 722.0), (265.0, 745.6), (227.7, 751.9), (147.7, 755.9), (73.0, 755.3), (73.0, 755.0), (73.0, 755.9), (73.0, 755.3), (73.0, 755.0), (73.0, 755.9), (73.0, 755.3), (73.0, 755.0), (73.0, 755.9), (73.0, 755.3), (73.0, 755.0), (73.0, 755.9), (73.0, 755.3), (73.0, 755.0), (73.0, 755.9), (73.0, 755.3), (73.0, 755.0), (73.0, 755.9), (73.0, 755.3), (73.0, 755.0), (73.0, 755.9), (73.0, 755.3), (73.0, 755.0), (73.0, 755.9), (73.0, 755.3), (73.0, 755.0), (73.0, 755.9), (73.0, 755.3), (73.0, 755.0), (73.0, 755.9), (73.0, 755.3), (73.0, 755.0)]",0,0,5.15
speedrunner,meatboy,8,Stuck,0,0,-49.81,0.104,"[(329.0, 749.0), (281.7, 755.3), (204.7, 755.0), (165.0, 755.9), (103.3, 755.3), (73.0, 755.0), (73.0, 755.9), (73.0, 755.3), (73.0, 755.0), (73.0, 755.9), (73.0, 755.3), (73.0, 755.0), (73.0, 755.9), (73.0, 755.3), (73.0, 755.0), (73.0, 755.9), (73.0, 755.3), (73.0, 755.0), (73.0, 755.9), (73.0, 755.3), (73.0, 755.0), (73.0, 755.9), (73.0, 755.3), (73.0, 755.0), (73.0, 755.9), (73.0, 755.3), (73.0, 755.0), (73.0, 755.9), (73.0, 755.3), (73.0, 755.0), (73.0, 755.9), (73.0, 755.3), (73.0, 755.0), (73.0, 755.9), (73.0, 755.3), (73.0, 755.0), (73.0, 755.9), (73.0, 755.3), (73.0, 755.0)]",0,0,5.13
speedrunner,meatboy,8,Stuck,0,0,-46.49,0.104,"[(329.0, 749.0), (367.2, 755.3), (339.2, 755.0), (259.5, 755.9), (179.5, 755.3), (99.5, 755.0), (73.0, 755.9), (73.0, 755.3), (73.0, 755.0), (73.0, 755.9), (73.0, 755.3), (73.0, 755.0), (73.0, 755.9), (73.0, 755.3), (73.0, 755.0), (73.0, 755.9), (73.0, 755.3), (73.0, 755.0), (73.0, 755.9), (73.0, 755.3), (73.0, 755.0), (73.0, 755.9), (73.0, 755.3), (73.0, 755.0), (73.0, 755.9), (73.0, 755.3), (73.0, 755.0), (73.0, 755.9), (73.0, 755.3), (73.0, 755.0), (73.0, 755.9), (73.0, 755.3), (73.0, 755.0), (73.0, 755.9), (73.0, 755.3), (73.0, 755.0), (73.0, 755.9), (73.0, 755.3), (73.0, 755.0), (73.0, 755.9), (73.0, 755.3)]",0,0,5.37
speedrunner,meatboy,8,Stuck,5,0,54.75,0.896,"[(329.0, 749.0), (376.3, 745.3), (428.7, 728.7), (354.0, 719.3), (351.3, 728.8), (422.0, 755.0), (502.0, 744.1), (582.0, 739.4), (600.0, 732.5), (537.3, 727.8), (556.0, 742.0), (624.0, 755.3), (631.0, 713.2), (631.0, 673.9), (631.0, 653.5), (631.0, 651.9), (631.0, 669.2), (631.0, 705.3), (631.0, 755.0), (631.0, 755.9), (631.0, 755.3), (631.0, 755.0), (631.0, 755.9), (631.0, 755.3), (631.0, 755.0), (631.0, 755.9), (631.0, 755.3), (631.0, 755.0), (631.0, 755.9), (631.0, 755.3), (631.0, 755.0), (631.0, 755.9), (631.0, 755.3), (631.0, 755.0), (631.0, 755.9), (631.0, 755.3), (631.0, 755.0), (631.0, 755.9), (631.0, 755.3), (631.0, 755.0)]",0,0,5.27
speedrunner,meatboy,8,Stuck,6,0,-45.73,0.104,"[(329.0, 749.0), (281.7, 740.1), (265.0, 691.4), (265.0, 661.5), (265.0, 650.5), (265.0, 658.4), (263.7, 685.1), (207.7, 730.6), (127.7, 725.9), (73.0, 682.0), (73.0, 656.8), (73.0, 650.5), (73.0, 663.1), (73.0, 694.5), (73.0, 734.2), (73.0, 732.8), (73.0, 686.4), (73.0, 658.9), (73.0, 650.3), (73.0, 660.5), (73.0, 689.5), (73.0, 729.2), (73.0, 739.9), (73.0, 691.2), (73.0, 661.4), (73.0, 650.4), (73.0, 658.2), (73.0, 684.9), (73.0, 724.3), (73.0, 747.3), (73.0, 696.2), (73.0, 664.1), (73.0, 650.7), (73.0, 656.2), (73.0, 680.5), (73.0, 719.3), (73.0, 755.0), (73.0, 701.6), (73.0, 667.0), (73.0, 651.3), (73.0, 654.5)]",0,0,5.35
speedrunner,meatboy,8,Stuck,0,0,57.18,0.896,"[(329.0, 749.0), (376.3, 755.3), (456.3, 755.0), (536.3, 755.9), (616.3, 755.3), (631.0, 755.0), (631.0, 755.9), (631.0, 755.3), (631.0, 755.0), (631.0, 755.9), (631.0, 755.3), (631.0, 755.0), (631.0, 755.9), (631.0, 755.3), (631.0, 755.0), (631.0, 755.9), (631.0, 755.3), (631.0, 755.0), (631.0, 755.9), (631.0, 755.3), (631.0, 755.0), (631.0, 755.9), (631.0, 755.3), (631.0, 755.0), (631.0, 755.9), (631.0, 755.3), (631.0, 755.0), (631.0, 755.9), (631.0, 755.3), (631.0, 755.0), (631.0, 755.9), (631.0, 755.3), (631.0, 755.0), (631.0, 755.9), (631.0, 755.3), (631.0, 755.0), (631.0, 755.9), (631.0, 755.3), (631.0, 755.0), (631.0, 755.9)]",0,0,5.2
speedrunner,meatboy,8,Stuck,17,0,-40.18,0.12,"[(329.0, 749.0), (291.7, 755.3), (212.3, 755.0), (132.3, 755.9), (77.0, 755.3), (90.6, 755.0), (73.0, 727.9), (81.3, 725.6), (84.3, 742.1), (93.0, 755.3), (76.8, 731.4), (83.1, 736.1), (93.6, 755.0), (75.6, 731.1), (82.6, 735.8), (92.3, 755.0), (75.6, 724.7), (82.6, 727.1), (85.7, 748.3), (88.9, 740.2), (78.8, 730.8), (86.7, 740.2), (88.3, 739.9), (77.8, 730.5), (84.9, 739.9), (87.2, 739.9), (77.8, 723.5), (83.5, 730.6), (88.1, 755.0), (79.4, 736.1), (80.6, 731.4), (89.9, 745.5), (77.8, 735.8), (79.8, 731.1), (88.3, 745.2), (79.5, 730.6), (79.8, 723.5), (84.1, 735.3), (91.1, 755.9)]",0,0,5.15
speedrunner,meatboy,8,Stuck,6,0,-45.73,0.104,"[(329.0, 749.0), (281.7, 740.1), (265.0, 691.4), (265.0, 661.5), (265.0, 650.5), (265.0, 658.4), (263.7, 685.1), (207.7, 730.6), (127.7, 725.9), (73.0, 682.0), (73.0, 656.8), (73.0, 650.5), (73.0, 663.1), (73.0, 694.5), (73.0, 734.2), (73.0, 732.8), (73.0, 686.4), (73.0, 658.9), (73.0, 650.3), (73.0, 660.5), (73.0, 689.5), (73.0, 729.2), (73.0, 739.9), (73.0, 691.2), (73.0, 661.4), (73.0, 650.4), (73.0, 658.2), (73.0, 684.9), (73.0, 724.3), (73.0, 747.3), (73.0, 696.2), (73.0, 664.1), (73.0, 650.7), (73.0, 656.2), (73.0, 680.5), (73.0, 719.3), (73.0, 755.0), (73.0, 701.6), (73.0, 667.0), (73.0, 651.3), (73.0, 654.5)]",0,0,5.35
speedrunner,meatboy,8,Stuck,0,0,-48.18,0.104,"[(329.0, 749.0), (281.7, 755.3), (201.7, 755.0), (121.7, 755.9), (73.0, 755.3), (73.0, 755.0), (73.0, 755.9), (73.0, 755.3), (73.0, 755.0), (73.0, 755.9), (73.0, 755.3), (73.0, 755.0), (73.0, 755.9), (73.0, 755.3), (73.0, 755.0), (73.0, 755.9), (73.0, 755.3), (73.0, 755.0), (73.0, 755.9), (73.0, 755.3), (73.0, 755.0), (73.0, 755.9), (73.0, 755.3), (73.0, 755.0), (73.0, 755.9), (73.0, 755.3), (73.0, 755.0), (73.0, 755.9), (73.0, 755.3), (73.0, 755.0), (73.0, 755.9), (73.0, 755.3), (73.0, 755.0), (73.0, 755.9), (73.0, 755.3), (73.0, 755.0), (73.0, 755.9), (73.0, 755.3), (73.0, 755.0)]",0,0,5.13
speedrunner,meatboy,8,Stuck,6,0,-45.73,0.104,"[(329.0, 749.0), (281.7, 740.1), (265.0, 691.4), (265.0, 661.5), (265.0, 650.5), (265.0, 658.4), (263.7, 685.1), (207.7, 730.6), (127.7, 725.9), (73.0, 682.0), (73.0, 656.8), (73.0, 650.5), (73.0, 663.1), (73.0, 694.5), (73.0, 734.2), (73.0, 732.8), (73.0, 686.4), (73.0, 658.9), (73.0, 650.3), (73.0, 660.5), (73.0, 689.5), (73.0, 729.2), (73.0, 739.9), (73.0, 691.2), (73.0, 661.4), (73.0, 650.4), (73.0, 658.2), (73.0, 684.9), (73.0, 724.3), (73.0, 747.3), (73.0, 696.2), (73.0, 664.1), (73.0, 650.7), (73.0, 656.2), (73.0, 680.5), (73.0, 719.3), (73.0, 755.0), (73.0, 701.6), (73.0, 667.0), (73.0, 651.3), (73.0, 654.5)]",0,0,5.35
speedrunner,meatboy,8,Stuck,6,0,-45.73,0.104,"[(329.0, 749.0), (281.7, 740.1), (265.0, 691.4), (265.0, 661.5), (265.0, 650.5), (265.0, 658.4), (263.7, 685.1), (207.7, 730.6), (127.7, 725.9), (73.0, 682.0), (73.0, 656.8), (73.0, 650.5), (73.0, 663.1), (73.0, 694.5), (73.0, 734.2), (73.0, 732.8), (73.0, 686.4), (73.0, 658.9), (73.0, 650.3), (73.0, 660.5), (73.0, 689.5), (73.0, 729.2), (73.0, 739.9), (73.0, 691.2), (73.0, 661.4), (73.0, 650.4), (73.0, 658.2), (73.0, 684.9), (73.0, 724.3), (73.0, 747.3), (73.0, 696.2), (73.0, 664.1), (73.0, 650.7), (73.0, 656.2), (73.0, 680.5), (73.0, 719.3), (73.0, 755.0), (73.0, 701.6), (73.0, 667.0), (73.0, 651.3), (73.0, 654.5)]",0,0,5.35
speedrunner,meatboy,8,Stuck,6,0,-45.48,0.104,"[(329.0, 749.0), (281.7, 740.1), (265.0, 691.4), (265.0, 661.5), (265.0, 650.5), (265.0, 658.4), (263.7, 685.1), (207.7, 730.6), (129.0, 725.9), (73.0, 682.0), (73.0, 656.8), (73.0, 650.5), (73.0, 663.1), (73.0, 694.5), (73.0, 734.2), (73.0, 732.8), (73.0, 686.4), (73.0, 658.9), (73.0, 650.3), (73.0, 660.5), (73.0, 689.5), (73.0, 729.2), (73.0, 739.9), (73.0, 691.2), (73.0, 661.4), (73.0, 650.4), (73.0, 658.2), (73.0, 684.9), (73.0, 724.3), (73.0, 747.3), (73.0, 696.2), (73.0, 664.1), (73.0, 650.7), (73.0, 656.2), (73.0, 680.5), (73.0, 719.3), (73.0, 755.0), (73.0, 701.6), (73.0, 667.0), (73.0, 651.3), (73.0, 654.5)]",0,0,5.35
speedrunner,meatboy,8,Stuck,2,0,-47.51,0.104,"[(329.0, 749.0), (281.7, 740.1), (265.0, 717.3), (265.0, 722.0), (265.0, 745.6), (227.7, 751.9), (147.7, 755.9), (73.0, 755.3), (73.0, 755.0), (73.0, 755.9), (73.0, 755.3), (73.0, 755.0), (73.0, 755.9), (73.0, 755.3), (73.0, 755.0), (73.0, 755.9), (73.0, 755.3), (73.0, 755.0), (73.0, 755.9), (73.0, 755.3), (73.0, 755.0), (73.0, 755.9), (73.0, 755.3), (73.0, 755.0), (73.0, 755.9), (73.0, 755.3), (73.0, 755.0), (73.0, 755.9), (73.0, 755.3), (73.0, 755.0), (73.0, 755.9), (73.0, 755.3), (73.0, 755.0), (73.0, 755.9), (73.0, 755.3), (73.0, 755.0), (73.0, 755.9), (73.0, 755.3), (73.0, 755.0)]",0,0,5.15
speedrunner,meatboy,8,Stuck,6,0,-45.73,0.104,"[(329.0, 749.0), (281.7, 740.1), (265.0, 691.4), (265.0, 661.5), (265.0, 650.5), (265.0, 658.4), (263.7, 685.1), (207.7, 730.6), (127.7, 725.9), (73.0, 682.0), (73.0, 656.8), (73.0, 650.5), (73.0, 663.1), (73.0, 694.5), (73.0, 734.2), (73.0, 732.8), (73.0, 686.4), (73.0, 658.9), (73.0, 650.3), (73.0, 660.5), (73.0, 689.5), (73.0, 729.2), (73.0, 739.9), (73.0, 691.2), (73.0, 661.4), (73.0, 650.4), (73.0, 658.2), (73.0, 684.9), (73.0, 724.3), (73.0, 747.3), (73.0, 696.2), (73.0, 664.1), (73.0, 650.7), (73.0, 656.2), (73.0, 680.5), (73.0, 719.3), (73.0, 755.0), (73.0, 701.6), (73.0, 667.0), (73.0, 651.3), (73.0, 654.5)]",0,0,5.35
speedrunner,meatboy,8,Saw,2,0,29.26,0.506,"[(329.0, 749.0), (349.1, 740.1), (297.5, 691.4), (265.0, 661.5), (265.0, 650.5), (265.0, 658.4), (265.0, 685.1), (306.3, 668.9)]",0,0,1.02
speedrunner,meatboy,8,Stuck,6,0,-45.73,0.104,"[(329.0, 749.0), (281.7, 740.1), (265.0, 691.4), (265.0, 661.5), (265.0, 650.5), (265.0, 658.4), (263.7, 685.1), (207.7, 730.6), (127.7, 725.9), (73.0, 682.0), (73.0, 656.8), (73.0, 650.5), (73.0, 663.1), (73.0, 694.5), (73.0, 734.2), (73.0, 732.8), (73.0, 686.4), (73.0, 658.9), (73.0, 650.3), (73.0, 660.5), (73.0, 689.5), (73.0, 729.2), (73.0, 739.9), (73.0, 691.2), (73.0, 661.4), (73.0, 650.4), (73.0, 658.2), (73.0, 684.9), (73.0, 724.3), (73.0, 747.3), (73.0, 696.2), (73.0, 664.1), (73.0, 650.7), (73.0, 656.2), (73.0, 680.5), (73.0, 719.3), (73.0, 755.0), (73.0, 701.6), (73.0, 667.0), (73.0, 651.3), (73.0, 654.5)]",0,0,5.35
speedrunner,meatboy,8,Stuck,10,0,-12.46,0.359,"[(329.0, 749.0), (367.8, 740.1), (357.6, 691.4), (281.7, 661.5), (265.0, 650.5), (265.0, 658.4), (265.0, 685.1), (265.0, 724.5), (269.7, 747.3), (265.0, 696.2), (254.3, 664.1), (249.0, 650.7), (243.7, 656.2), (265.0, 680.5), (342.3, 723.7), (412.5, 732.8), (439.0, 686.4), (391.7, 658.9), (311.7, 650.3), (235.7, 660.5), (219.7, 689.5), (259.7, 737.4), (310.5, 755.9), (289.2, 702.5), (251.8, 667.9), (254.5, 655.7), (249.2, 662.8), (259.8, 688.7), (321.5, 733.5), (372.3, 747.3), (366.6, 696.2), (339.4, 664.1), (266.3, 650.7), (214.3, 656.2), (214.3, 680.5), (235.6, 723.7), (299.9, 755.0), (296.4, 714.1), (251.1, 674.8), (251.1, 656.9), (251.1, 659.2)]",0,0,5.4
speedrunner,meatboy,8,Stuck,6,0,-45.48,0.104,"[(329.0, 749.0), (281.7, 740.1), (265.0, 691.4), (265.0, 661.5), (265.0, 650.5), (265.0, 658.4), (263.7, 685.1), (207.7, 730.6), (129.0, 725.9), (73.0, 682.0), (73.0, 656.8), (73.0, 650.5), (73.0, 663.1), (73.0, 694.5), (73.0, 734.2), (73.0, 732.8), (73.0, 686.4), (73.0, 658.9), (73.0, 650.3), (73.0, 660.5), (73.0, 689.5), (73.0, 729.2), (73.0, 739.9), (73.0, 691.2), (73.0, 661.4), (73.0, 650.4), (73.0, 658.2), (73.0, 684.9), (73.0, 724.3), (73.0, 747.3), (73.0, 696.2), (73.0, 664.1), (73.0, 650.7), (73.0, 656.2), (73.0, 680.5), (73.0, 719.3), (73.0, 755.0), (73.0, 701.6), (73.0, 667.0), (73.0, 651.3), (73.0, 654.5)]",0,0,5.35
speedrunner,meatboy,8,Stuck,14,0,0.14,0.477,"[(329.0, 749.0), (370.4, 740.1), (439.0, 691.4), (391.7, 661.5), (349.0, 650.5), (297.0, 658.4), (265.0, 685.1), (265.0, 724.5), (269.7, 747.3), (292.5, 696.2), (257.6, 664.1), (197.6, 650.7), (194.9, 656.2), (194.9, 680.5), (194.9, 723.7), (209.1, 732.8), (220.2, 686.4), (215.3, 658.9), (210.4, 650.3), (205.6, 660.5), (200.7, 689.5), (195.8, 737.4), (214.5, 719.4), (218.1, 677.8), (218.9, 655.0), (219.8, 651.1), (220.7, 666.0), (221.6, 699.8), (254.5, 752.4), (331.9, 707.2), (363.9, 670.3), (311.9, 652.3), (235.9, 653.0), (219.9, 672.7), (219.9, 711.1), (270.0, 747.3), (345.4, 696.2), (356.1, 664.1), (289.4, 650.7), (222.7, 656.2), (217.4, 680.5), (222.7, 723.7), (286.8, 732.8)]",0,0,5.68
speedrunner,meatboy,8,Stuck,14,0,0.14,0.477,"[(329.0, 749.0), (370.4, 740.1), (439.0, 691.4), (391.7, 661.5), (349.0, 650.5), (297.0, 658.4), (265.0, 685.1), (265.0, 724.5), (269.7, 747.3), (292.5, 696.2), (257.6, 664.1), (197.6, 650.7), (194.9, 656.2), (194.9, 680.5), (194.9, 723.7), (209.1, 732.8), (220.2, 686.4), (215.3, 658.9), (210.4, 650.3), (205.6, 660.5), (200.7, 689.5), (195.8, 737.4), (214.5, 719.4), (218.1, 677.8), (218.9, 655.0), (219.8, 651.1), (220.7, 666.0), (221.6, 699.8), (254.5, 752.4), (331.9, 707.2), (363.9, 670.3), (311.9, 652.3), (235.9, 653.0), (219.9, 672.7), (219.9, 711.1), (270.0, 747.3), (345.4, 696.2), (356.1, 664.1), (289.4, 650.7), (222.7, 656.2), (217.4, 680.5), (222.7, 723.7), (286.8, 732.8)]",0,0,5.68
speedrunner,meatboy,8,Stuck,6,0,-45.48,0.104,"[(329.0, 749.0), (281.7, 740.1), (265.0, 691.4), (265.0, 661.5), (265.0, 650.5), (265.0, 658.4), (263.7, 685.1), (207.7, 730.6), (129.0, 725.9), (73.0, 682.0), (73.0, 656.8), (73.0, 650.5), (73.0, 663.1), (73.0, 694.5), (73.0, 734.2), (73.0, 732.8), (73.0, 686.4), (73.0, 658.9), (73.0, 650.3), (73.0, 660.5), (73.0, 689.5), (73.0, 729.2), (73.0, 739.9), (73.0, 691.2), (73.0, 661.4), (73.0, 650.4), (73.0, 658.2), (73.0, 684.9), (73.0, 724.3), (73.0, 747.3), (73.0, 696.2), (73.0, 664.1), (73.0, 650.7), (73.0, 656.2), (73.0, 680.5), (73.0, 719.3), (73.0, 755.0), (73.0, 701.6), (73.0, 667.0), (73.0, 651.3), (73.0, 654.5)]",0,0,5.35
speedrunner,meatboy,8,Stuck,10,0,-12.46,0.359,"[(329.0, 749.0), (367.8, 740.1), (357.6, 691.4), (281.7, 661.5), (265.0, 650.5), (265.0, 658.4), (265.0, 685.1), (265.0, 724.5), (269.7, 747.3), (265.0, 696.2), (254.3, 664.1), (249.0, 650.7), (243.7, 656.2), (265.0, 680.5), (342.3, 723.7), (412.5, 732.8), (439.0, 686.4), (391.7, 658.9), (311.7, 650.3), (235.7, 660.5), (219.7, 689.5), (259.7, 737.4), (310.5, 755.9), (289.2, 702.5), (251.8, 667.9), (254.5, 655.7), (249.2, 662.8), (259.8, 688.7), (321.5, 733.5), (372.3, 747.3), (366.6, 696.2), (339.4, 664.1), (266.3, 650.7), (214.3, 656.2), (214.3, 680.5), (235.6, 723.7), (299.9, 755.0), (296.4, 714.1), (251.1, 674.8), (251.1, 656.9), (251.1, 659.2)]",0,0,5.4
speedrunner,meatboy,8,Stuck,6,0,-45.73,0.104,"[(329.0, 749.0), (281.7, 740.1), (265.0, 691.4), (265.0, 661.5), (265.0, 650.5), (265.0, 658.4), (263.7, 685.1), (207.7, 730.6), (127.7, 725.9), (73.0, 682.0), (73.0, 656.8), (73.0, 650.5), (73.0, 663.1), (73.0, 694.5), (73.0, 734.2), (73.0, 732.8), (73.0, 686.4), (73.0, 658.9), (73.0, 650.3), (73.0, 660.5), (73.0, 689.5), (73.0, 729.2), (73.0, 739.9), (73.0, 691.2), (73.0, 661.4), (73.0, 650.4), (73.0, 658.2), (73.0, 684.9), (73.0, 724.3), (73.0, 747.3), (73.0, 696.2), (73.0, 664.1), (73.0, 650.7), (73.0, 656.2), (73.0, 680.5), (73.0, 719.3), (73.0, 755.0), (73.0, 701.6), (73.0, 667.0), (73.0, 651.3), (73.0, 654.5)]",0,0,5.35
speedrunner,meatboy,8,Stuck,6,0,-45.73,0.104,"[(329.0, 749.0), (281.7, 740.1), (265.0, 691.4), (265.0, 661.5), (265.0, 650.5), (265.0, 658.4), (263.7, 685.1), (207.7, 730.6), (127.7, 725.9), (73.0, 682.0), (73.0, 656.8), (73.0, 650.5), (73.0, 663.1), (73.0, 694.5), (73.0, 734.2), (73.0, 732.8), (73.0, 686.4), (73.0, 658.9), (73.0, 650.3), (73.0, 660.5), (73.0, 689.5), (73.0, 729.2), (73.0, 739.9), (73.0, 691.2), (73.0, 661.4), (73.0, 650.4), (73.0, 658.2), (73.0, 684.9), (73.0, 724.3), (73.0, 747.3), (73.0, 696.2), (73.0, 664.1), (73.0, 650.7), (73.0, 656.2), (73.0, 680.5), (73.0, 719.3), (73.0, 755.0), (73.0, 701.6), (73.0, 667.0), (73.0, 651.3), (73.0, 654.5)]",0,0,5.35
speedrunner,meatboy,8,Stuck,20,0,8.7,0.54,"[(329.0, 749.0), (370.4, 740.1), (400.2, 691.4), (348.6, 661.5), (268.6, 650.5), (265.0, 658.4), (265.0, 685.1), (265.0, 724.5), (269.7, 747.3), (283.5, 696.2), (254.6, 664.1), (287.1, 650.7), (367.1, 656.2), (439.0, 680.5), (428.3, 723.7), (420.3, 732.8), (373.0, 686.4), (293.0, 658.9), (221.0, 650.3), (210.3, 660.5), (213.0, 689.5), (273.0, 737.4), (323.8, 755.9), (347.8, 702.5), (361.2, 667.9), (296.2, 652.2), (224.2, 655.4), (213.5, 677.3), (256.2, 718.2), (330.3, 755.9), (342.0, 720.3), (379.3, 678.7), (382.0, 655.9), (384.7, 652.0), (387.3, 666.9), (390.0, 700.6), (439.0, 753.2), (420.3, 707.2), (399.0, 670.3), (393.7, 652.3), (388.3, 653.0), (383.0, 672.7)]",0,0,5.52
speedrunner,meatboy,8,Stuck,6,0,-45.73,0.104,"[(329.0, 749.0), (281.7, 740.1), (265.0, 691.4), (265.0, 661.5), (265.0, 650.5), (265.0, 658.4), (263.7, 685.1), (207.7, 730.6), (127.7, 725.9), (73.0, 682.0), (73.0, 656.8), (73.0, 650.5), (73.0, 663.1), (73.0, 694.5), (73.0, 734.2), (73.0, 732.8), (73.0, 686.4), (73.0, 658.9), (73.0, 650.3), (73.0, 660.5), (73.0, 689.5), (73.0, 729.2), (73.0, 739.9), (73.0, 691.2), (73.0, 661.4), (73.0, 650.4), (73.0, 658.2), (73.0, 684.9), (73.0, 724.3), (73.0, 747.3), (73.0, 696.2), (73.0, 664.1), (73.0, 650.7), (73.0, 656.2), (73.0, 680.5), (73.0, 719.3), (73.0, 755.0), (73.0, 701.6), (73.0, 667.0), (73.0, 651.3), (73.0, 654.5)]",0,0,5.35
speedrunner,meatboy,8,Stuck,2,0,-45.73,0.104,"[(329.0, 749.0), (281.7, 740.1), (265.0, 691.4), (265.0, 661.5), (265.0, 650.5), (265.0, 658.4), (263.7, 685.1), (207.7, 730.6), (127.7, 725.9), (73.0, 682.0), (73.0, 656.8), (73.0, 650.5), (73.0, 663.1), (73.0, 694.5), (73.0, 734.2), (73.0, 755.0), (73.0, 755.9), (73.0, 755.3), (73.0, 755.0), (73.0, 755.9), (73.0, 755.3), (73.0, 755.0), (73.0, 755.9), (73.0, 755.3), (73.0, 755.0), (73.0, 755.9), (73.0, 755.3), (73.0, 755.0), (73.0, 755.9), (73.0, 755.3), (73.0, 755.0), (73.0, 755.9), (73.0, 755.3), (73.0, 755.0), (73.0, 755.9), (73.0, 755.3), (73.0, 755.0), (73.0, 755.9), (73.0, 755.3), (73.0, 755.0), (73.0, 755.9)]",0,0,5.35
speedrunner,meatboy,8,Stuck,2,0,-45.48,0.104,"[(329.0, 749.0), (281.7, 740.1), (265.0, 691.4), (265.0, 661.5), (265.0, 650.5), (265.0, 658.4), (263.7, 685.1), (207.7, 730.6), (129.0, 725.9), (73.0, 682.0), (73.0, 656.8), (73.0, 650.5), (73.0, 663.1), (73.0, 694.5), (73.0, 734.2), (73.0, 755.0), (73.0, 755.9), (73.0, 755.3), (73.0, 755.0), (73.0, 755.9), (73.0, 755.3), (73.0, 755.0), (73.0, 755.9), (73.0, 755.3), (73.0, 755.0), (73.0, 755.9), (73.0, 755.3), (73.0, 755.0), (73.0, 755.9), (73.0, 755.3), (73.0, 755.0), (73.0, 755.9), (73.0, 755.3), (73.0, 755.0), (73.0, 755.9), (73.0, 755.3), (73.0, 755.0), (73.0, 755.9), (73.0, 755.3), (73.0, 755.0), (73.0, 755.9)]",0,0,5.35
speedrunner,meatboy,8,Stuck,6,0,-45.73,0.104,"[(329.0, 749.0), (281.7, 740.1), (265.0, 691.4), (265.0, 661.5), (265.0, 650.5), (265.0, 658.4), (263.7, 685.1), (207.7, 730.6), (127.7, 725.9), (73.0, 682.0), (73.0, 656.8), (73.0, 650.5), (73.0, 663.1), (73.0, 694.5), (73.0, 734.2), (73.0, 732.8), (73.0, 686.4), (73.0, 658.9), (73.0, 650.3), (73.0, 660.5), (73.0, 689.5), (73.0, 729.2), (73.0, 739.9), (73.0, 691.2), (73.0, 661.4), (73.0, 650.4), (73.0, 658.2), (73.0, 684.9), (73.0, 724.3), (73.0, 747.3), (73.0, 696.2), (73.0, 664.1), (73.0, 650.7), (73.0, 656.2), (73.0, 680.5), (73.0, 719.3), (73.0, 755.0), (73.0, 701.6), (73.0, 667.0), (73.0, 651.3), (73.0, 654.5)]",0,0,5.35
speedrunner,meatboy,8,Stuck,6,0,-45.73,0.104,"[(329.0, 749.0), (281.7, 740.1), (265.0, 691.4), (265.0, 661.5), (265.0, 650.5), (265.0, 658.4), (263.7, 685.1), (207.7, 730.6), (127.7, 725.9), (73.0, 682.0), (73.0, 656.8), (73.0, 650.5), (73.0, 663.1), (73.0, 694.5), (73.0, 734.2), (73.0, 732.8), (73.0, 686.4), (73.0, 658.9), (73.0, 650.3), (73.0, 660.5), (73.0, 689.5), (73.0, 729.2), (73.0, 739.9), (73.0, 691.2), (73.0, 661.4), (73.0, 650.4), (73.0, 658.2), (73.0, 684.9), (73.0, 724.3), (73.0, 747.3), (73.0, 696.2), (73.0, 664.1), (73.0, 650.7), (73.0, 656.2), (73.0, 680.5), (73.0, 719.3), (73.0, 755.0), (73.0, 701.6), (73.0, 667.0), (73.0, 651.3), (73.0, 654.5)]",0,0,5.35
speedrunner,meatboy,8,Stuck,2,0,-45.48,0.104,"[(329.0, 749.0), (281.7, 740.1), (265.0, 691.4), (265.0, 661.5), (265.0, 650.5), (265.0, 658.4), (263.7, 685.1), (207.7, 730.6), (129.0, 725.9), (73.0, 682.0), (73.0, 656.8), (73.0, 650.5), (73.0, 663.1), (73.0, 694.5), (73.0, 734.2), (73.0, 755.0), (73.0, 755.9), (73.0, 755.3), (73.0, 755.0), (73.0, 755.9), (73.0, 755.3), (73.0, 755.0), (73.0, 755.9), (73.0, 755.3), (73.0, 755.0), (73.0, 755.9), (73.0, 755.3), (73.0, 755.0), (73.0, 755.9), (73.0, 755.3), (73.0, 755.0), (73.0, 755.9), (73.0, 755.3), (73.0, 755.0), (73.0, 755.9), (73.0, 755.3), (73.0, 755.0), (73.0, 755.9), (73.0, 755.3), (73.0, 755.0), (73.0, 755.9)]",0,0,5.35
speedrunner,meatboy,8,Stuck,2,0,-45.73,0.104,"[(329.0, 749.0), (281.7, 740.1), (265.0, 691.4), (265.0, 661.5), (265.0, 650.5), (265.0, 658.4), (263.7, 685.1), (207.7, 730.6), (127.7, 725.9), (73.0, 682.0), (73.0, 656.8), (73.0, 650.5), (73.0, 663.1), (73.0, 694.5), (73.0, 734.2), (73.0, 755.0), (73.0, 755.9), (73.0, 755.3), (73.0, 755.0), (73.0, 755.9), (73.0, 755.3), (73.0, 755.0), (73.0, 755.9), (73.0, 755.3), (73.0, 755.0), (73.0, 755.9), (73.0, 755.3), (73.0, 755.0), (73.0, 755.9), (73.0, 755.3), (73.0, 755.0), (73.0, 755.9), (73.0, 755.3), (73.0, 755.0), (73.0, 755.9), (73.0, 755.3), (73.0, 755.0), (73.0, 755.9), (73.0, 755.3), (73.0, 755.0), (73.0, 755.9)]",0,0,5.35
speedrunner,meatboy,8,Stuck,6,0,-45.73,0.104,"[(329.0, 749.0), (281.7, 740.1), (265.0, 691.4), (265.0, 661.5), (265.0, 650.5), (265.0, 658.4), (263.7, 685.1), (207.7, 730.6), (127.7, 725.9), (73.0, 682.0), (73.0, 656.8), (73.0, 650.5), (73.0, 663.1), (73.0, 694.5), (73.0, 734.2), (73.0, 732.8), (73.0, 686.4), (73.0, 658.9), (73.0, 650.3), (73.0, 660.5), (73.0, 689.5), (73.0, 729.2), (73.0, 739.9), (73.0, 691.2), (73.0, 661.4), (73.0, 650.4), (73.0, 658.2), (73.0, 684.9), (73.0, 724.3), (73.0, 747.3), (73.0, 696.2), (73.0, 664.1), (73.0, 650.7), (73.0, 656.2), (73.0, 680.5), (73.0, 719.3), (73.0, 755.0), (73.0, 701.6), (73.0, 667.0), (73.0, 651.3), (73.0, 654.5)]",0,0,5.35
speedrunner,meatboy,8,Stuck,2,0,-45.73,0.104,"[(329.0, 749.0), (281.7, 740.1), (265.0, 691.4), (265.0, 661.5), (265.0, 650.5), (265.0, 658.4), (263.7, 685.1), (207.7, 730.6), (127.7, 725.9), (73.0, 682.0), (73.0, 656.8), (73.0, 650.5), (73.0, 663.1), (73.0, 694.5), (73.0, 734.2), (73.0, 755.0), (73.0, 755.9), (73.0, 755.3), (73.0, 755.0), (73.0, 755.9), (73.0, 755.3), (73.0, 755.0), (73.0, 755.9), (73.0, 755.3), (73.0, 755.0), (73.0, 755.9), (73.0, 755.3), (73.0, 755.0), (73.0, 755.9), (73.0, 755.3), (73.0, 755.0), (73.0, 755.9), (73.0, 755.3), (73.0, 755.0), (73.0, 755.9), (73.0, 755.3), (73.0, 755.0), (73.0, 755.9), (73.0, 755.3), (73.0, 755.0), (73.0, 755.9)]",0,0,5.35
speedrunner,meatboy,8,Stuck,12,0,41.73,0.787,"[(329.0, 749.0), (367.2, 747.3), (352.1, 696.2), (274.9, 664.1), (265.0, 650.7), (265.0, 656.2), (265.0, 680.5), (265.0, 719.3), (275.1, 755.0), (265.0, 707.5), (285.0, 674.0), (362.3, 669.3), (439.0, 683.4), (439.0, 716.4), (438.4, 747.3), (406.8, 696.2), (326.9, 664.1), (246.9, 650.7), (214.9, 656.2), (230.9, 680.5), (306.9, 723.7), (375.2, 755.0), (374.4, 719.4), (419.4, 710.0), (499.4, 719.5), (579.4, 747.8), (627.0, 713.2), (563.7, 673.9), (483.7, 653.5), (423.7, 661.2), (431.7, 688.3), (503.7, 734.3), (581.1, 719.4), (627.0, 677.8), (563.7, 655.0), (483.7, 651.1), (441.0, 666.0), (483.7, 699.8), (563.7, 752.4), (631.0, 707.2), (583.7, 670.3)]",0,0,5.38
speedrunner,meatboy,8,Stuck,6,0,-45.37,0.104,"[(329.0, 749.0), (362.4, 740.1), (392.2, 691.4), (340.6, 661.5), (265.0, 650.5), (265.0, 658.4), (265.0, 685.1), (265.0, 724.5), (269.7, 747.3), (283.5, 696.2), (223.8, 664.1), (143.8, 650.7), (73.0, 656.2), (73.0, 680.5), (73.0, 719.3), (73.0, 755.0), (73.0, 701.6), (73.0, 667.0), (73.0, 651.3), (73.0, 654.5), (73.0, 676.4), (73.0, 714.3), (73.0, 754.0), (73.0, 707.2), (73.0, 670.3), (73.0, 652.3), (73.0, 653.0), (73.0, 672.7), (73.0, 709.4), (73.0, 749.1), (73.0, 713.2), (73.0, 673.9), (73.0, 653.5), (73.0, 651.9), (73.0, 669.2), (73.0, 704.4), (73.0, 744.1), (73.0, 719.4), (73.0, 677.8), (73.0, 655.0), (73.0, 651.1), (73.0, 666.0)]",0,0,5.5
speedrunner,meatboy,8,Stuck,38,0,54.61,0.894,"[(329.0, 749.0), (367.2, 747.3), (436.9, 696.2), (437.7, 664.1), (437.7, 650.7), (437.7, 656.2), (437.7, 680.5), (475.0, 723.7), (555.0, 740.2), (631.0, 691.5), (631.0, 661.6), (631.0, 650.6), (631.0, 658.5), (631.0, 685.2), (631.0, 730.7), (631.0, 725.9), (631.0, 682.0), (631.0, 656.8), (629.7, 650.5), (629.7, 663.1), (629.7, 694.5), (629.7, 744.7), (631.0, 713.2), (631.0, 673.9), (631.0, 653.5), (631.0, 651.9), (631.0, 669.2), (631.0, 705.3), (631.0, 755.0), (631.0, 701.6), (631.0, 667.0), (629.7, 651.3), (629.7, 654.5), (629.7, 676.4), (629.7, 717.3), (631.1, 739.9), (631.0, 691.2), (631.0, 661.4), (631.0, 650.4), (631.0, 658.2), (631.0, 684.9)]",0,0,5.37
speedrunner,meatboy,8,Stuck,6,0,-45.73,0.104,"[(329.0, 749.0), (281.7, 740.1), (265.0, 691.4), (265.0, 661.5), (265.0, 650.5), (265.0, 658.4), (263.7, 685.1), (207.7, 730.6), (127.7, 725.9), (73.0, 682.0), (73.0, 656.8), (73.0, 650.5), (73.0, 663.1), (73.0, 694.5), (73.0, 734.2), (73.0, 732.8), (73.0, 686.4), (73.0, 658.9), (73.0, 650.3), (73.0, 660.5), (73.0, 689.5), (73.0, 729.2), (73.0, 739.9), (73.0, 691.2), (73.0, 661.4), (73.0, 650.4), (73.0, 658.2), (73.0, 684.9), (73.0, 724.3), (73.0, 747.3), (73.0, 696.2), (73.0, 664.1), (73.0, 650.7), (73.0, 656.2), (73.0, 680.5), (73.0, 719.3), (73.0, 755.0), (73.0, 701.6), (73.0, 667.0), (73.0, 651.3), (73.0, 654.5)]",0,0,5.35
speedrunner,meatboy,8,Stuck,7,0,-45.73,0.104,"[(329.0, 749.0), (281.7, 740.1), (265.0, 691.4), (265.0, 661.5), (265.0, 650.5), (265.0, 658.4), (263.7, 685.1), (207.7, 730.6), (127.7, 725.9), (73.0, 682.0), (73.0, 656.8), (73.0, 650.5), (73.0, 663.1), (73.0, 694.5), (73.0, 734.2), (73.0, 732.8), (73.0, 686.4), (73.0, 658.9), (73.0, 650.3), (73.0, 660.5), (73.0, 689.5), (73.0, 729.2), (73.0, 739.9), (73.0, 691.2), (73.0, 661.4), (73.0, 650.4), (73.0, 658.2), (73.0, 684.9), (73.0, 724.3), (73.0, 747.3), (73.0, 696.2), (73.0, 664.1), (73.0, 650.7), (73.0, 656.2), (73.0, 680.5), (73.0, 719.3), (73.0, 755.0), (73.0, 701.6), (73.0, 667.0), (73.0, 651.3), (73.0, 654.5)]",0,0,5.35
speedrunner,meatboy,8,Stuck,7,0,-45.73,0.104,"[(329.0, 749.0), (281.7, 740.1), (265.0, 691.4), (265.0, 661.5), (265.0, 650.5), (265.0, 658.4), (263.7, 685.1), (207.7, 730.6), (127.7, 725.9), (73.0, 682.0), (73.0, 656.8), (73.0, 650.5), (73.0, 663.1), (73.0, 694.5), (73.0, 734.2), (73.0, 732.8), (73.0, 686.4), (73.0, 658.9), (73.0, 650.3), (73.0, 660.5), (73.0, 689.5), (73.0, 729.2), (73.0, 739.9), (73.0, 691.2), (73.0, 661.4), (73.0, 650.4), (73.0, 658.2), (73.0, 684.9), (73.0, 724.3), (73.0, 747.3), (73.0, 696.2), (73.0, 664.1), (73.0, 650.7), (73.0, 656.2), (73.0, 680.5), (73.0, 719.3), (73.0, 755.0), (73.0, 701.6), (73.0, 667.0), (73.0, 651.3), (73.0, 654.5)]",0,0,5.35
speedrunner,meatboy,8,Stuck,6,0,-45.73,0.104,"[(329.0, 749.0), (281.7, 740.1), (265.0, 691.4), (265.0, 661.5), (265.0, 650.5), (265.0, 658.4), (263.7, 685.1), (207.7, 730.6), (127.7, 725.9), (73.0, 682.0), (73.0, 656.8), (73.0, 650.5), (73.0, 663.1), (73.0, 694.5), (73.0, 734.2), (73.0, 732.8), (73.0, 686.4), (73.0, 658.9), (73.0, 650.3), (73.0, 660.5), (73.0, 689.5), (73.0, 729.2), (73.0, 739.9), (73.0, 691.2), (73.0, 661.4), (73.0, 650.4), (73.0, 658.2), (73.0, 684.9), (73.0, 724.3), (73.0, 747.3), (73.0, 696.2), (73.0, 664.1), (73.0, 650.7), (73.0, 656.2), (73.0, 680.5), (73.0, 719.3), (73.0, 755.0), (73.0, 701.6), (73.0, 667.0), (73.0, 651.3), (73.0, 654.5)]",0,0,5.35
speedrunner,meatboy,8,Stuck,6,0,-45.37,0.104,"[(329.0, 749.0), (362.4, 740.1), (392.2, 691.4), (340.6, 661.5), (265.0, 650.5), (265.0, 658.4), (265.0, 685.1), (265.0, 724.5), (269.7, 747.3), (283.5, 696.2), (223.8, 664.1), (143.8, 650.7), (73.0, 656.2), (73.0, 680.5), (73.0, 719.3), (73.0, 755.0), (73.0, 701.6), (73.0, 667.0), (73.0, 651.3), (73.0, 654.5), (73.0, 676.4), (73.0, 714.3), (73.0, 754.0), (73.0, 707.2), (73.0, 670.3), (73.0, 652.3), (73.0, 653.0), (73.0, 672.7), (73.0, 709.4), (73.0, 749.1), (73.0, 713.2), (73.0, 673.9), (73.0, 653.5), (73.0, 651.9), (73.0, 669.2), (73.0, 704.4), (73.0, 744.1), (73.0, 719.4), (73.0, 677.8), (73.0, 655.0), (73.0, 651.1), (73.0, 666.0)]",0,0,5.5
speedrunner,meatboy,8,Stuck,12,0,41.73,0.787,"[(329.0, 749.0), (367.2, 747.3), (352.1, 696.2), (274.9, 664.1), (265.0, 650.7), (265.0, 656.2), (265.0, 680.5), (265.0, 719.3), (275.1, 755.0), (265.0, 707.5), (285.0, 674.0), (362.3, 669.3), (439.0, 683.4), (439.0, 716.4), (438.4, 747.3), (406.8, 696.2), (326.9, 664.1), (246.9, 650.7), (214.9, 656.2), (230.9, 680.5), (306.9, 723.7), (375.2, 755.0), (374.4, 719.4), (419.4, 710.0), (499.4, 719.5), (579.4, 747.8), (627.0, 713.2), (563.7, 673.9), (483.7, 653.5), (423.7, 661.2), (431.7, 688.3), (503.7, 734.3), (581.1, 719.4), (627.0, 677.8), (563.7, 655.0), (483.7, 651.1), (441.0, 666.0), (483.7, 699.8), (563.7, 752.4), (631.0, 707.2), (583.7, 670.3)]",0,0,5.38
speedrunner,meatboy,8,Stuck,7,0,-45.73,0.104,"[(329.0, 749.0), (281.7, 740.1), (265.0, 691.4), (265.0, 661.5), (265.0, 650.5), (265.0, 658.4), (263.7, 685.1), (207.7, 730.6), (127.7, 725.9), (73.0, 682.0), (73.0, 656.8), (73.0, 650.5), (73.0, 663.1), (73.0, 694.5), (73.0, 734.2), (73.0, 732.8), (73.0, 686.4), (73.0, 658.9), (73.0, 650.3), (73.0, 660.5), (73.0, 689.5), (73.0, 729.2), (73.0, 739.9), (73.0, 691.2), (73.0, 661.4), (73.0, 650.4), (73.0, 658.2), (73.0, 684.9), (73.0, 724.3), (73.0, 747.3), (73.0, 696.2), (73.0, 664.1), (73.0, 650.7), (73.0, 656.2), (73.0, 680.5), (73.0, 719.3), (73.0, 755.0), (73.0, 701.6), (73.0, 667.0), (73.0, 651.3), (73.0, 654.5)]",0,0,5.35
speedrunner,meatboy,8,Stuck,2,0,-44.34,0.104,"[(329.0, 749.0), (370.4, 740.1), (439.0, 691.4), (391.7, 661.5), (311.7, 650.5), (265.0, 658.4), (265.0, 685.1), (265.0, 724.5), (269.7, 755.3), (265.0, 701.9), (258.3, 667.3), (195.0, 651.6), (115.0, 654.8), (73.0, 676.7), (73.0, 714.6), (73.0, 754.3), (73.0, 755.3), (73.0, 755.0), (73.0, 755.9), (73.0, 755.3), (73.0, 755.0), (73.0, 755.9), (73.0, 755.3), (73.0, 755.0), (73.0, 755.9), (73.0, 755.3), (73.0, 755.0), (73.0, 755.9), (73.0, 755.3), (73.0, 755.0), (73.0, 755.9), (73.0, 755.3), (73.0, 755.0), (73.0, 755.9), (73.0, 755.3), (73.0, 755.0), (73.0, 755.9), (73.0, 755.3), (73.0, 755.0), (73.0, 755.9), (73.0, 755.3), (73.0, 755.0)]",0,0,5.58
speedrunner,meatboy,8,Stuck,1,0,-48.18,0.104,"[(329.0, 749.0), (281.7, 755.3), (201.7, 755.0), (121.7, 755.9), (73.0, 755.3), (73.0, 755.0), (73.0, 755.9), (73.0, 755.3), (73.0, 755.0), (73.0, 755.9), (73.0, 755.3), (73.0, 755.0), (73.0, 755.9), (73.0, 755.3), (73.0, 755.0), (73.0, 755.9), (73.0, 755.3), (73.0, 755.0), (73.0, 755.9), (73.0, 755.3), (73.0, 755.0), (73.0, 755.9), (73.0, 755.3), (73.0, 755.0), (73.0, 755.9), (73.0, 755.3), (73.0, 755.0), (73.0, 755.9), (73.0, 755.3), (73.0, 755.0), (73.0, 755.9), (73.0, 755.3), (73.0, 755.0), (73.0, 755.9), (73.0, 755.3), (73.0, 755.0), (73.0, 755.9), (73.0, 755.3), (73.0, 755.0)]",0,0,5.13
speedrunner,meatboy,8,Stuck,2,0,-45.73,0.104,"[(329.0, 749.0), (281.7, 740.1), (265.0, 691.4), (265.0, 661.5), (265.0, 650.5), (265.0, 658.4), (263.7, 685.1), (207.7, 730.6), (127.7, 725.9), (73.0, 682.0), (73.0, 656.8), (73.0, 650.5), (73.0, 663.1), (73.0, 694.5), (73.0, 734.2), (73.0, 755.0), (73.0, 755.9), (73.0, 755.3), (73.0, 755.0), (73.0, 755.9), (73.0, 755.3), (73.0, 755.0), (73.0, 755.9), (73.0, 755.3), (73.0, 755.0), (73.0, 755.9), (73.0, 755.3), (73.0, 755.0), (73.0, 755.9), (73.0, 755.3), (73.0, 755.0), (73.0, 755.9), (73.0, 755.3), (73.0, 755.0), (73.0, 755.9), (73.0, 755.3), (73.0, 755.0), (73.0, 755.9), (73.0, 755.3), (73.0, 755.0), (73.0, 755.9)]",0,0,5.35
speedrunner,meatboy,8,Stuck,6,0,-45.73,0.104,"[(329.0, 749.0), (281.7, 740.1), (265.0, 691.4), (265.0, 661.5), (265.0, 650.5), (265.0, 658.4), (263.7, 685.1), (207.7, 730.6), (127.7, 725.9), (73.0, 682.0), (73.0, 656.8), (73.0, 650.5), (73.0, 663.1), (73.0, 694.5), (73.0, 734.2), (73.0, 732.8), (73.0, 686.4), (73.0, 658.9), (73.0, 650.3), (73.0, 660.5), (73.0, 689.5), (73.0, 729.2), (73.0, 739.9), (73.0, 691.2), (73.0, 661.4), (73.0, 650.4), (73.0, 658.2), (73.0, 684.9), (73.0, 724.3), (73.0, 747.3), (73.0, 696.2), (73.0, 664.1), (73.0, 650.7), (73.0, 656.2), (73.0, 680.5), (73.0, 719.3), (73.0, 755.0), (73.0, 701.6), (73.0, 667.0), (73.0, 651.3), (73.0, 654.5)]",0,0,5.35
speedrunner,meatboy,8,Stuck,77,0,-45.22,0.104,"[(329.0, 749.0), (370.4, 740.1), (381.6, 691.4), (315.2, 661.5), (265.0, 650.5), (265.0, 658.4), (265.0, 685.1), (265.0, 724.5), (269.7, 747.3), (283.5, 730.6), (263.7, 737.7), (291.2, 747.3), (355.1, 730.6), (407.1, 737.7), (404.4, 751.3), (404.4, 746.6), (401.7, 751.3), (401.7, 746.6), (399.1, 751.4), (399.1, 746.7), (396.4, 751.4), (396.4, 746.7), (393.7, 751.5), (393.7, 746.8), (391.1, 751.5), (391.1, 746.8), (388.4, 751.6), (388.4, 746.9), (385.7, 751.6), (385.7, 746.9), (383.1, 751.6), (383.1, 747.0), (380.4, 751.7), (380.4, 747.0), (377.7, 751.7), (377.7, 747.0), (372.4, 747.3), (337.7, 696.2), (257.7, 664.1), (177.7, 650.7), (97.7, 656.2)]",0,0,5.45
speedrunner,meatboy,8,Stuck,77,0,-45.22,0.104,"[(329.0, 749.0), (370.4, 740.1), (381.6, 691.4), (315.2, 661.5), (265.0, 650.5), (265.0, 658.4), (265.0, 685.1), (265.0, 724.5), (269.7, 747.3), (283.5, 730.6), (263.7, 737.7), (291.2, 747.3), (355.1, 730.6), (407.1, 737.7), (404.4, 751.3), (404.4, 746.6), (401.7, 751.3), (401.7, 746.6), (399.1, 751.4), (399.1, 746.7), (396.4, 751.4), (396.4, 746.7), (393.7, 751.5), (393.7, 746.8), (391.1, 751.5), (391.1, 746.8), (388.4, 751.6), (388.4, 746.9), (385.7, 751.6), (385.7, 746.9), (383.1, 751.6), (383.1, 747.0), (380.4, 751.7), (380.4, 747.0), (377.7, 751.7), (377.7, 747.0), (372.4, 747.3), (337.7, 696.2), (257.7, 664.1), (177.7, 650.7), (97.7, 656.2)]",0,0,5.45
speedrunner,meatboy,8,Stuck,6,0,-45.73,0.104,"[(329.0, 749.0), (281.7, 740.1), (265.0, 691.4), (265.0, 661.5), (265.0, 650.5), (265.0, 658.4), (263.7, 685.1), (207.7, 730.6), (127.7, 725.9), (73.0, 682.0), (73.0, 656.8), (73.0, 650.5), (73.0, 663.1), (73.0, 694.5), (73.0, 734.2), (73.0, 732.8), (73.0, 686.4), (73.0, 658.9), (73.0, 650.3), (73.0, 660.5), (73.0, 689.5), (73.0, 729.2), (73.0, 739.9), (73.0, 691.2), (73.0, 661.4), (73.0, 650.4), (73.0, 658.2), (73.0, 684.9), (73.0, 724.3), (73.0, 747.3), (73.0, 696.2), (73.0, 664.1), (73.0, 650.7), (73.0, 656.2), (73.0, 680.5), (73.0, 719.3), (73.0, 755.0), (73.0, 701.6), (73.0, 667.0), (73.0, 651.3), (73.0, 654.5)]",0,0,5.35
speedrunner,meatboy,8,Stuck,2,0,-45.73,0.104,"[(329.0, 749.0), (281.7, 740.1), (265.0, 691.4), (265.0, 661.5), (265.0, 650.5), (265.0, 658.4), (263.7, 685.1), (207.7, 730.6), (127.7, 725.9), (73.0, 682.0), (73.0, 656.8), (73.0, 650.5), (73.0, 663.1), (73.0, 694.5), (73.0, 734.2), (73.0, 755.0), (73.0, 755.9), (73.0, 755.3), (73.0, 755.0), (73.0, 755.9), (73.0, 755.3), (73.0, 755.0), (73.0, 755.9), (73.0, 755.3), (73.0, 755.0), (73.0, 755.9), (73.0, 755.3), (73.0, 755.0), (73.0, 755.9), (73.0, 755.3), (73.0, 755.0), (73.0, 755.9), (73.0, 755.3), (73.0, 755.0), (73.0, 755.9), (73.0, 755.3), (73.0, 755.0), (73.0, 755.9), (73.0, 755.3), (73.0, 755.0), (73.0, 755.9)]",0,0,5.35
speedrunner,meatboy,8,Stuck,2,0,-44.34,0.104,"[(329.0, 749.0), (370.4, 740.1), (439.0, 691.4), (391.7, 661.5), (311.7, 650.5), (265.0, 658.4), (265.0, 685.1), (265.0, 724.5), (269.7, 755.3), (265.0, 701.9), (258.3, 667.3), (195.0, 651.6), (115.0, 654.8), (73.0, 676.7), (73.0, 714.6), (73.0, 754.3), (73.0, 755.3), (73.0, 755.0), (73.0, 755.9), (73.0, 755.3), (73.0, 755.0), (73.0, 755.9), (73.0, 755.3), (73.0, 755.0), (73.0, 755.9), (73.0, 755.3), (73.0, 755.0), (73.0, 755.9), (73.0, 755.3), (73.0, 755.0), (73.0, 755.9), (73.0, 755.3), (73.0, 755.0), (73.0, 755.9), (73.0, 755.3), (73.0, 755.0), (73.0, 755.9), (73.0, 755.3), (73.0, 755.0), (73.0, 755.9), (73.0, 755.3), (73.0, 755.0)]",0,0,5.58
speedrunner,meatboy,8,Stuck,11,0,32.4,0.73,"[(329.0, 749.0), (370.4, 740.1), (439.0, 691.4), (433.7, 661.5), (439.0, 650.5), (439.0, 658.4), (439.0, 685.1), (495.0, 730.6), (572.4, 725.9), (627.0, 682.0), (563.7, 656.8), (483.7, 650.5), (441.0, 663.1), (483.7, 694.5), (563.7, 744.7), (631.0, 713.2), (583.7, 673.9), (503.7, 653.5), (443.7, 651.9), (465.0, 669.2), (543.7, 705.3), (623.7, 755.0), (631.0, 701.6), (583.7, 667.0), (503.7, 651.3), (443.7, 654.5), (465.0, 676.4), (543.7, 717.3), (621.1, 739.9), (627.0, 691.2), (563.7, 661.4), (483.7, 650.4), (441.0, 658.2), (483.7, 684.9), (563.7, 730.4), (631.0, 725.9), (617.7, 682.0), (543.7, 656.8), (465.0, 650.5), (443.7, 663.1), (503.7, 694.5)]",0,0,5.35
speedrunner,meatboy,8,Stuck,11,0,52.74,0.882,"[(329.0, 749.0), (370.4, 740.1), (434.5, 691.4), (401.7, 661.5), (321.7, 650.5), (265.0, 658.4), (265.0, 685.1), (265.0, 724.5), (275.2, 747.3), (310.7, 696.2), (385.1, 664.1), (437.1, 650.7), (437.1, 656.2), (447.7, 680.5), (513.9, 655.4), (573.9, 613.8), (552.6, 591.0), (489.0, 587.1), (489.0, 602.0), (493.0, 635.8), (556.3, 688.4), (631.0, 755.0), (583.7, 701.6), (503.7, 667.0), (423.7, 651.3), (371.7, 654.5), (403.7, 676.4), (483.7, 717.3), (561.1, 739.9), (631.0, 691.2), (583.7, 661.4), (503.7, 650.4), (461.0, 658.2), (503.7, 684.9), (583.7, 730.4), (627.0, 725.9), (563.7, 682.0), (483.7, 656.8), (407.7, 650.5), (397.0, 663.1), (463.7, 694.5), (543.7, 744.7), (621.1, 713.2)]",0,0,5.6
speedrunner,meatboy,8,Stuck,5,0,-44.51,0.104,"[(329.0, 749.0), (367.2, 755.3), (363.2, 713.2), (297.9, 673.9), (265.0, 653.5), (265.0, 651.9), (265.0, 669.2), (265.0, 704.4), (265.0, 744.1), (266.3, 733.6), (327.0, 712.1), (375.0, 714.5), (345.7, 735.7), (271.3, 732.8), (244.7, 695.9), (172.7, 693.5), (92.7, 710.0), (73.0, 744.7), (73.0, 755.9), (73.0, 755.3), (73.0, 755.0), (73.0, 755.9), (73.0, 755.3), (73.0, 755.0), (73.0, 755.9), (73.0, 755.3), (73.0, 755.0), (73.0, 755.9), (73.0, 755.3), (73.0, 755.0), (73.0, 755.9), (73.0, 755.3), (73.0, 755.0), (73.0, 755.9), (73.0, 755.3), (73.0, 755.0), (73.0, 755.9), (73.0, 755.3), (73.0, 755.0), (73.0, 755.9), (73.0, 755.3)]",0,0,5.42
speedrunner,meatboy,8,Stuck,12,0,8.55,0.532,"[(329.0, 749.0), (370.4, 740.1), (439.0, 691.4), (391.7, 661.5), (311.7, 650.5), (265.0, 658.4), (265.0, 685.1), (265.0, 724.5), (269.7, 747.3), (275.5, 696.2), (327.8, 664.1), (406.5, 650.7), (430.5, 656.2), (435.8, 680.5), (502.5, 723.7), (579.9, 732.8), (627.0, 686.4), (563.7, 658.9), (489.0, 650.3), (502.3, 660.5), (576.3, 689.5), (629.7, 737.4), (600.3, 719.4), (521.0, 677.8), (441.0, 655.0), (361.0, 651.1), (281.0, 666.0), (229.0, 699.8), (261.0, 752.4), (296.4, 733.1), (361.1, 700.5), (441.1, 700.5), (521.1, 719.4), (601.1, 755.0), (617.7, 701.6), (543.7, 667.0), (463.7, 651.3), (383.7, 654.5), (303.7, 676.4), (237.0, 717.3), (241.1, 739.9), (304.7, 691.2)]",0,0,5.58
speedrunner,meatboy,8,Stuck,4,0,-45.5,0.104,"[(329.0, 749.0), (359.8, 740.1), (368.2, 691.4), (301.8, 661.5), (265.0, 650.5), (265.0, 658.4), (265.0, 685.1), (265.0, 724.5), (269.7, 747.3), (278.2, 696.2), (307.9, 664.1), (362.9, 650.7), (405.6, 656.2), (362.9, 680.5), (282.9, 723.7), (222.9, 732.8), (217.6, 686.4), (217.6, 658.9), (214.9, 650.3), (154.9, 660.5), (74.9, 689.5), (73.0, 729.2), (73.0, 755.9), (73.0, 755.3), (73.0, 755.0), (73.0, 755.9), (73.0, 755.3), (73.0, 755.0), (73.0, 755.9), (73.0, 755.3), (73.0, 755.0), (73.0, 755.9), (73.0, 755.3), (73.0, 755.0), (73.0, 755.9), (73.0, 755.3), (73.0, 755.0), (73.0, 755.9), (73.0, 755.3), (73.0, 755.0), (73.0, 755.9)]",0,0,5.43
speedrunner,meatboy,8,Stuck,6,0,-45.73,0.104,"[(329.0, 749.0), (281.7, 740.1), (265.0, 691.4), (265.0, 661.5), (265.0, 650.5), (265.0, 658.4), (263.7, 685.1), (207.7, 730.6), (127.7, 725.9), (73.0, 682.0), (73.0, 656.8), (73.0, 650.5), (73.0, 663.1), (73.0, 694.5), (73.0, 734.2), (73.0, 732.8), (73.0, 686.4), (73.0, 658.9), (73.0, 650.3), (73.0, 660.5), (73.0, 689.5), (73.0, 729.2), (73.0, 739.9), (73.0, 691.2), (73.0, 661.4), (73.0, 650.4), (73.0, 658.2), (73.0, 684.9), (73.0, 724.3), (73.0, 747.3), (73.0, 696.2), (73.0, 664.1), (73.0, 650.7), (73.0, 656.2), (73.0, 680.5), (73.0, 719.3), (73.0, 755.0), (73.0, 701.6), (73.0, 667.0), (73.0, 651.3), (73.0, 654.5)]",0,0,5.35
speedrunner,meatboy,8,Stuck,6,0,-45.73,0.104,"[(329.0, 749.0), (281.7, 740.1), (265.0, 691.4), (265.0, 661.5), (265.0, 650.5), (265.0, 658.4), (263.7, 685.1), (207.7, 730.6), (127.7, 725.9), (73.0, 682.0), (73.0, 656.8), (73.0, 650.5), (73.0, 663.1), (73.0, 694.5), (73.0, 734.2), (73.0, 732.8), (73.0, 686.4), (73.0, 658.9), (73.0, 650.3), (73.0, 660.5), (73.0, 689.5), (73.0, 729.2), (73.0, 739.9), (73.0, 691.2), (73.0, 661.4), (73.0, 650.4), (73.0, 658.2), (73.0, 684.9), (73.0, 724.3), (73.0, 747.3), (73.0, 696.2), (73.0, 664.1), (73.0, 650.7), (73.0, 656.2), (73.0, 680.5), (73.0, 719.3), (73.0, 755.0), (73.0, 701.6), (73.0, 667.0), (73.0, 651.3), (73.0, 654.5)]",0,0,5.35
speedrunner,meatboy,8,Stuck,4,0,-45.5,0.104,"[(329.0, 749.0), (359.8, 740.1), (368.2, 691.4), (301.8, 661.5), (265.0, 650.5), (265.0, 658.4), (265.0, 685.1), (265.0, 724.5), (269.7, 747.3), (278.2, 696.2), (307.9, 664.1), (362.9, 650.7), (405.6, 656.2), (362.9, 680.5), (282.9, 723.7), (222.9, 732.8), (217.6, 686.4), (217.6, 658.9), (214.9, 650.3), (154.9, 660.5), (74.9, 689.5), (73.0, 729.2), (73.0, 755.9), (73.0, 755.3), (73.0, 755.0), (73.0, 755.9), (73.0, 755.3), (73.0, 755.0), (73.0, 755.9), (73.0, 755.3), (73.0, 755.0), (73.0, 755.9), (73.0, 755.3), (73.0, 755.0), (73.0, 755.9), (73.0, 755.3), (73.0, 755.0), (73.0, 755.9), (73.0, 755.3), (73.0, 755.0), (73.0, 755.9)]",0,0,5.43
speedrunner,meatboy,8,Stuck,12,0,8.55,0.532,"[(329.0, 749.0), (370.4, 740.1), (439.0, 691.4), (391.7, 661.5), (311.7, 650.5), (265.0, 658.4), (265.0, 685.1), (265.0, 724.5), (269.7, 747.3), (275.5, 696.2), (327.8, 664.1), (406.5, 650.7), (430.5, 656.2), (435.8, 680.5), (502.5, 723.7), (579.9, 732.8), (627.0, 686.4), (563.7, 658.9), (489.0, 650.3), (502.3, 660.5), (576.3, 689.5), (629.7, 737.4), (600.3, 719.4), (521.0, 677.8), (441.0, 655.0), (361.0, 651.1), (281.0, 666.0), (229.0, 699.8), (261.0, 752.4), (296.4, 733.1), (361.1, 700.5), (441.1, 700.5), (521.1, 719.4), (601.1, 755.0), (617.7, 701.6), (543.7, 667.0), (463.7, 651.3), (383.7, 654.5), (303.7, 676.4), (237.0, 717.3), (241.1, 739.9), (304.7, 691.2)]",0,0,5.58
speedrunner,meatboy,8,Stuck,5,0,-44.51,0.104,"[(329.0, 749.0), (367.2, 755.3), (363.2, 713.2), (297.9, 673.9), (265.0, 653.5), (265.0, 651.9), (265.0, 669.2), (265.0, 704.4), (265.0, 744.1), (266.3, 733.6), (327.0, 712.1), (375.0, 714.5), (345.7, 735.7), (271.3, 732.8), (244.7, 695.9), (172.7, 693.5), (92.7, 710.0), (73.0, 744.7), (73.0, 755.9), (73.0, 755.3), (73.0, 755.0), (73.0, 755.9), (73.0, 755.3), (73.0, 755.0), (73.0, 755.9), (73.0, 755.3), (73.0, 755.0), (73.0, 755.9), (73.0, 755.3), (73.0, 755.0), (73.0, 755.9), (73.0, 755.3), (73.0, 755.0), (73.0, 755.9), (73.0, 755.3), (73.0, 755.0), (73.0, 755.9), (73.0, 755.3), (73.0, 755.0), (73.0, 755.9), (73.0, 755.3)]",0,0,5.42
speedrunner,meatboy,8,Stuck,2,0,-45.73,0.104,"[(329.0, 749.0), (281.7, 740.1), (265.0, 691.4), (265.0, 661.5), (265.0, 650.5), (265.0, 658.4), (263.7, 685.1), (207.7, 730.6), (127.7, 725.9), (73.0, 682.0), (73.0, 656.8), (73.0, 650.5), (73.0, 663.1), (73.0, 694.5), (73.0, 734.2), (73.0, 755.0), (73.0, 755.9), (73.0, 755.3), (73.0, 755.0), (73.0, 755.9), (73.0, 755.3), (73.0, 755.0), (73.0, 755.9), (73.0, 755.3), (73.0, 755.0), (73.0, 755.9), (73.0, 755.3), (73.0, 755.0), (73.0, 755.9), (73.0, 755.3), (73.0, 755.0), (73.0, 755.9), (73.0, 755.3), (73.0, 755.0), (73.0, 755.9), (73.0, 755.3), (73.0, 755.0), (73.0, 755.9), (73.0, 755.3), (73.0, 755.0), (73.0, 755.9)]",0,0,5.35
speedrunner,meatboy,8,Stuck,6,0,-45.73,0.104,"[(329.0, 749.0), (281.7, 740.1), (265.0, 691.4), (265.0, 661.5), (265.0, 650.5), (265.0, 658.4), (263.7, 685.1), (207.7, 730.6), (127.7, 725.9), (73.0, 682.0), (73.0, 656.8), (73.0, 650.5), (73.0, 663.1), (73.0, 694.5), (73.0, 734.2), (73.0, 732.8), (73.0, 686.4), (73.0, 658.9), (73.0, 650.3), (73.0, 660.5), (73.0, 689.5), (73.0, 729.2), (73.0, 739.9), (73.0, 691.2), (73.0, 661.4), (73.0, 650.4), (73.0, 658.2), (73.0, 684.9), (73.0, 724.3), (73.0, 747.3), (73.0, 696.2), (73.0, 664.1), (73.0, 650.7), (73.0, 656.2), (73.0, 680.5), (73.0, 719.3), (73.0, 755.0), (73.0, 701.6), (73.0, 667.0), (73.0, 651.3), (73.0, 654.5)]",0,0,5.35
speedrunner,meatboy,8,Stuck,2,0,-45.73,0.104,"[(329.0, 749.0), (281.7, 740.1), (265.0, 691.4), (265.0, 661.5), (265.0, 650.5), (265.0, 658.4), (263.7, 685.1), (207.7, 730.6), (127.7, 725.9), (73.0, 682.0), (73.0, 656.8), (73.0, 650.5), (73.0, 663.1), (73.0, 694.5), (73.0, 734.2), (73.0, 755.0), (73.0, 755.9), (73.0, 755.3), (73.0, 755.0), (73.0, 755.9), (73.0, 755.3), (73.0, 755.0), (73.0, 755.9), (73.0, 755.3), (73.0, 755.0), (73.0, 755.9), (73.0, 755.3), (73.0, 755.0), (73.0, 755.9), (73.0, 755.3), (73.0, 755.0), (73.0, 755.9), (73.0, 755.3), (73.0, 755.0), (73.0, 755.9), (73.0, 755.3), (73.0, 755.0), (73.0, 755.9), (73.0, 755.3), (73.0, 755.0), (73.0, 755.9)]",0,0,5.35
speedrunner,meatboy,8,Stuck,7,0,-45.73,0.104,"[(329.0, 749.0), (281.7, 740.1), (265.0, 691.4), (265.0, 661.5), (265.0, 650.5), (265.0, 658.4), (263.7, 685.1), (207.7, 730.6), (127.7, 725.9), (73.0, 682.0), (73.0, 656.8), (73.0, 650.5), (73.0, 663.1), (73.0, 694.5), (73.0, 734.2), (73.0, 732.8), (73.0, 686.4), (73.0, 658.9), (73.0, 650.3), (73.0, 660.5), (73.0, 689.5), (73.0, 729.2), (73.0, 739.9), (73.0, 691.2), (73.0, 661.4), (73.0, 650.4), (73.0, 658.2), (73.0, 684.9), (73.0, 724.3), (73.0, 747.3), (73.0, 696.2), (73.0, 664.1), (73.0, 650.7), (73.0, 656.2), (73.0, 680.5), (73.0, 719.3), (73.0, 755.0), (73.0, 701.6), (73.0, 667.0), (73.0, 651.3), (73.0, 654.5)]",0,0,5.35
speedrunner,meatboy,8,Stuck,6,0,-45.73,0.104,"[(329.0, 749.0), (281.7, 740.1), (265.0, 691.4), (265.0, 661.5), (265.0, 650.5), (265.0, 658.4), (263.7, 685.1), (207.7, 730.6), (127.7, 725.9), (73.0, 682.0), (73.0, 656.8), (73.0, 650.5), (73.0, 663.1), (73.0, 694.5), (73.0, 734.2), (73.0, 732.8), (73.0, 686.4), (73.0, 658.9), (73.0, 650.3), (73.0, 660.5), (73.0, 689.5), (73.0, 729.2), (73.0, 739.9), (73.0, 691.2), (73.0, 661.4), (73.0, 650.4), (73.0, 658.2), (73.0, 684.9), (73.0, 724.3), (73.0, 747.3), (73.0, 696.2), (73.0, 664.1), (73.0, 650.7), (73.0, 656.2), (73.0, 680.5), (73.0, 719.3), (73.0, 755.0), (73.0, 701.6), (73.0, 667.0), (73.0, 651.3), (73.0, 654.5)]",0,0,5.35
speedrunner,meatboy,8,Stuck,6,0,-45.73,0.104,"[(329.0, 749.0), (281.7, 740.1), (265.0, 691.4), (265.0, 661.5), (265.0, 650.5), (265.0, 658.4), (263.7, 685.1), (207.7, 730.6), (127.7, 725.9), (73.0, 682.0), (73.0, 656.8), (73.0, 650.5), (73.0, 663.1), (73.0, 694.5), (73.0, 734.2), (73.0, 732.8), (73.0, 686.4), (73.0, 658.9), (73.0, 650.3), (73.0, 660.5), (73.0, 689.5), (73.0, 729.2), (73.0, 739.9), (73.0, 691.2), (73.0, 661.4), (73.0, 650.4), (73.0, 658.2), (73.0, 684.9), (73.0, 724.3), (73.0, 747.3), (73.0, 696.2), (73.0, 664.1), (73.0, 650.7), (73.0, 656.2), (73.0, 680.5), (73.0, 719.3), (73.0, 755.0), (73.0, 701.6), (73.0, 667.0), (73.0, 651.3), (73.0, 654.5)]",0,0,5.35
speedrunner,meatboy,8,Stuck,6,0,-45.73,0.104,"[(329.0, 749.0), (281.7, 740.1), (265.0, 691.4), (265.0, 661.5), (265.0, 650.5), (265.0, 658.4), (263.7, 685.1), (207.7, 730.6), (127.7, 725.9), (73.0, 682.0), (73.0, 656.8), (73.0, 650.5), (73.0, 663.1), (73.0, 694.5), (73.0, 734.2), (73.0, 732.8), (73.0, 686.4), (73.0, 658.9), (73.0, 650.3), (73.0, 660.5), (73.0, 689.5), (73.0, 729.2), (73.0, 739.9), (73.0, 691.2), (73.0, 661.4), (73.0, 650.4), (73.0, 658.2), (73.0, 684.9), (73.0, 724.3), (73.0, 747.3), (73.0, 696.2), (73.0, 664.1), (73.0, 650.7), (73.0, 656.2), (73.0, 680.5), (73.0, 719.3), (73.0, 755.0), (73.0, 701.6), (73.0, 667.0), (73.0, 651.3), (73.0, 654.5)]",0,0,5.35
speedrunner,meatboy,8,Stuck,6,0,-45.73,0.104,"[(329.0, 749.0), (281.7, 740.1), (265.0, 691.4), (265.0, 661.5), (265.0, 650.5), (265.0, 658.4), (263.7, 685.1), (207.7, 730.6), (127.7, 725.9), (73.0, 682.0), (73.0, 656.8), (73.0, 650.5), (73.0, 663.1), (73.0, 694.5), (73.0, 734.2), (73.0, 732.8), (73.0, 686.4), (73.0, 658.9), (73.0, 650.3), (73.0, 660.5), (73.0, 689.5), (73.0, 729.2), (73.0, 739.9), (73.0, 691.2), (73.0, 661.4), (73.0, 650.4), (73.0, 658.2), (73.0, 684.9), (73.0, 724.3), (73.0, 747.3), (73.0, 696.2), (73.0, 664.1), (73.0, 650.7), (73.0, 656.2), (73.0, 680.5), (73.0, 719.3), (73.0, 755.0), (73.0, 701.6), (73.0, 667.0), (73.0, 651.3), (73.0, 654.5)]",0,0,5.35
speedrunner,meatboy,8,Stuck,7,0,-45.73,0.104,"[(329.0, 749.0), (281.7, 740.1), (265.0, 691.4), (265.0, 661.5), (265.0, 650.5), (265.0, 658.4), (263.7, 685.1), (207.7, 730.6), (127.7, 725.9), (73.0, 682.0), (73.0, 656.8), (73.0, 650.5), (73.0, 663.1), (73.0, 694.5), (73.0, 734.2), (73.0, 732.8), (73.0, 686.4), (73.0, 658.9), (73.0, 650.3), (73.0, 660.5), (73.0, 689.5), (73.0, 729.2), (73.0, 739.9), (73.0, 691.2), (73.0, 661.4), (73.0, 650.4), (73.0, 658.2), (73.0, 684.9), (73.0, 724.3), (73.0, 747.3), (73.0, 696.2), (73.0, 664.1), (73.0, 650.7), (73.0, 656.2), (73.0, 680.5), (73.0, 719.3), (73.0, 755.0), (73.0, 701.6), (73.0, 667.0), (73.0, 651.3), (73.0, 654.5)]",0,0,5.35
speedrunner,meatboy,8,Stuck,2,0,-45.73,0.104,"[(329.0, 749.0), (281.7, 740.1), (265.0, 691.4), (265.0, 661.5), (265.0, 650.5), (265.0, 658.4), (263.7, 685.1), (207.7, 730.6), (127.7, 725.9), (73.0, 682.0), (73.0, 656.8), (73.0, 650.5), (73.0, 663.1), (73.0, 694.5), (73.0, 734.2), (73.0, 755.0), (73.0, 755.9), (73.0, 755.3), (73.0, 755.0), (73.0, 755.9), (73.0, 755.3), (73.0, 755.0), (73.0, 755.9), (73.0, 755.3), (73.0, 755.0), (73.0, 755.9), (73.0, 755.3), (73.0, 755.0), (73.0, 755.9), (73.0, 755.3), (73.0, 755.0), (73.0, 755.9), (73.0, 755.3), (73.0, 755.0), (73.0, 755.9), (73.0, 755.3), (73.0, 755.0), (73.0, 755.9), (73.0, 755.3), (73.0, 755.0), (73.0, 755.9)]",0,0,5.35
speedrunner,meatboy,8,Stuck,4,0,-45.46,0.104,"[(329.0, 749.0), (349.1, 740.1), (371.3, 691.4), (318.6, 661.5), (265.0, 650.5), (265.0, 658.4), (265.0, 685.1), (265.0, 724.5), (269.7, 747.3), (303.7, 696.2), (378.8, 664.1), (437.7, 650.7), (381.7, 656.2), (301.7, 680.5), (221.7, 723.7), (145.7, 732.8), (73.0, 686.4), (73.0, 658.9), (73.0, 650.3), (73.0, 660.5), (73.0, 689.5), (73.0, 729.2), (73.0, 755.9), (73.0, 755.3), (73.0, 755.0), (73.0, 755.9), (73.0, 755.3), (73.0, 755.0), (73.0, 755.9), (73.0, 755.3), (73.0, 755.0), (73.0, 755.9), (73.0, 755.3), (73.0, 755.0), (73.0, 755.9), (73.0, 755.3), (73.0, 755.0), (73.0, 755.9), (73.0, 755.3), (73.0, 755.0), (73.0, 755.9), (73.0, 755.3)]",0,0,5.47
speedrunner,meatboy,8,Stuck,6,0,-45.48,0.104,"[(329.0, 749.0), (281.7, 740.1), (265.0, 691.4), (265.0, 661.5), (265.0, 650.5), (265.0, 658.4), (263.7, 685.1), (207.7, 730.6), (149.0, 725.9), (73.0, 682.0), (73.0, 656.8), (73.0, 650.5), (73.0, 663.1), (73.0, 694.5), (73.0, 734.2), (73.0, 732.8), (73.0, 686.4), (73.0, 658.9), (73.0, 650.3), (73.0, 660.5), (73.0, 689.5), (73.0, 729.2), (73.0, 739.9), (73.0, 691.2), (73.0, 661.4), (73.0, 650.4), (73.0, 658.2), (73.0, 684.9), (73.0, 724.3), (73.0, 747.3), (73.0, 696.2), (73.0, 664.1), (73.0, 650.7), (73.0, 656.2), (73.0, 680.5), (73.0, 719.3), (73.0, 755.0), (73.0, 701.6), (73.0, 667.0), (73.0, 651.3), (73.0, 654.5)]",0,0,5.35
speedrunner,meatboy,8,Stuck,6,0,-45.73,0.104,"[(329.0, 749.0), (281.7, 740.1), (265.0, 691.4), (265.0, 661.5), (265.0, 650.5), (265.0, 658.4), (263.7, 685.1), (207.7, 730.6), (127.7, 725.9), (73.0, 682.0), (73.0, 656.8), (73.0, 650.5), (73.0, 663.1), (73.0, 694.5), (73.0, 734.2), (73.0, 732.8), (73.0, 686.4), (73.0, 658.9), (73.0, 650.3), (73.0, 660.5), (73.0, 689.5), (73.0, 729.2), (73.0, 739.9), (73.0, 691.2), (73.0, 661.4), (73.0, 650.4), (73.0, 658.2), (73.0, 684.9), (73.0, 724.3), (73.0, 747.3), (73.0, 696.2), (73.0, 664.1), (73.0, 650.7), (73.0, 656.2), (73.0, 680.5), (73.0, 719.3), (73.0, 755.0), (73.0, 701.6), (73.0, 667.0), (73.0, 651.3), (73.0, 654.5)]",0,0,5.35
speedrunner,meatboy,8,Stuck,6,0,-45.73,0.104,"[(329.0, 749.0), (281.7, 740.1), (265.0, 691.4), (265.0, 661.5), (265.0, 650.5), (265.0, 658.4), (263.7, 685.1), (207.7, 730.6), (127.7, 725.9), (73.0, 682.0), (73.0, 656.8), (73.0, 650.5), (73.0, 663.1), (73.0, 694.5), (73.0, 734.2), (73.0, 732.8), (73.0, 686.4), (73.0, 658.9), (73.0, 650.3), (73.0, 660.5), (73.0, 689.5), (73.0, 729.2), (73.0, 739.9), (73.0, 691.2), (73.0, 661.4), (73.0, 650.4), (73.0, 658.2), (73.0, 684.9), (73.0, 724.3), (73.0, 747.3), (73.0, 696.2), (73.0, 664.1), (73.0, 650.7), (73.0, 656.2), (73.0, 680.5), (73.0, 719.3), (73.0, 755.0), (73.0, 701.6), (73.0, 667.0), (73.0, 651.3), (73.0, 654.5)]",0,0,5.35
speedrunner,meatboy,8,Stuck,3,0,-45.73,0.104,"[(329.0, 749.0), (281.7, 740.1), (265.0, 691.4), (265.0, 661.5), (265.0, 650.5), (265.0, 658.4), (263.7, 685.1), (207.7, 730.6), (127.7, 725.9), (73.0, 682.0), (73.0, 656.8), (73.0, 650.5), (73.0, 663.1), (73.0, 694.5), (73.0, 734.2), (73.0, 755.0), (73.0, 755.9), (73.0, 755.3), (73.0, 755.0), (73.0, 755.9), (73.0, 755.3), (73.0, 755.0), (73.0, 755.9), (73.0, 755.3), (73.0, 755.0), (73.0, 755.9), (73.0, 755.3), (73.0, 755.0), (73.0, 755.9), (73.0, 755.3), (73.0, 755.0), (73.0, 755.9), (73.0, 755.3), (73.0, 755.0), (73.0, 755.9), (73.0, 755.3), (73.0, 755.0), (73.0, 755.9), (73.0, 755.3), (73.0, 755.0), (73.0, 755.9)]",0,0,5.35
speedrunner,meatboy,8,Stuck,6,0,-45.73,0.104,"[(329.0, 749.0), (281.7, 740.1), (265.0, 691.4), (265.0, 661.5), (265.0, 650.5), (265.0, 658.4), (263.7, 685.1), (207.7, 730.6), (127.7, 725.9), (73.0, 682.0), (73.0, 656.8), (73.0, 650.5), (73.0, 663.1), (73.0, 694.5), (73.0, 734.2), (73.0, 732.8), (73.0, 686.4), (73.0, 658.9), (73.0, 650.3), (73.0, 660.5), (73.0, 689.5), (73.0, 729.2), (73.0, 739.9), (73.0, 691.2), (73.0, 661.4), (73.0, 650.4), (73.0, 658.2), (73.0, 684.9), (73.0, 724.3), (73.0, 747.3), (73.0, 696.2), (73.0, 664.1), (73.0, 650.7), (73.0, 656.2), (73.0, 680.5), (73.0, 719.3), (73.0, 755.0), (73.0, 701.6), (73.0, 667.0), (73.0, 651.3), (73.0, 654.5)]",0,0,5.35
speedrunner,meatboy,8,Stuck,6,0,-45.73,0.104,"[(329.0, 749.0), (281.7, 740.1), (265.0, 691.4), (265.0, 661.5), (265.0, 650.5), (265.0, 658.4), (263.7, 685.1), (207.7, 730.6), (127.7, 725.9), (73.0, 682.0), (73.0, 656.8), (73.0, 650.5), (73.0, 663.1), (73.0, 694.5), (73.0, 734.2), (73.0, 732.8), (73.0, 686.4), (73.0, 658.9), (73.0, 650.3), (73.0, 660.5), (73.0, 689.5), (73.0, 729.2), (73.0, 739.9), (73.0, 691.2), (73.0, 661.4), (73.0, 650.4), (73.0, 658.2), (73.0, 684.9), (73.0, 724.3), (73.0, 747.3), (73.0, 696.2), (73.0, 664.1), (73.0, 650.7), (73.0, 656.2), (73.0, 680.5), (73.0, 719.3), (73.0, 755.0), (73.0, 701.6), (73.0, 667.0), (73.0, 651.3), (73.0, 654.5)]",0,0,5.35
speedrunner,meatboy,8,Stuck,3,0,-45.73,0.104,"[(329.0, 749.0), (281.7, 740.1), (265.0, 691.4), (265.0, 661.5), (265.0, 650.5), (265.0, 658.4), (263.7, 685.1), (207.7, 730.6), (127.7, 725.9), (73.0, 682.0), (73.0, 656.8), (73.0, 650.5), (73.0, 663.1), (73.0, 694.5), (73.0, 734.2), (73.0, 755.0), (73.0, 755.9), (73.0, 755.3), (73.0, 755.0), (73.0, 755.9), (73.0, 755.3), (73.0, 755.0), (73.0, 755.9), (73.0, 755.3), (73.0, 755.0), (73.0, 755.9), (73.0, 755.3), (73.0, 755.0), (73.0, 755.9), (73.0, 755.3), (73.0, 755.0), (73.0, 755.9), (73.0, 755.3), (73.0, 755.0), (73.0, 755.9), (73.0, 755.3), (73.0, 755.0), (73.0, 755.9), (73.0, 755.3), (73.0, 755.0), (73.0, 755.9)]",0,0,5.35
speedrunner,meatboy,8,Stuck,6,0,-45.73,0.104,"[(329.0, 749.0), (281.7, 740.1), (265.0, 691.4), (265.0, 661.5), (265.0, 650.5), (265.0, 658.4), (263.7, 685.1), (207.7, 730.6), (127.7, 725.9), (73.0, 682.0), (73.0, 656.8), (73.0, 650.5), (73.0, 663.1), (73.0, 694.5), (73.0, 734.2), (73.0, 732.8), (73.0, 686.4), (73.0, 658.9), (73.0, 650.3), (73.0, 660.5), (73.0, 689.5), (73.0, 729.2), (73.0, 739.9), (73.0, 691.2), (73.0, 661.4), (73.0, 650.4), (73.0, 658.2), (73.0, 684.9), (73.0, 724.3), (73.0, 747.3), (73.0, 696.2), (73.0, 664.1), (73.0, 650.7), (73.0, 656.2), (73.0, 680.5), (73.0, 719.3), (73.0, 755.0), (73.0, 701.6), (73.0, 667.0), (73.0, 651.3), (73.0, 654.5)]",0,0,5.35
speedrunner,meatboy,8,Stuck,6,0,-45.73,0.104,"[(329.0, 749.0), (281.7, 740.1), (265.0, 691.4), (265.0, 661.5), (265.0, 650.5), (265.0, 658.4), (263.7, 685.1), (207.7, 730.6), (127.7, 725.9), (73.0, 682.0), (73.0, 656.8), (73.0, 650.5), (73.0, 663.1), (73.0, 694.5), (73.0, 734.2), (73.0, 732.8), (73.0, 686.4), (73.0, 658.9), (73.0, 650.3), (73.0, 660.5), (73.0, 689.5), (73.0, 729.2), (73.0, 739.9), (73.0, 691.2), (73.0, 661.4), (73.0, 650.4), (73.0, 658.2), (73.0, 684.9), (73.0, 724.3), (73.0, 747.3), (73.0, 696.2), (73.0, 664.1), (73.0, 650.7), (73.0, 656.2), (73.0, 680.5), (73.0, 719.3), (73.0, 755.0), (73.0, 701.6), (73.0, 667.0), (73.0, 651.3), (73.0, 654.5)]",0,0,5.35
speedrunner,meatboy,8,Stuck,1,0,-48.18,0.104,"[(329.0, 749.0), (281.7, 755.3), (201.7, 755.0), (121.7, 755.9), (73.0, 755.3), (73.0, 755.0), (73.0, 755.9), (73.0, 755.3), (73.0, 755.0), (73.0, 755.9), (73.0, 755.3), (73.0, 755.0), (73.0, 755.9), (73.0, 755.3), (73.0, 755.0), (73.0, 755.9), (73.0, 755.3), (73.0, 755.0), (73.0, 755.9), (73.0, 755.3), (73.0, 755.0), (73.0, 755.9), (73.0, 755.3), (73.0, 755.0), (73.0, 755.9), (73.0, 755.3), (73.0, 755.0), (73.0, 755.9), (73.0, 755.3), (73.0, 755.0), (73.0, 755.9), (73.0, 755.3), (73.0, 755.0), (73.0, 755.9), (73.0, 755.3), (73.0, 755.0), (73.0, 755.9), (73.0, 755.3), (73.0, 755.0)]",0,0,5.13
speedrunner,meatboy,8,Stuck,2,0,-45.14,0.104,"[(329.0, 749.0), (346.4, 740.1), (294.8, 691.4), (265.0, 661.5), (265.0, 650.5), (265.0, 658.4), (265.0, 685.1), (227.7, 691.0), (147.7, 701.6), (73.0, 731.0), (73.0, 755.9), (73.0, 755.3), (73.0, 755.0), (73.0, 755.9), (73.0, 755.3), (73.0, 755.0), (73.0, 755.9), (73.0, 755.3), (73.0, 755.0), (73.0, 755.9), (73.0, 755.3), (73.0, 755.0), (73.0, 755.9), (73.0, 755.3), (73.0, 755.0), (73.0, 755.9), (73.0, 755.3), (73.0, 755.0), (73.0, 755.9), (73.0, 755.3), (73.0, 755.0), (73.0, 755.9), (73.0, 755.3), (73.0, 755.0), (73.0, 755.9), (73.0, 755.3), (73.0, 755.0), (73.0, 755.9), (73.0, 755.3), (73.0, 755.0), (73.0, 755.9)]",0,0,5.35
speedrunner,meatboy,8,Stuck,1,0,-48.18,0.104,"[(329.0, 749.0), (281.7, 755.3), (201.7, 755.0), (121.7, 755.9), (73.0, 755.3), (73.0, 755.0), (73.0, 755.9), (73.0, 755.3), (73.0, 755.0), (73.0, 755.9), (73.0, 755.3), (73.0, 755.0), (73.0, 755.9), (73.0, 755.3), (73.0, 755.0), (73.0, 755.9), (73.0, 755.3), (73.0, 755.0), (73.0, 755.9), (73.0, 755.3), (73.0, 755.0), (73.0, 755.9), (73.0, 755.3), (73.0, 755.0), (73.0, 755.9), (73.0, 755.3), (73.0, 755.0), (73.0, 755.9), (73.0, 755.3), (73.0, 755.0), (73.0, 755.9), (73.0, 755.3), (73.0, 755.0), (73.0, 755.9), (73.0, 755.3), (73.0, 755.0), (73.0, 755.9), (73.0, 755.3), (73.0, 755.0)]",0,0,5.13
speedrunner,meatboy,8,Stuck,2,0,-45.48,0.104,"[(329.0, 749.0), (281.7, 740.1), (265.0, 691.4), (265.0, 661.5), (265.0, 650.5), (265.0, 658.4), (263.7, 685.1), (207.7, 730.6), (149.0, 725.9), (73.0, 682.0), (73.0, 656.8), (73.0, 650.5), (73.0, 663.1), (73.0, 694.5), (73.0, 734.2), (73.0, 755.0), (73.0, 755.9), (73.0, 755.3), (73.0, 755.0), (73.0, 755.9), (73.0, 755.3), (73.0, 755.0), (73.0, 755.9), (73.0, 755.3), (73.0, 755.0), (73.0, 755.9), (73.0, 755.3), (73.0, 755.0), (73.0, 755.9), (73.0, 755.3), (73.0, 755.0), (73.0, 755.9), (73.0, 755.3), (73.0, 755.0), (73.0, 755.9), (73.0, 755.3), (73.0, 755.0), (73.0, 755.9), (73.0, 755.3), (73.0, 755.0), (73.0, 755.9)]",0,0,5.35
speedrunner,meatboy,8,Saw,2,0,27.92,0.497,"[(329.0, 749.0), (367.2, 755.3), (342.9, 708.1), (265.0, 671.2), (265.0, 653.1), (265.0, 653.9), (265.0, 673.6), (275.3, 695.9), (350.0, 631.6)]",0,0,1.07
speedrunner,meatboy,8,Stuck,2,0,-45.73,0.104,"[(329.0, 749.0), (281.7, 740.1), (265.0, 691.4), (265.0, 661.5), (265.0, 650.5), (265.0, 658.4), (263.7, 685.1), (207.7, 730.6), (127.7, 755.3), (73.0, 755.0), (73.0, 755.9), (73.0, 755.3), (73.0, 755.0), (73.0, 755.9), (73.0, 755.3), (73.0, 755.0), (73.0, 755.9), (73.0, 755.3), (73.0, 755.0), (73.0, 755.9), (73.0, 755.3), (73.0, 755.0), (73.0, 755.9), (73.0, 755.3), (73.0, 755.0), (73.0, 755.9), (73.0, 755.3), (73.0, 755.0), (73.0, 755.9), (73.0, 755.3), (73.0, 755.0), (73.0, 755.9), (73.0, 755.3), (73.0, 755.0), (73.0, 755.9), (73.0, 755.3), (73.0, 755.0), (73.0, 755.9), (73.0, 755.3), (73.0, 755.0), (73.0, 755.9)]",0,0,5.35
speedrunner,meatboy,8,Stuck,2,0,-45.73,0.104,"[(329.0, 749.0), (281.7, 740.1), (265.0, 691.4), (265.0, 661.5), (265.0, 650.5), (265.0, 658.4), (263.7, 685.1), (207.7, 730.6), (127.7, 755.3), (73.0, 755.0), (73.0, 755.9), (73.0, 755.3), (73.0, 755.0), (73.0, 755.9), (73.0, 755.3), (73.0, 755.0), (73.0, 755.9), (73.0, 755.3), (73.0, 755.0), (73.0, 755.9), (73.0, 755.3), (73.0, 755.0), (73.0, 755.9), (73.0, 755.3), (73.0, 755.0), (73.0, 755.9), (73.0, 755.3), (73.0, 755.0), (73.0, 755.9), (73.0, 755.3), (73.0, 755.0), (73.0, 755.9), (73.0, 755.3), (73.0, 755.0), (73.0, 755.9), (73.0, 755.3), (73.0, 755.0), (73.0, 755.9), (73.0, 755.3), (73.0, 755.0), (73.0, 755.9)]",0,0,5.35
speedrunner,meatboy,8,Saw,2,0,27.92,0.497,"[(329.0, 749.0), (367.2, 755.3), (342.9, 708.1), (265.0, 671.2), (265.0, 653.1), (265.0, 653.9), (265.0, 673.6), (275.3, 695.9), (350.0, 631.6)]",0,0,1.07
speedrunner,meatboy,8,Stuck,2,0,-45.48,0.104,"[(329.0, 749.0), (281.7, 740.1), (265.0, 691.4), (265.0, 661.5), (265.0, 650.5), (265.0, 658.4), (263.7, 685.1), (207.7, 730.6), (149.0, 725.9), (73.0, 682.0), (73.0, 656.8), (73.0, 650.5), (73.0, 663.1), (73.0, 694.5), (73.0, 734.2), (73.0, 755.0), (73.0, 755.9), (73.0, 755.3), (73.0, 755.0), (73.0, 755.9), (73.0, 755.3), (73.0, 755.0), (73.0, 755.9), (73.0, 755.3), (73.0, 755.0), (73.0, 755.9), (73.0, 755.3), (73.0, 755.0), (73.0, 755.9), (73.0, 755.3), (73.0, 755.0), (73.0, 755.9), (73.0, 755.3), (73.0, 755.0), (73.0, 755.9), (73.0, 755.3), (73.0, 755.0), (73.0, 755.9), (73.0, 755.3), (73.0, 755.0), (73.0, 755.9)]",0,0,5.35
speedrunner,meatboy,8,Stuck,2,0,-45.14,0.104,"[(329.0, 749.0), (346.4, 740.1), (294.8, 691.4), (265.0, 661.5), (265.0, 650.5), (265.0, 658.4), (265.0, 685.1), (227.7, 691.0), (147.7, 701.6), (73.0, 731.0), (73.0, 755.9), (73.0, 755.3), (73.0, 755.0), (73.0, 755.9), (73.0, 755.3), (73.0, 755.0), (73.0, 755.9), (73.0, 755.3), (73.0, 755.0), (73.0, 755.9), (73.0, 755.3), (73.0, 755.0), (73.0, 755.9), (73.0, 755.3), (73.0, 755.0), (73.0, 755.9), (73.0, 755.3), (73.0, 755.0), (73.0, 755.9), (73.0, 755.3), (73.0, 755.0), (73.0, 755.9), (73.0, 755.3), (73.0, 755.0), (73.0, 755.9), (73.0, 755.3), (73.0, 755.0), (73.0, 755.9), (73.0, 755.3), (73.0, 755.0), (73.0, 755.9)]",0,0,5.35
speedrunner,meatboy,8,Stuck,1,0,-48.18,0.104,"[(329.0, 749.0), (281.7, 755.3), (201.7, 755.0), (121.7, 755.9), (73.0, 755.3), (73.0, 755.0), (73.0, 755.9), (73.0, 755.3), (73.0, 755.0), (73.0, 755.9), (73.0, 755.3), (73.0, 755.0), (73.0, 755.9), (73.0, 755.3), (73.0, 755.0), (73.0, 755.9), (73.0, 755.3), (73.0, 755.0), (73.0, 755.9), (73.0, 755.3), (73.0, 755.0), (73.0, 755.9), (73.0, 755.3), (73.0, 755.0), (73.0, 755.9), (73.0, 755.3), (73.0, 755.0), (73.0, 755.9), (73.0, 755.3), (73.0, 755.0), (73.0, 755.9), (73.0, 755.3), (73.0, 755.0), (73.0, 755.9), (73.0, 755.3), (73.0, 755.0), (73.0, 755.9), (73.0, 755.3), (73.0, 755.0)]",0,0,5.13
speedrunner,meatboy,8,Stuck,2,0,-45.73,0.104,"[(329.0, 749.0), (281.7, 740.1), (265.0, 691.4), (265.0, 661.5), (265.0, 650.5), (265.0, 658.4), (263.7, 685.1), (207.7, 730.6), (127.7, 725.9), (73.0, 682.0), (73.0, 656.8), (73.0, 650.5), (73.0, 663.1), (73.0, 694.5), (73.0, 734.2), (73.0, 755.0), (73.0, 755.9), (73.0, 755.3), (73.0, 755.0), (73.0, 755.9), (73.0, 755.3), (73.0, 755.0), (73.0, 755.9), (73.0, 755.3), (73.0, 755.0), (73.0, 755.9), (73.0, 755.3), (73.0, 755.0), (73.0, 755.9), (73.0, 755.3), (73.0, 755.0), (73.0, 755.9), (73.0, 755.3), (73.0, 755.0), (73.0, 755.9), (73.0, 755.3), (73.0, 755.0), (73.0, 755.9), (73.0, 755.3), (73.0, 755.0), (73.0, 755.9)]",0,0,5.35
speedrunner,meatboy,8,Stuck,5,0,-43.58,0.104,"[(329.0, 749.0), (351.8, 740.1), (341.6, 691.4), (265.7, 661.5), (265.0, 650.5), (265.0, 658.4), (265.0, 685.1), (265.0, 724.5), (269.7, 747.3), (275.5, 696.2), (251.9, 664.1), (173.4, 650.7), (93.4, 656.2), (73.0, 680.5), (73.0, 719.3), (124.7, 690.3), (170.0, 635.3), (130.0, 599.2), (73.0, 581.9), (73.0, 583.5), (73.0, 603.9), (73.0, 641.1), (73.0, 680.8), (73.0, 720.4), (124.7, 691.4), (170.0, 636.4), (130.0, 600.3), (73.0, 583.1), (73.0, 584.6), (73.0, 605.1), (73.0, 642.2), (73.0, 681.9), (73.0, 721.6), (124.7, 692.5), (170.0, 637.6), (130.0, 601.5), (73.0, 584.2), (73.0, 585.8), (73.0, 606.2), (73.0, 643.3), (73.0, 683.0)]",0,0,5.37
speedrunner,meatboy,8,Stuck,1,0,-48.18,0.104,"[(329.0, 749.0), (281.7, 755.3), (201.7, 755.0), (121.7, 755.9), (73.0, 755.3), (73.0, 755.0), (73.0, 755.9), (73.0, 755.3), (73.0, 755.0), (73.0, 755.9), (73.0, 755.3), (73.0, 755.0), (73.0, 755.9), (73.0, 755.3), (73.0, 755.0), (73.0, 755.9), (73.0, 755.3), (73.0, 755.0), (73.0, 755.9), (73.0, 755.3), (73.0, 755.0), (73.0, 755.9), (73.0, 755.3), (73.0, 755.0), (73.0, 755.9), (73.0, 755.3), (73.0, 755.0), (73.0, 755.9), (73.0, 755.3), (73.0, 755.0), (73.0, 755.9), (73.0, 755.3), (73.0, 755.0), (73.0, 755.9), (73.0, 755.3), (73.0, 755.0), (73.0, 755.9), (73.0, 755.3), (73.0, 755.0)]",0,0,5.13
speedrunner,meatboy,8,Stuck,2,0,-45.73,0.104,"[(329.0, 749.0), (281.7, 740.1), (265.0, 691.4), (265.0, 661.5), (265.0, 650.5), (265.0, 658.4), (263.7, 685.1), (207.7, 730.6), (127.7, 725.9), (73.0, 682.0), (73.0, 656.8), (73.0, 650.5), (73.0, 663.1), (73.0, 694.5), (73.0, 734.2), (73.0, 755.0), (73.0, 755.9), (73.0, 755.3), (73.0, 755.0), (73.0, 755.9), (73.0, 755.3), (73.0, 755.0), (73.0, 755.9), (73.0, 755.3), (73.0, 755.0), (73.0, 755.9), (73.0, 755.3), (73.0, 755.0), (73.0, 755.9), (73.0, 755.3), (73.0, 755.0), (73.0, 755.9), (73.0, 755.3), (73.0, 755.0), (73.0, 755.9), (73.0, 755.3), (73.0, 755.0), (73.0, 755.9), (73.0, 755.3), (73.0, 755.0), (73.0, 755.9)]",0,0,5.35
speedrunner,meatboy,8,Stuck,6,0,-45.73,0.104,"[(329.0, 749.0), (281.7, 740.1), (265.0, 691.4), (265.0, 661.5), (265.0, 650.5), (265.0, 658.4), (263.7, 685.1), (207.7, 730.6), (127.7, 725.9), (73.0, 682.0), (73.0, 656.8), (73.0, 650.5), (73.0, 663.1), (73.0, 694.5), (73.0, 734.2), (73.0, 732.8), (73.0, 686.4), (73.0, 658.9), (73.0, 650.3), (73.0, 660.5), (73.0, 689.5), (73.0, 729.2), (73.0, 739.9), (73.0, 691.2), (73.0, 661.4), (73.0, 650.4), (73.0, 658.2), (73.0, 684.9), (73.0, 724.3), (73.0, 747.3), (73.0, 696.2), (73.0, 664.1), (73.0, 650.7), (73.0, 656.2), (73.0, 680.5), (73.0, 719.3), (73.0, 755.0), (73.0, 701.6), (73.0, 667.0), (73.0, 651.3), (73.0, 654.5)]",0,0,5.35
speedrunner,meatboy,8,Stuck,6,0,-45.73,0.104,"[(329.0, 749.0), (281.7, 740.1), (265.0, 691.4), (265.0, 661.5), (265.0, 650.5), (265.0, 658.4), (263.7, 685.1), (207.7, 730.6), (127.7, 725.9), (73.0, 682.0), (73.0, 656.8), (73.0, 650.5), (73.0, 663.1), (73.0, 694.5), (73.0, 734.2), (73.0, 732.8), (73.0, 686.4), (73.0, 658.9), (73.0, 650.3), (73.0, 660.5), (73.0, 689.5), (73.0, 729.2), (73.0, 739.9), (73.0, 691.2), (73.0, 661.4), (73.0, 650.4), (73.0, 658.2), (73.0, 684.9), (73.0, 724.3), (73.0, 747.3), (73.0, 696.2), (73.0, 664.1), (73.0, 650.7), (73.0, 656.2), (73.0, 680.5), (73.0, 719.3), (73.0, 755.0), (73.0, 701.6), (73.0, 667.0), (73.0, 651.3), (73.0, 654.5)]",0,0,5.35
speedrunner,meatboy,8,Stuck,2,0,-45.73,0.104,"[(329.0, 749.0), (281.7, 740.1), (265.0, 691.4), (265.0, 661.5), (265.0, 650.5), (265.0, 658.4), (263.7, 685.1), (207.7, 730.6), (127.7, 725.9), (73.0, 682.0), (73.0, 656.8), (73.0, 650.5), (73.0, 663.1), (73.0, 694.5), (73.0, 734.2), (73.0, 755.0), (73.0, 755.9), (73.0, 755.3), (73.0, 755.0), (73.0, 755.9), (73.0, 755.3), (73.0, 755.0), (73.0, 755.9), (73.0, 755.3), (73.0, 755.0), (73.0, 755.9), (73.0, 755.3), (73.0, 755.0), (73.0, 755.9), (73.0, 755.3), (73.0, 755.0), (73.0, 755.9), (73.0, 755.3), (73.0, 755.0), (73.0, 755.9), (73.0, 755.3), (73.0, 755.0), (73.0, 755.9), (73.0, 755.3), (73.0, 755.0), (73.0, 755.9)]",0,0,5.35
speedrunner,meatboy,8,Stuck,5,0,-43.58,0.104,"[(329.0, 749.0), (351.8, 740.1), (341.6, 691.4), (265.7, 661.5), (265.0, 650.5), (265.0, 658.4), (265.0, 685.1), (265.0, 724.5), (269.7, 747.3), (275.5, 696.2), (251.9, 664.1), (173.4, 650.7), (93.4, 656.2), (73.0, 680.5), (73.0, 719.3), (124.7, 690.3), (170.0, 635.3), (130.0, 599.2), (73.0, 581.9), (73.0, 583.5), (73.0, 603.9), (73.0, 641.1), (73.0, 680.8), (73.0, 720.4), (124.7, 691.4), (170.0, 636.4), (130.0, 600.3), (73.0, 583.1), (73.0, 584.6), (73.0, 605.1), (73.0, 642.2), (73.0, 681.9), (73.0, 721.6), (124.7, 692.5), (170.0, 637.6), (130.0, 601.5), (73.0, 584.2), (73.0, 585.8), (73.0, 606.2), (73.0, 643.3), (73.0, 683.0)]",0,0,5.37
speedrunner,meatboy,8,Stuck,2,0,-45.73,0.104,"[(329.0, 749.0), (281.7, 740.1), (265.0, 691.4), (265.0, 661.5), (265.0, 650.5), (265.0, 658.4), (263.7, 685.1), (207.7, 730.6), (127.7, 725.9), (73.0, 682.0), (73.0, 656.8), (73.0, 650.5), (73.0, 663.1), (73.0, 694.5), (73.0, 734.2), (73.0, 755.0), (73.0, 755.9), (73.0, 755.3), (73.0, 755.0), (73.0, 755.9), (73.0, 755.3), (73.0, 755.0), (73.0, 755.9), (73.0, 755.3), (73.0, 755.0), (73.0, 755.9), (73.0, 755.3), (73.0, 755.0), (73.0, 755.9), (73.0, 755.3), (73.0, 755.0), (73.0, 755.9), (73.0, 755.3), (73.0, 755.0), (73.0, 755.9), (73.0, 755.3), (73.0, 755.0), (73.0, 755.9), (73.0, 755.3), (73.0, 755.0), (73.0, 755.9)]",0,0,5.35
speedrunner,meatboy,8,Stuck,2,0,-45.64,0.104,"[(329.0, 749.0), (343.8, 740.1), (292.2, 691.4), (265.0, 661.5), (265.0, 650.5), (265.0, 658.4), (265.0, 685.1), (227.7, 691.0), (147.7, 701.6), (73.0, 731.0), (73.0, 755.9), (73.0, 755.3), (73.0, 755.0), (73.0, 755.9), (73.0, 755.3), (73.0, 755.0), (73.0, 755.9), (73.0, 755.3), (73.0, 755.0), (73.0, 755.9), (73.0, 755.3), (73.0, 755.0), (73.0, 755.9), (73.0, 755.3), (73.0, 755.0), (73.0, 755.9), (73.0, 755.3), (73.0, 755.0), (73.0, 755.9), (73.0, 755.3), (73.0, 755.0), (73.0, 755.9), (73.0, 755.3), (73.0, 755.0), (73.0, 755.9), (73.0, 755.3), (73.0, 755.0), (73.0, 755.9), (73.0, 755.3), (73.0, 755.0), (73.0, 755.9)]",0,0,5.35
speedrunner,meatboy,8,Stuck,1,0,-48.18,0.104,"[(329.0, 749.0), (281.7, 755.3), (201.7, 755.0), (121.7, 755.9), (73.0, 755.3), (73.0, 755.0), (73.0, 755.9), (73.0, 755.3), (73.0, 755.0), (73.0, 755.9), (73.0, 755.3), (73.0, 755.0), (73.0, 755.9), (73.0, 755.3), (73.0, 755.0), (73.0, 755.9), (73.0, 755.3), (73.0, 755.0), (73.0, 755.9), (73.0, 755.3), (73.0, 755.0), (73.0, 755.9), (73.0, 755.3), (73.0, 755.0), (73.0, 755.9), (73.0, 755.3), (73.0, 755.0), (73.0, 755.9), (73.0, 755.3), (73.0, 755.0), (73.0, 755.9), (73.0, 755.3), (73.0, 755.0), (73.0, 755.9), (73.0, 755.3), (73.0, 755.0), (73.0, 755.9), (73.0, 755.3), (73.0, 755.0)]",0,0,5.13
speedrunner,meatboy,8,Stuck,3,0,-45.73,0.104,"[(329.0, 749.0), (281.7, 740.1), (265.0, 691.4), (265.0, 661.5), (265.0, 650.5), (265.0, 658.4), (263.7, 685.1), (207.7, 730.6), (127.7, 725.9), (73.0, 682.0), (73.0, 656.8), (73.0, 650.5), (73.0, 663.1), (73.0, 694.5), (73.0, 734.2), (73.0, 755.0), (73.0, 755.9), (73.0, 755.3), (73.0, 755.0), (73.0, 755.9), (73.0, 755.3), (73.0, 755.0), (73.0, 755.9), (73.0, 755.3), (73.0, 755.0), (73.0, 755.9), (73.0, 755.3), (73.0, 755.0), (73.0, 755.9), (73.0, 755.3), (73.0, 755.0), (73.0, 755.9), (73.0, 755.3), (73.0, 755.0), (73.0, 755.9), (73.0, 755.3), (73.0, 755.0), (73.0, 755.9), (73.0, 755.3), (73.0, 755.0), (73.0, 755.9)]",0,0,5.35
speedrunner,meatboy,8,Stuck,6,0,-45.73,0.104,"[(329.0, 749.0), (281.7, 740.1), (265.0, 691.4), (265.0, 661.5), (265.0, 650.5), (265.0, 658.4), (263.7, 685.1), (207.7, 730.6), (127.7, 725.9), (73.0, 682.0), (73.0, 656.8), (73.0, 650.5), (73.0, 663.1), (73.0, 694.5), (73.0, 734.2), (73.0, 732.8), (73.0, 686.4), (73.0, 658.9), (73.0, 650.3), (73.0, 660.5), (73.0, 689.5), (73.0, 729.2), (73.0, 739.9), (73.0, 691.2), (73.0, 661.4), (73.0, 650.4), (73.0, 658.2), (73.0, 684.9), (73.0, 724.3), (73.0, 747.3), (73.0, 696.2), (73.0, 664.1), (73.0, 650.7), (73.0, 656.2), (73.0, 680.5), (73.0, 719.3), (73.0, 755.0), (73.0, 701.6), (73.0, 667.0), (73.0, 651.3), (73.0, 654.5)]",0,0,5.35
speedrunner,meatboy,8,Stuck,1,0,-46.49,0.104,"[(329.0, 749.0), (367.2, 755.3), (339.2, 755.0), (259.5, 755.9), (179.5, 755.3), (99.5, 755.0), (73.0, 755.9), (73.0, 755.3), (73.0, 755.0), (73.0, 755.9), (73.0, 755.3), (73.0, 755.0), (73.0, 755.9), (73.0, 755.3), (73.0, 755.0), (73.0, 755.9), (73.0, 755.3), (73.0, 755.0), (73.0, 755.9), (73.0, 755.3), (73.0, 755.0), (73.0, 755.9), (73.0, 755.3), (73.0, 755.0), (73.0, 755.9), (73.0, 755.3), (73.0, 755.0), (73.0, 755.9), (73.0, 755.3), (73.0, 755.0), (73.0, 755.9), (73.0, 755.3), (73.0, 755.0), (73.0, 755.9), (73.0, 755.3), (73.0, 755.0), (73.0, 755.9), (73.0, 755.3), (73.0, 755.0), (73.0, 755.9), (73.0, 755.3)]",0,0,5.37
speedrunner,meatboy,8,Stuck,2,0,-43.59,0.104,"[(329.0, 749.0), (370.4, 740.1), (402.9, 691.4), (351.3, 661.5), (271.3, 650.5), (265.0, 658.4), (265.0, 685.1), (265.0, 724.5), (269.7, 747.3), (278.2, 696.2), (291.9, 664.1), (232.3, 650.7), (152.3, 656.2), (73.0, 680.5), (73.0, 719.3), (73.0, 755.0), (73.0, 755.9), (73.0, 755.3), (73.0, 755.0), (73.0, 755.9), (73.0, 755.3), (73.0, 755.0), (73.0, 755.9), (73.0, 755.3), (73.0, 755.0), (73.0, 755.9), (73.0, 755.3), (73.0, 755.0), (73.0, 755.9), (73.0, 755.3), (73.0, 755.0), (73.0, 755.9), (73.0, 755.3), (73.0, 755.0), (73.0, 755.9), (73.0, 755.3), (73.0, 755.0), (73.0, 755.9), (73.0, 755.3), (73.0, 755.0), (73.0, 755.9), (73.0, 755.3)]",0,0,5.52
speedrunner,meatboy,8,Stuck,2,0,-43.59,0.104,"[(329.0, 749.0), (370.4, 740.1), (402.9, 691.4), (351.3, 661.5), (271.3, 650.5), (265.0, 658.4), (265.0, 685.1), (265.0, 724.5), (269.7, 747.3), (278.2, 696.2), (291.9, 664.1), (232.3, 650.7), (152.3, 656.2), (73.0, 680.5), (73.0, 719.3), (73.0, 755.0), (73.0, 755.9), (73.0, 755.3), (73.0, 755.0), (73.0, 755.9), (73.0, 755.3), (73.0, 755.0), (73.0, 755.9), (73.0, 755.3), (73.0, 755.0), (73.0, 755.9), (73.0, 755.3), (73.0, 755.0), (73.0, 755.9), (73.0, 755.3), (73.0, 755.0), (73.0, 755.9), (73.0, 755.3), (73.0, 755.0), (73.0, 755.9), (73.0, 755.3), (73.0, 755.0), (73.0, 755.9), (73.0, 755.3), (73.0, 755.0), (73.0, 755.9), (73.0, 755.3)]",0,0,5.52
speedrunner,meatboy,8,Stuck,6,0,-45.73,0.104,"[(329.0, 749.0), (281.7, 740.1), (265.0, 691.4), (265.0, 661.5), (265.0, 650.5), (265.0, 658.4), (263.7, 685.1), (207.7, 730.6), (127.7, 725.9), (73.0, 682.0), (73.0, 656.8), (73.0, 650.5), (73.0, 663.1), (73.0, 694.5), (73.0, 734.2), (73.0, 732.8), (73.0, 686.4), (73.0, 658.9), (73.0, 650.3), (73.0, 660.5), (73.0, 689.5), (73.0, 729.2), (73.0, 739.9), (73.0, 691.2), (73.0, 661.4), (73.0, 650.4), (73.0, 658.2), (73.0, 684.9), (73.0, 724.3), (73.0, 747.3), (73.0, 696.2), (73.0, 664.1), (73.0, 650.7), (73.0, 656.2), (73.0, 680.5), (73.0, 719.3), (73.0, 755.0), (73.0, 701.6), (73.0, 667.0), (73.0, 651.3), (73.0, 654.5)]",0,0,5.35
speedrunner,meatboy,8,Stuck,3,0,-45.73,0.104,"[(329.0, 749.0), (281.7, 740.1), (265.0, 691.4), (265.0, 661.5), (265.0, 650.5), (265.0, 658.4), (263.7, 685.1), (207.7, 730.6), (127.7, 725.9), (73.0, 682.0), (73.0, 656.8), (73.0, 650.5), (73.0, 663.1), (73.0, 694.5), (73.0, 734.2), (73.0, 755.0), (73.0, 755.9), (73.0, 755.3), (73.0, 755.0), (73.0, 755.9), (73.0, 755.3), (73.0, 755.0), (73.0, 755.9), (73.0, 755.3), (73.0, 755.0), (73.0, 755.9), (73.0, 755.3), (73.0, 755.0), (73.0, 755.9), (73.0, 755.3), (73.0, 755.0), (73.0, 755.9), (73.0, 755.3), (73.0, 755.0), (73.0, 755.9), (73.0, 755.3), (73.0, 755.0), (73.0, 755.9), (73.0, 755.3), (73.0, 755.0), (73.0, 755.9)]",0,0,5.35
speedrunner,meatboy,8,Stuck,2,0,-45.64,0.104,"[(329.0, 749.0), (343.8, 740.1), (292.2, 691.4), (265.0, 661.5), (265.0, 650.5), (265.0, 658.4), (265.0, 685.1), (227.7, 691.0), (147.7, 701.6), (73.0, 731.0), (73.0, 755.9), (73.0, 755.3), (73.0, 755.0), (73.0, 755.9), (73.0, 755.3), (73.0, 755.0), (73.0, 755.9), (73.0, 755.3), (73.0, 755.0), (73.0, 755.9), (73.0, 755.3), (73.0, 755.0), (73.0, 755.9), (73.0, 755.3), (73.0, 755.0), (73.0, 755.9), (73.0, 755.3), (73.0, 755.0), (73.0, 755.9), (73.0, 755.3), (73.0, 755.0), (73.0, 755.9), (73.0, 755.3), (73.0, 755.0), (73.0, 755.9), (73.0, 755.3), (73.0, 755.0), (73.0, 755.9), (73.0, 755.3), (73.0, 755.0), (73.0, 755.9)]",0,0,5.35
speedrunner,meatboy,8,Stuck,3,0,-43.76,0.104,"[(329.0, 749.0), (370.4, 740.1), (421.2, 691.4), (389.2, 661.5), (309.2, 650.5), (265.0, 658.4), (265.0, 685.1), (265.0, 724.5), (269.7, 747.3), (278.2, 696.2), (330.5, 664.1), (362.5, 650.7), (310.5, 656.2), (230.5, 680.5), (150.5, 723.7), (73.0, 755.0), (73.0, 755.9), (73.0, 755.3), (73.0, 755.0), (73.0, 755.9), (73.0, 755.3), (73.0, 755.0), (73.0, 755.9), (73.0, 755.3), (73.0, 755.0), (73.0, 755.9), (73.0, 755.3), (73.0, 755.0), (73.0, 755.9), (73.0, 755.3), (73.0, 755.0), (73.0, 755.9), (73.0, 755.3), (73.0, 755.0), (73.0, 755.9), (73.0, 755.3), (73.0, 755.0), (73.0, 755.9), (73.0, 755.3), (73.0, 755.0), (73.0, 755.9), (73.0, 755.3)]",0,0,5.58
speedrunner,meatboy,8,Stuck,7,0,-44.58,0.104,"[(329.0, 749.0), (367.2, 755.3), (339.2, 713.2), (265.0, 673.9), (265.0, 653.5), (265.0, 651.9), (265.0, 669.2), (265.0, 704.4), (265.0, 744.1), (266.3, 733.6), (271.8, 693.0), (241.8, 688.3), (162.1, 702.5), (82.1, 735.5), (73.0, 732.8), (73.0, 686.4), (73.0, 658.9), (73.0, 650.3), (73.0, 660.5), (73.0, 689.5), (73.0, 729.2), (73.0, 739.9), (73.0, 691.2), (73.0, 661.4), (73.0, 650.4), (73.0, 658.2), (73.0, 684.9), (73.0, 724.3), (73.0, 747.3), (73.0, 696.2), (73.0, 664.1), (73.0, 650.7), (73.0, 656.2), (73.0, 680.5), (73.0, 719.3), (73.0, 755.0), (73.0, 701.6), (73.0, 667.0), (73.0, 651.3), (73.0, 654.5), (73.0, 676.4)]",0,0,5.42
speedrunner,meatboy,8,Stuck,2,0,-45.73,0.104,"[(329.0, 749.0), (281.7, 740.1), (265.0, 691.4), (265.0, 661.5), (265.0, 650.5), (265.0, 658.4), (263.7, 685.1), (207.7, 730.6), (127.7, 755.3), (73.0, 755.0), (73.0, 755.9), (73.0, 755.3), (73.0, 755.0), (73.0, 755.9), (73.0, 755.3), (73.0, 755.0), (73.0, 755.9), (73.0, 755.3), (73.0, 755.0), (73.0, 755.9), (73.0, 755.3), (73.0, 755.0), (73.0, 755.9), (73.0, 755.3), (73.0, 755.0), (73.0, 755.9), (73.0, 755.3), (73.0, 755.0), (73.0, 755.9), (73.0, 755.3), (73.0, 755.0), (73.0, 755.9), (73.0, 755.3), (73.0, 755.0), (73.0, 755.9), (73.0, 755.3), (73.0, 755.0), (73.0, 755.9), (73.0, 755.3), (73.0, 755.0), (73.0, 755.9)]",0,0,5.35
speedrunner,meatboy,8,Stuck,1,0,-48.18,0.104,"[(329.0, 749.0), (281.7, 755.3), (201.7, 755.0), (121.7, 755.9), (73.0, 755.3), (73.0, 755.0), (73.0, 755.9), (73.0, 755.3), (73.0, 755.0), (73.0, 755.9), (73.0, 755.3), (73.0, 755.0), (73.0, 755.9), (73.0, 755.3), (73.0, 755.0), (73.0, 755.9), (73.0, 755.3), (73.0, 755.0), (73.0, 755.9), (73.0, 755.3), (73.0, 755.0), (73.0, 755.9), (73.0, 755.3), (73.0, 755.0), (73.0, 755.9), (73.0, 755.3), (73.0, 755.0), (73.0, 755.9), (73.0, 755.3), (73.0, 755.0), (73.0, 755.9), (73.0, 755.3), (73.0, 755.0), (73.0, 755.9), (73.0, 755.3), (73.0, 755.0), (73.0, 755.9), (73.0, 755.3), (73.0, 755.0)]",0,0,5.13
speedrunner,meatboy,8,Stuck,6,0,-45.73,0.104,"[(329.0, 749.0), (281.7, 740.1), (265.0, 691.4), (265.0, 661.5), (265.0, 650.5), (265.0, 658.4), (263.7, 685.1), (207.7, 730.6), (127.7, 725.9), (73.0, 682.0), (73.0, 656.8), (73.0, 650.5), (73.0, 663.1), (73.0, 694.5), (73.0, 734.2), (73.0, 732.8), (73.0, 686.4), (73.0, 658.9), (73.0, 650.3), (73.0, 660.5), (73.0, 689.5), (73.0, 729.2), (73.0, 739.9), (73.0, 691.2), (73.0, 661.4), (73.0, 650.4), (73.0, 658.2), (73.0, 684.9), (73.0, 724.3), (73.0, 747.3), (73.0, 696.2), (73.0, 664.1), (73.0, 650.7), (73.0, 656.2), (73.0, 680.5), (73.0, 719.3), (73.0, 755.0), (73.0, 701.6), (73.0, 667.0), (73.0, 651.3), (73.0, 654.5)]",0,0,5.35
speedrunner,meatboy,8,Stuck,2,0,-45.73,0.104,"[(329.0, 749.0), (281.7, 740.1), (265.0, 691.4), (265.0, 661.5), (265.0, 650.5), (265.0, 658.4), (263.7, 685.1), (207.7, 730.6), (127.7, 725.9), (73.0, 682.0), (73.0, 656.8), (73.0, 650.5), (73.0, 663.1), (73.0, 694.5), (73.0, 734.2), (73.0, 755.0), (73.0, 755.9), (73.0, 755.3), (73.0, 755.0), (73.0, 755.9), (73.0, 755.3), (73.0, 755.0), (73.0, 755.9), (73.0, 755.3), (73.0, 755.0), (73.0, 755.9), (73.0, 755.3), (73.0, 755.0), (73.0, 755.9), (73.0, 755.3), (73.0, 755.0), (73.0, 755.9), (73.0, 755.3), (73.0, 755.0), (73.0, 755.9), (73.0, 755.3), (73.0, 755.0), (73.0, 755.9), (73.0, 755.3), (73.0, 755.0), (73.0, 755.9)]",0,0,5.35
speedrunner,meatboy,8,Stuck,2,0,-45.73,0.104,"[(329.0, 749.0), (281.7, 740.1), (265.0, 691.4), (265.0, 661.5), (265.0, 650.5), (265.0, 658.4), (263.7, 685.1), (207.7, 730.6), (127.7, 725.9), (73.0, 682.0), (73.0, 656.8), (73.0, 650.5), (73.0, 663.1), (73.0, 694.5), (73.0, 734.2), (73.0, 755.0), (73.0, 755.9), (73.0, 755.3), (73.0, 755.0), (73.0, 755.9), (73.0, 755.3), (73.0, 755.0), (73.0, 755.9), (73.0, 755.3), (73.0, 755.0), (73.0, 755.9), (73.0, 755.3), (73.0, 755.0), (73.0, 755.9), (73.0, 755.3), (73.0, 755.0), (73.0, 755.9), (73.0, 755.3), (73.0, 755.0), (73.0, 755.9), (73.0, 755.3), (73.0, 755.0), (73.0, 755.9), (73.0, 755.3), (73.0, 755.0), (73.0, 755.9)]",0,0,5.35
speedrunner,meatboy,8,Stuck,6,0,-45.73,0.104,"[(329.0, 749.0), (281.7, 740.1), (265.0, 691.4), (265.0, 661.5), (265.0, 650.5), (265.0, 658.4), (263.7, 685.1), (207.7, 730.6), (127.7, 725.9), (73.0, 682.0), (73.0, 656.8), (73.0, 650.5), (73.0, 663.1), (73.0, 694.5), (73.0, 734.2), (73.0, 732.8), (73.0, 686.4), (73.0, 658.9), (73.0, 650.3), (73.0, 660.5), (73.0, 689.5), (73.0, 729.2), (73.0, 739.9), (73.0, 691.2), (73.0, 661.4), (73.0, 650.4), (73.0, 658.2), (73.0, 684.9), (73.0, 724.3), (73.0, 747.3), (73.0, 696.2), (73.0, 664.1), (73.0, 650.7), (73.0, 656.2), (73.0, 680.5), (73.0, 719.3), (73.0, 755.0), (73.0, 701.6), (73.0, 667.0), (73.0, 651.3), (73.0, 654.5)]",0,0,5.35
speedrunner,meatboy,8,Stuck,2,0,-45.73,0.104,"[(329.0, 749.0), (281.7, 740.1), (265.0, 691.4), (265.0, 661.5), (265.0, 650.5), (265.0, 658.4), (263.7, 685.1), (207.7, 730.6), (127.7, 755.3), (73.0, 755.0), (73.0, 755.9), (73.0, 755.3), (73.0, 755.0), (73.0, 755.9), (73.0, 755.3), (73.0, 755.0), (73.0, 755.9), (73.0, 755.3), (73.0, 755.0), (73.0, 755.9), (73.0, 755.3), (73.0, 755.0), (73.0, 755.9), (73.0, 755.3), (73.0, 755.0), (73.0, 755.9), (73.0, 755.3), (73.0, 755.0), (73.0, 755.9), (73.0, 755.3), (73.0, 755.0), (73.0, 755.9), (73.0, 755.3), (73.0, 755.0), (73.0, 755.9), (73.0, 755.3), (73.0, 755.0), (73.0, 755.9), (73.0, 755.3), (73.0, 755.0), (73.0, 755.9)]",0,0,5.35
speedrunner,meatboy,8,Stuck,7,0,-44.58,0.104,"[(329.0, 749.0), (367.2, 755.3), (339.2, 713.2), (265.0, 673.9), (265.0, 653.5), (265.0, 651.9), (265.0, 669.2), (265.0, 704.4), (265.0, 744.1), (266.3, 733.6), (271.8, 693.0), (241.8, 688.3), (162.1, 702.5), (82.1, 735.5), (73.0, 732.8), (73.0, 686.4), (73.0, 658.9), (73.0, 650.3), (73.0, 660.5), (73.0, 689.5), (73.0, 729.2), (73.0, 739.9), (73.0, 691.2), (73.0, 661.4), (73.0, 650.4), (73.0, 658.2), (73.0, 684.9), (73.0, 724.3), (73.0, 747.3), (73.0, 696.2), (73.0, 664.1), (73.0, 650.7), (73.0, 656.2), (73.0, 680.5), (73.0, 719.3), (73.0, 755.0), (73.0, 701.6), (73.0, 667.0), (73.0, 651.3), (73.0, 654.5), (73.0, 676.4)]",0,0,5.42
speedrunner,meatboy,8,Stuck,2,0,-45.73,0.104,"[(329.0, 749.0), (281.7, 740.1), (265.0, 691.4), (265.0, 661.5), (265.0, 650.5), (265.0, 658.4), (263.7, 685.1), (207.7, 730.6), (127.7, 725.9), (73.0, 682.0), (73.0, 656.8), (73.0, 650.5), (73.0, 663.1), (73.0, 694.5), (73.0, 734.2), (73.0, 755.0), (73.0, 755.9), (73.0, 755.3), (73.0, 755.0), (73.0, 755.9), (73.0, 755.3), (73.0, 755.0), (73.0, 755.9), (73.0, 755.3), (73.0, 755.0), (73.0, 755.9), (73.0, 755.3), (73.0, 755.0), (73.0, 755.9), (73.0, 755.3), (73.0, 755.0), (73.0, 755.9), (73.0, 755.3), (73.0, 755.0), (73.0, 755.9), (73.0, 755.3), (73.0, 755.0), (73.0, 755.9), (73.0, 755.3), (73.0, 755.0), (73.0, 755.9)]",0,0,5.35
speedrunner,meatboy,8,Stuck,1,0,-48.18,0.104,"[(329.0, 749.0), (281.7, 755.3), (201.7, 755.0), (121.7, 755.9), (73.0, 755.3), (73.0, 755.0), (73.0, 755.9), (73.0, 755.3), (73.0, 755.0), (73.0, 755.9), (73.0, 755.3), (73.0, 755.0), (73.0, 755.9), (73.0, 755.3), (73.0, 755.0), (73.0, 755.9), (73.0, 755.3), (73.0, 755.0), (73.0, 755.9), (73.0, 755.3), (73.0, 755.0), (73.0, 755.9), (73.0, 755.3), (73.0, 755.0), (73.0, 755.9), (73.0, 755.3), (73.0, 755.0), (73.0, 755.9), (73.0, 755.3), (73.0, 755.0), (73.0, 755.9), (73.0, 755.3), (73.0, 755.0), (73.0, 755.9), (73.0, 755.3), (73.0, 755.0), (73.0, 755.9), (73.0, 755.3), (73.0, 755.0)]",0,0,5.13
speedrunner,meatboy,8,Stuck,6,0,-43.2,0.104,"[(329.0, 749.0), (370.4, 740.1), (429.2, 691.4), (407.8, 661.5), (329.2, 650.5), (265.0, 658.4), (265.0, 685.1), (265.0, 724.5), (269.7, 747.3), (267.5, 696.2), (275.7, 664.1), (219.7, 653.9), (139.7, 669.2), (73.0, 703.0), (73.0, 742.7), (73.0, 719.4), (73.0, 677.8), (73.0, 655.0), (73.0, 651.1), (73.0, 666.0), (73.0, 699.5), (73.0, 739.2), (73.0, 725.9), (73.0, 682.0), (73.0, 656.8), (73.0, 650.5), (73.0, 663.1), (73.0, 694.5), (73.0, 734.2), (73.0, 732.8), (73.0, 686.4), (73.0, 658.9), (73.0, 650.3), (73.0, 660.5), (73.0, 689.5), (73.0, 729.2), (73.0, 739.9), (73.0, 691.2), (73.0, 661.4), (73.0, 650.4), (73.0, 658.2), (73.0, 684.9), (73.0, 724.3)]",0,0,5.62
speedrunner,meatboy,8,Stuck,5,0,-45.29,0.104,"[(329.0, 749.0), (367.8, 740.1), (357.6, 691.4), (281.7, 661.5), (265.0, 650.5), (265.0, 658.4), (265.0, 685.1), (265.0, 724.5), (269.7, 747.3), (295.2, 696.2), (364.4, 664.1), (407.1, 650.7), (364.4, 656.2), (284.4, 680.5), (232.4, 723.7), (254.6, 732.8), (328.7, 686.4), (395.4, 658.9), (395.4, 650.3), (323.4, 660.5), (247.4, 689.5), (236.7, 737.4), (294.3, 719.4), (368.9, 677.8), (390.3, 655.0), (330.3, 651.1), (250.3, 666.0), (218.3, 699.8), (270.3, 752.4), (347.7, 707.2), (390.4, 670.3), (347.7, 652.3), (267.7, 653.0), (187.7, 672.7), (107.7, 711.1), (73.0, 755.0), (73.0, 755.9), (73.0, 755.3), (73.0, 755.0), (73.0, 755.9), (73.0, 755.3)]",0,0,5.4
speedrunner,meatboy,8,Stuck,3,0,55.36,0.896,"[(329.0, 749.0), (370.4, 740.1), (439.0, 691.4), (439.0, 661.5), (439.0, 650.5), (439.0, 658.4), (439.0, 685.1), (495.0, 730.6), (575.0, 725.9), (631.0, 682.0), (631.0, 656.8), (631.0, 650.5), (631.0, 663.1), (631.0, 694.5), (631.0, 734.2), (631.0, 755.0), (631.0, 755.9), (631.0, 755.3), (631.0, 755.0), (631.0, 755.9), (631.0, 755.3), (631.0, 755.0), (631.0, 755.9), (631.0, 755.3), (631.0, 755.0), (631.0, 755.9), (631.0, 755.3), (631.0, 755.0), (631.0, 755.9), (631.0, 755.3), (631.0, 755.0), (631.0, 755.9), (631.0, 755.3), (631.0, 755.0), (631.0, 755.9), (631.0, 755.3), (631.0, 755.0), (631.0, 755.9), (631.0, 755.3), (631.0, 755.0), (631.0, 755.9)]",0,0,5.35
speedrunner,meatboy,8,Saw,2,0,27.92,0.497,"[(329.0, 749.0), (367.2, 755.3), (342.9, 708.1), (265.0, 671.2), (265.0, 653.1), (265.0, 653.9), (265.0, 673.6), (275.3, 695.9), (350.0, 631.6)]",0,0,1.07
speedrunner,meatboy,8,Saw,2,0,27.92,0.497,"[(329.0, 749.0), (367.2, 755.3), (342.9, 708.1), (265.0, 671.2), (265.0, 653.1), (265.0, 653.9), (265.0, 673.6), (275.3, 695.9), (350.0, 631.6)]",0,0,1.07
speedrunner,meatboy,8,Stuck,5,0,-45.29,0.104,"[(329.0, 749.0), (367.8, 740.1), (357.6, 691.4), (281.7, 661.5), (265.0, 650.5), (265.0, 658.4), (265.0, 685.1), (265.0, 724.5), (269.7, 747.3), (295.2, 696.2), (364.4, 664.1), (407.1, 650.7), (364.4, 656.2), (284.4, 680.5), (232.4, 723.7), (254.6, 732.8), (328.7, 686.4), (395.4, 658.9), (395.4, 650.3), (323.4, 660.5), (247.4, 689.5), (236.7, 737.4), (294.3, 719.4), (368.9, 677.8), (390.3, 655.0), (330.3, 651.1), (250.3, 666.0), (218.3, 699.8), (270.3, 752.4), (347.7, 707.2), (390.4, 670.3), (347.7, 652.3), (267.7, 653.0), (187.7, 672.7), (107.7, 711.1), (73.0, 755.0), (73.0, 755.9), (73.0, 755.3), (73.0, 755.0), (73.0, 755.9), (73.0, 755.3)]",0,0,5.4
speedrunner,meatboy,8,Stuck,6,0,-43.2,0.104,"[(329.0, 749.0), (370.4, 740.1), (429.2, 691.4), (407.8, 661.5), (329.2, 650.5), (265.0, 658.4), (265.0, 685.1), (265.0, 724.5), (269.7, 747.3), (267.5, 696.2), (275.7, 664.1), (219.7, 653.9), (139.7, 669.2), (73.0, 703.0), (73.0, 742.7), (73.0, 719.4), (73.0, 677.8), (73.0, 655.0), (73.0, 651.1), (73.0, 666.0), (73.0, 699.5), (73.0, 739.2), (73.0, 725.9), (73.0, 682.0), (73.0, 656.8), (73.0, 650.5), (73.0, 663.1), (73.0, 694.5), (73.0, 734.2), (73.0, 732.8), (73.0, 686.4), (73.0, 658.9), (73.0, 650.3), (73.0, 660.5), (73.0, 689.5), (73.0, 729.2), (73.0, 739.9), (73.0, 691.2), (73.0, 661.4), (73.0, 650.4), (73.0, 658.2), (73.0, 684.9), (73.0, 724.3)]",0,0,5.62
speedrunner,meatboy,8,Stuck,2,0,-45.73,0.104,"[(329.0, 749.0), (281.7, 740.1), (265.0, 691.4), (265.0, 661.5), (265.0, 650.5), (265.0, 658.4), (263.7, 685.1), (207.7, 730.6), (127.7, 725.9), (73.0, 682.0), (73.0, 656.8), (73.0, 650.5), (73.0, 663.1), (73.0, 694.5), (73.0, 734.2), (73.0, 755.0), (73.0, 755.9), (73.0, 755.3), (73.0, 755.0), (73.0, 755.9), (73.0, 755.3), (73.0, 755.0), (73.0, 755.9), (73.0, 755.3), (73.0, 755.0), (73.0, 755.9), (73.0, 755.3), (73.0, 755.0), (73.0, 755.9), (73.0, 755.3), (73.0, 755.0), (73.0, 755.9), (73.0, 755.3), (73.0, 755.0), (73.0, 755.9), (73.0, 755.3), (73.0, 755.0), (73.0, 755.9), (73.0, 755.3), (73.0, 755.0), (73.0, 755.9)]",0,0,5.35
speedrunner,meatboy,8,Stuck,3,0,-45.24,0.104,"[(329.0, 749.0), (367.8, 740.1), (357.6, 691.4), (281.7, 661.5), (265.0, 650.5), (265.0, 658.4), (265.0, 685.1), (265.0, 724.5), (269.7, 747.3), (265.0, 696.2), (243.7, 677.6), (166.3, 682.4), (86.3, 705.9), (73.0, 744.4), (73.0, 755.9), (73.0, 755.3), (73.0, 755.0), (73.0, 755.9), (73.0, 755.3), (73.0, 755.0), (73.0, 755.9), (73.0, 755.3), (73.0, 755.0), (73.0, 755.9), (73.0, 755.3), (73.0, 755.0), (73.0, 755.9), (73.0, 755.3), (73.0, 755.0), (73.0, 755.9), (73.0, 755.3), (73.0, 755.0), (73.0, 755.9), (73.0, 755.3), (73.0, 755.0), (73.0, 755.9), (73.0, 755.3), (73.0, 755.0), (73.0, 755.9), (73.0, 755.3), (73.0, 755.0)]",0,0,5.4
speedrunner,meatboy,8,Stuck,2,0,-45.73,0.104,"[(329.0, 749.0), (281.7, 740.1), (265.0, 691.4), (265.0, 661.5), (265.0, 650.5), (265.0, 658.4), (263.7, 685.1), (207.7, 730.6), (127.7, 725.9), (73.0, 682.0), (73.0, 656.8), (73.0, 650.5), (73.0, 663.1), (73.0, 694.5), (73.0, 734.2), (73.0, 755.0), (73.0, 755.9), (73.0, 755.3), (73.0, 755.0), (73.0, 755.9), (73.0, 755.3), (73.0, 755.0), (73.0, 755.9), (73.0, 755.3), (73.0, 755.0), (73.0, 755.9), (73.0, 755.3), (73.0, 755.0), (73.0, 755.9), (73.0, 755.3), (73.0, 755.0), (73.0, 755.9), (73.0, 755.3), (73.0, 755.0), (73.0, 755.9), (73.0, 755.3), (73.0, 755.0), (73.0, 755.9), (73.0, 755.3), (73.0, 755.0), (73.0, 755.9)]",0,0,5.35
speedrunner,meatboy,8,Stuck,1,0,-48.18,0.104,"[(329.0, 749.0), (281.7, 755.3), (201.7, 755.0), (121.7, 755.9), (73.0, 755.3), (73.0, 755.0), (73.0, 755.9), (73.0, 755.3), (73.0, 755.0), (73.0, 755.9), (73.0, 755.3), (73.0, 755.0), (73.0, 755.9), (73.0, 755.3), (73.0, 755.0), (73.0, 755.9), (73.0, 755.3), (73.0, 755.0), (73.0, 755.9), (73.0, 755.3), (73.0, 755.0), (73.0, 755.9), (73.0, 755.3), (73.0, 755.0), (73.0, 755.9), (73.0, 755.3), (73.0, 755.0), (73.0, 755.9), (73.0, 755.3), (73.0, 755.0), (73.0, 755.9), (73.0, 755.3), (73.0, 755.0), (73.0, 755.9), (73.0, 755.3), (73.0, 755.0), (73.0, 755.9), (73.0, 755.3), (73.0, 755.0)]",0,0,5.13
speedrunner,meatboy,8,Stuck,2,0,-45.73,0.104,"[(329.0, 749.0), (281.7, 740.1), (265.0, 691.4), (265.0, 661.5), (265.0, 650.5), (265.0, 658.4), (263.7, 685.1), (207.7, 730.6), (127.7, 725.9), (73.0, 682.0), (73.0, 656.8), (73.0, 650.5), (73.0, 663.1), (73.0, 694.5), (73.0, 734.2), (73.0, 755.0), (73.0, 755.9), (73.0, 755.3), (73.0, 755.0), (73.0, 755.9), (73.0, 755.3), (73.0, 755.0), (73.0, 755.9), (73.0, 755.3), (73.0, 755.0), (73.0, 755.9), (73.0, 755.3), (73.0, 755.0), (73.0, 755.9), (73.0, 755.3), (73.0, 755.0), (73.0, 755.9), (73.0, 755.3), (73.0, 755.0), (73.0, 755.9), (73.0, 755.3), (73.0, 755.0), (73.0, 755.9), (73.0, 755.3), (73.0, 755.0), (73.0, 755.9)]",0,0,5.35
speedrunner,meatboy,8,Stuck,3,0,-45.73,0.104,"[(329.0, 749.0), (281.7, 740.1), (265.0, 691.4), (265.0, 661.5), (265.0, 650.5), (265.0, 658.4), (263.7, 685.1), (207.7, 730.6), (127.7, 725.9), (73.0, 682.0), (73.0, 656.8), (73.0, 650.5), (73.0, 663.1), (73.0, 694.5), (73.0, 734.2), (73.0, 755.0), (73.0, 755.9), (73.0, 755.3), (73.0, 755.0), (73.0, 755.9), (73.0, 755.3), (73.0, 755.0), (73.0, 755.9), (73.0, 755.3), (73.0, 755.0), (73.0, 755.9), (73.0, 755.3), (73.0, 755.0), (73.0, 755.9), (73.0, 755.3), (73.0, 755.0), (73.0, 755.9), (73.0, 755.3), (73.0, 755.0), (73.0, 755.9), (73.0, 755.3), (73.0, 755.0), (73.0, 755.9), (73.0, 755.3), (73.0, 755.0), (73.0, 755.9)]",0,0,5.35
speedrunner,meatboy,8,Stuck,2,0,-45.73,0.104,"[(329.0, 749.0), (281.7, 740.1), (265.0, 691.4), (265.0, 661.5), (265.0, 650.5), (265.0, 658.4), (263.7, 685.1), (207.7, 730.6), (127.7, 725.9), (73.0, 682.0), (73.0, 656.8), (73.0, 650.5), (73.0, 663.1), (73.0, 694.5), (73.0, 734.2), (73.0, 755.0), (73.0, 755.9), (73.0, 755.3), (73.0, 755.0), (73.0, 755.9), (73.0, 755.3), (73.0, 755.0), (73.0, 755.9), (73.0, 755.3), (73.0, 755.0), (73.0, 755.9), (73.0, 755.3), (73.0, 755.0), (73.0, 755.9), (73.0, 755.3), (73.0, 755.0), (73.0, 755.9), (73.0, 755.3), (73.0, 755.0), (73.0, 755.9), (73.0, 755.3), (73.0, 755.0), (73.0, 755.9), (73.0, 755.3), (73.0, 755.0), (73.0, 755.9)]",0,0,5.35
speedrunner,meatboy,8,Stuck,2,0,-45.73,0.104,"[(329.0, 749.0), (281.7, 740.1), (265.0, 691.4), (265.0, 661.5), (265.0, 650.5), (265.0, 658.4), (263.7, 685.1), (207.7, 730.6), (127.7, 725.9), (73.0, 682.0), (73.0, 656.8), (73.0, 650.5), (73.0, 663.1), (73.0, 694.5), (73.0, 734.2), (73.0, 755.0), (73.0, 755.9), (73.0, 755.3), (73.0, 755.0), (73.0, 755.9), (73.0, 755.3), (73.0, 755.0), (73.0, 755.9), (73.0, 755.3), (73.0, 755.0), (73.0, 755.9), (73.0, 755.3), (73.0, 755.0), (73.0, 755.9), (73.0, 755.3), (73.0, 755.0), (73.0, 755.9), (73.0, 755.3), (73.0, 755.0), (73.0, 755.9), (73.0, 755.3), (73.0, 755.0), (73.0, 755.9), (73.0, 755.3), (73.0, 755.0), (73.0, 755.9)]",0,0,5.35
speedrunner,meatboy,8,Stuck,3,0,-45.73,0.104,"[(329.0, 749.0), (281.7, 740.1), (265.0, 691.4), (265.0, 661.5), (265.0, 650.5), (265.0, 658.4), (263.7, 685.1), (207.7, 730.6), (127.7, 725.9), (73.0, 682.0), (73.0, 656.8), (73.0, 650.5), (73.0, 663.1), (73.0, 694.5), (73.0, 734.2), (73.0, 755.0), (73.0, 755.9), (73.0, 755.3), (73.0, 755.0), (73.0, 755.9), (73.0, 755.3), (73.0, 755.0), (73.0, 755.9), (73.0, 755.3), (73.0, 755.0), (73.0, 755.9), (73.0, 755.3), (73.0, 755.0), (73.0, 755.9), (73.0, 755.3), (73.0, 755.0), (73.0, 755.9), (73.0, 755.3), (73.0, 755.0), (73.0, 755.9), (73.0, 755.3), (73.0, 755.0), (73.0, 755.9), (73.0, 755.3), (73.0, 755.0), (73.0, 755.9)]",0,0,5.35
speedrunner,meatboy,8,Stuck,2,0,-45.73,0.104,"[(329.0, 749.0), (281.7, 740.1), (265.0, 691.4), (265.0, 661.5), (265.0, 650.5), (265.0, 658.4), (263.7, 685.1), (207.7, 730.6), (127.7, 725.9), (73.0, 682.0), (73.0, 656.8), (73.0, 650.5), (73.0, 663.1), (73.0, 694.5), (73.0, 734.2), (73.0, 755.0), (73.0, 755.9), (73.0, 755.3), (73.0, 755.0), (73.0, 755.9), (73.0, 755.3), (73.0, 755.0), (73.0, 755.9), (73.0, 755.3), (73.0, 755.0), (73.0, 755.9), (73.0, 755.3), (73.0, 755.0), (73.0, 755.9), (73.0, 755.3), (73.0, 755.0), (73.0, 755.9), (73.0, 755.3), (73.0, 755.0), (73.0, 755.9), (73.0, 755.3), (73.0, 755.0), (73.0, 755.9), (73.0, 755.3), (73.0, 755.0), (73.0, 755.9)]",0,0,5.35
speedrunner,meatboy,8,Stuck,2,0,-45.73,0.104,"[(329.0, 749.0), (281.7, 740.1), (265.0, 691.4), (265.0, 661.5), (265.0, 650.5), (265.0, 658.4), (263.7, 685.1), (207.7, 730.6), (127.7, 725.9), (73.0, 682.0), (73.0, 656.8), (73.0, 650.5), (73.0, 663.1), (73.0, 694.5), (73.0, 734.2), (73.0, 755.0), (73.0, 755.9), (73.0, 755.3), (73.0, 755.0), (73.0, 755.9), (73.0, 755.3), (73.0, 755.0), (73.0, 755.9), (73.0, 755.3), (73.0, 755.0), (73.0, 755.9), (73.0, 755.3), (73.0, 755.0), (73.0, 755.9), (73.0, 755.3), (73.0, 755.0), (73.0, 755.9), (73.0, 755.3), (73.0, 755.0), (73.0, 755.9), (73.0, 755.3), (73.0, 755.0), (73.0, 755.9), (73.0, 755.3), (73.0, 755.0), (73.0, 755.9)]",0,0,5.35
speedrunner,meatboy,8,Stuck,2,0,-44.9,0.104,"[(329.0, 749.0), (367.8, 740.1), (357.6, 691.4), (281.7, 661.5), (265.0, 650.5), (265.0, 658.4), (265.0, 685.1), (265.0, 724.5), (269.7, 747.3), (265.0, 696.2), (227.7, 664.1), (147.7, 650.7), (73.0, 656.2), (73.0, 680.5), (73.0, 719.3), (73.0, 755.0), (73.0, 755.9), (73.0, 755.3), (73.0, 755.0), (73.0, 755.9), (73.0, 755.3), (73.0, 755.0), (73.0, 755.9), (73.0, 755.3), (73.0, 755.0), (73.0, 755.9), (73.0, 755.3), (73.0, 755.0), (73.0, 755.9), (73.0, 755.3), (73.0, 755.0), (73.0, 755.9), (73.0, 755.3), (73.0, 755.0), (73.0, 755.9), (73.0, 755.3), (73.0, 755.0), (73.0, 755.9), (73.0, 755.3), (73.0, 755.0), (73.0, 755.9)]",0,0,5.4
speedrunner,meatboy,8,Stuck,2,0,-45.15,0.104,"[(329.0, 749.0), (368.1, 747.3), (401.8, 696.2), (368.9, 664.1), (288.9, 650.7), (265.0, 656.2), (265.0, 680.5), (265.0, 719.3), (269.0, 755.0), (272.4, 701.6), (251.1, 667.0), (174.5, 651.3), (94.5, 654.5), (73.0, 676.4), (73.0, 714.3), (73.0, 754.0), (73.0, 755.3), (73.0, 755.0), (73.0, 755.9), (73.0, 755.3), (73.0, 755.0), (73.0, 755.9), (73.0, 755.3), (73.0, 755.0), (73.0, 755.9), (73.0, 755.3), (73.0, 755.0), (73.0, 755.9), (73.0, 755.3), (73.0, 755.0), (73.0, 755.9), (73.0, 755.3), (73.0, 755.0), (73.0, 755.9), (73.0, 755.3), (73.0, 755.0), (73.0, 755.9), (73.0, 755.3), (73.0, 755.0), (73.0, 755.9), (73.0, 755.3), (73.0, 755.0)]",0,0,5.55
speedrunner,meatboy,8,Stuck,6,0,-45.73,0.104,"[(329.0, 749.0), (281.7, 740.1), (265.0, 691.4), (265.0, 661.5), (265.0, 650.5), (265.0, 658.4), (263.7, 685.1), (207.7, 730.6), (127.7, 725.9), (73.0, 682.0), (73.0, 656.8), (73.0, 650.5), (73.0, 663.1), (73.0, 694.5), (73.0, 734.2), (73.0, 732.8), (73.0, 686.4), (73.0, 658.9), (73.0, 650.3), (73.0, 660.5), (73.0, 689.5), (73.0, 729.2), (73.0, 739.9), (73.0, 691.2), (73.0, 661.4), (73.0, 650.4), (73.0, 658.2), (73.0, 684.9), (73.0, 724.3), (73.0, 747.3), (73.0, 696.2), (73.0, 664.1), (73.0, 650.7), (73.0, 656.2), (73.0, 680.5), (73.0, 719.3), (73.0, 755.0), (73.0, 701.6), (73.0, 667.0), (73.0, 651.3), (73.0, 654.5)]",0,0,5.35
speedrunner,meatboy,8,Stuck,1,0,-48.18,0.104,"[(329.0, 749.0), (281.7, 755.3), (201.7, 755.0), (121.7, 755.9), (73.0, 755.3), (73.0, 755.0), (73.0, 755.9), (73.0, 755.3), (73.0, 755.0), (73.0, 755.9), (73.0, 755.3), (73.0, 755.0), (73.0, 755.9), (73.0, 755.3), (73.0, 755.0), (73.0, 755.9), (73.0, 755.3), (73.0, 755.0), (73.0, 755.9), (73.0, 755.3), (73.0, 755.0), (73.0, 755.9), (73.0, 755.3), (73.0, 755.0), (73.0, 755.9), (73.0, 755.3), (73.0, 755.0), (73.0, 755.9), (73.0, 755.3), (73.0, 755.0), (73.0, 755.9), (73.0, 755.3), (73.0, 755.0), (73.0, 755.9), (73.0, 755.3), (73.0, 755.0), (73.0, 755.9), (73.0, 755.3), (73.0, 755.0)]",0,0,5.13
speedrunner,meatboy,8,Stuck,1,0,-45.73,0.104,"[(329.0, 749.0), (281.7, 740.1), (265.0, 691.4), (265.0, 661.5), (265.0, 650.5), (265.0, 658.4), (263.7, 685.1), (207.7, 730.6), (127.7, 755.3), (73.0, 755.0), (73.0, 755.9), (73.0, 755.3), (73.0, 755.0), (73.0, 755.9), (73.0, 755.3), (73.0, 755.0), (73.0, 755.9), (73.0, 755.3), (73.0, 755.0), (73.0, 755.9), (73.0, 755.3), (73.0, 755.0), (73.0, 755.9), (73.0, 755.3), (73.0, 755.0), (73.0, 755.9), (73.0, 755.3), (73.0, 755.0), (73.0, 755.9), (73.0, 755.3), (73.0, 755.0), (73.0, 755.9), (73.0, 755.3), (73.0, 755.0), (73.0, 755.9), (73.0, 755.3), (73.0, 755.0), (73.0, 755.9), (73.0, 755.3), (73.0, 755.0), (73.0, 755.9)]",0,0,5.35
speedrunner,meatboy,8,Stuck,1,0,-48.18,0.104,"[(329.0, 749.0), (281.7, 755.3), (201.7, 755.0), (121.7, 755.9), (73.0, 755.3), (73.0, 755.0), (73.0, 755.9), (73.0, 755.3), (73.0, 755.0), (73.0, 755.9), (73.0, 755.3), (73.0, 755.0), (73.0, 755.9), (73.0, 755.3), (73.0, 755.0), (73.0, 755.9), (73.0, 755.3), (73.0, 755.0), (73.0, 755.9), (73.0, 755.3), (73.0, 755.0), (73.0, 755.9), (73.0, 755.3), (73.0, 755.0), (73.0, 755.9), (73.0, 755.3), (73.0, 755.0), (73.0, 755.9), (73.0, 755.3), (73.0, 755.0), (73.0, 755.9), (73.0, 755.3), (73.0, 755.0), (73.0, 755.9), (73.0, 755.3), (73.0, 755.0), (73.0, 755.9), (73.0, 755.3), (73.0, 755.0)]",0,0,5.13
speedrunner,meatboy,8,Stuck,1,0,-45.73,0.104,"[(329.0, 749.0), (281.7, 740.1), (265.0, 691.4), (265.0, 661.5), (265.0, 650.5), (265.0, 658.4), (263.7, 685.1), (207.7, 730.6), (127.7, 755.3), (73.0, 755.0), (73.0, 755.9), (73.0, 755.3), (73.0, 755.0), (73.0, 755.9), (73.0, 755.3), (73.0, 755.0), (73.0, 755.9), (73.0, 755.3), (73.0, 755.0), (73.0, 755.9), (73.0, 755.3), (73.0, 755.0), (73.0, 755.9), (73.0, 755.3), (73.0, 755.0), (73.0, 755.9), (73.0, 755.3), (73.0, 755.0), (73.0, 755.9), (73.0, 755.3), (73.0, 755.0), (73.0, 755.9), (73.0, 755.3), (73.0, 755.0), (73.0, 755.9), (73.0, 755.3), (73.0, 755.0), (73.0, 755.9), (73.0, 755.3), (73.0, 755.0), (73.0, 755.9)]",0,0,5.35
speedrunner,meatboy,8,Stuck,6,0,-45.73,0.104,"[(329.0, 749.0), (281.7, 740.1), (265.0, 691.4), (265.0, 661.5), (265.0, 650.5), (265.0, 658.4), (263.7, 685.1), (207.7, 730.6), (127.7, 725.9), (73.0, 682.0), (73.0, 656.8), (73.0, 650.5), (73.0, 663.1), (73.0, 694.5), (73.0, 734.2), (73.0, 732.8), (73.0, 686.4), (73.0, 658.9), (73.0, 650.3), (73.0, 660.5), (73.0, 689.5), (73.0, 729.2), (73.0, 739.9), (73.0, 691.2), (73.0, 661.4), (73.0, 650.4), (73.0, 658.2), (73.0, 684.9), (73.0, 724.3), (73.0, 747.3), (73.0, 696.2), (73.0, 664.1), (73.0, 650.7), (73.0, 656.2), (73.0, 680.5), (73.0, 719.3), (73.0, 755.0), (73.0, 701.6), (73.0, 667.0), (73.0, 651.3), (73.0, 654.5)]",0,0,5.35
speedrunner,meatboy,8,Stuck,2,0,-45.15,0.104,"[(329.0, 749.0), (368.1, 747.3), (401.8, 696.2), (368.9, 664.1), (288.9, 650.7), (265.0, 656.2), (265.0, 680.5), (265.0, 719.3), (269.0, 755.0), (272.4, 701.6), (251.1, 667.0), (174.5, 651.3), (94.5, 654.5), (73.0, 676.4), (73.0, 714.3), (73.0, 754.0), (73.0, 755.3), (73.0, 755.0), (73.0, 755.9), (73.0, 755.3), (73.0, 755.0), (73.0, 755.9), (73.0, 755.3), (73.0, 755.0), (73.0, 755.9), (73.0, 755.3), (73.0, 755.0), (73.0, 755.9), (73.0, 755.3), (73.0, 755.0), (73.0, 755.9), (73.0, 755.3), (73.0, 755.0), (73.0, 755.9), (73.0, 755.3), (73.0, 755.0), (73.0, 755.9), (73.0, 755.3), (73.0, 755.0), (73.0, 755.9), (73.0, 755.3), (73.0, 755.0)]",0,0,5.55
speedrunner,meatboy,8,Stuck,2,0,-44.9,0.104,"[(329.0, 749.0), (367.8, 740.1), (357.6, 691.4), (281.7, 661.5), (265.0, 650.5), (265.0, 658.4), (265.0, 685.1), (265.0, 724.5), (269.7, 747.3), (265.0, 696.2), (227.7, 664.1), (147.7, 650.7), (73.0, 656.2), (73.0, 680.5), (73.0, 719.3), (73.0, 755.0), (73.0, 755.9), (73.0, 755.3), (73.0, 755.0), (73.0, 755.9), (73.0, 755.3), (73.0, 755.0), (73.0, 755.9), (73.0, 755.3), (73.0, 755.0), (73.0, 755.9), (73.0, 755.3), (73.0, 755.0), (73.0, 755.9), (73.0, 755.3), (73.0, 755.0), (73.0, 755.9), (73.0, 755.3), (73.0, 755.0), (73.0, 755.9), (73.0, 755.3), (73.0, 755.0), (73.0, 755.9), (73.0, 755.3), (73.0, 755.0), (73.0, 755.9)]",0,0,5.4
speedrunner,meatboy,8,Stuck,2,0,-45.73,0.104,"[(329.0, 749.0), (281.7, 740.1), (265.0, 691.4), (265.0, 661.5), (265.0, 650.5), (265.0, 658.4), (263.7, 685.1), (207.7, 730.6), (127.7, 725.9), (73.0, 682.0), (73.0, 656.8), (73.0, 650.5), (73.0, 663.1), (73.0, 694.5), (73.0, 734.2), (73.0, 755.0), (73.0, 755.9), (73.0, 755.3), (73.0, 755.0), (73.0, 755.9), (73.0, 755.3), (73.0, 755.0), (73.0, 755.9), (73.0, 755.3), (73.0, 755.0), (73.0, 755.9), (73.0, 755.3), (73.0, 755.0), (73.0, 755.9), (73.0, 755.3), (73.0, 755.0), (73.0, 755.9), (73.0, 755.3), (73.0, 755.0), (73.0, 755.9), (73.0, 755.3), (73.0, 755.0), (73.0, 755.9), (73.0, 755.3), (73.0, 755.0), (73.0, 755.9)]",0,0,5.35
speedrunner,meatboy,8,Stuck,1,0,-45.73,0.104,"[(329.0, 749.0), (281.7, 740.1), (265.0, 691.4), (265.0, 661.5), (265.0, 650.5), (265.0, 658.4), (263.7, 685.1), (207.7, 730.6), (127.7, 755.3), (73.0, 755.0), (73.0, 755.9), (73.0, 755.3), (73.0, 755.0), (73.0, 755.9), (73.0, 755.3), (73.0, 755.0), (73.0, 755.9), (73.0, 755.3), (73.0, 755.0), (73.0, 755.9), (73.0, 755.3), (73.0, 755.0), (73.0, 755.9), (73.0, 755.3), (73.0, 755.0), (73.0, 755.9), (73.0, 755.3), (73.0, 755.0), (73.0, 755.9), (73.0, 755.3), (73.0, 755.0), (73.0, 755.9), (73.0, 755.3), (73.0, 755.0), (73.0, 755.9), (73.0, 755.3), (73.0, 755.0), (73.0, 755.9), (73.0, 755.3), (73.0, 755.0), (73.0, 755.9)]",0,0,5.35
speedrunner,meatboy,8,Stuck,6,0,-45.73,0.104,"[(329.0, 749.0), (281.7, 740.1), (265.0, 691.4), (265.0, 661.5), (265.0, 650.5), (265.0, 658.4), (263.7, 685.1), (207.7, 730.6), (127.7, 725.9), (73.0, 682.0), (73.0, 656.8), (73.0, 650.5), (73.0, 663.1), (73.0, 694.5), (73.0, 734.2), (73.0, 732.8), (73.0, 686.4), (73.0, 658.9), (73.0, 650.3), (73.0, 660.5), (73.0, 689.5), (73.0, 729.2), (73.0, 739.9), (73.0, 691.2), (73.0, 661.4), (73.0, 650.4), (73.0, 658.2), (73.0, 684.9), (73.0, 724.3), (73.0, 747.3), (73.0, 696.2), (73.0, 664.1), (73.0, 650.7), (73.0, 656.2), (73.0, 680.5), (73.0, 719.3), (73.0, 755.0), (73.0, 701.6), (73.0, 667.0), (73.0, 651.3), (73.0, 654.5)]",0,0,5.35
speedrunner,meatboy,8,Stuck,1,0,-48.18,0.104,"[(329.0, 749.0), (281.7, 755.3), (201.7, 755.0), (121.7, 755.9), (73.0, 755.3), (73.0, 755.0), (73.0, 755.9), (73.0, 755.3), (73.0, 755.0), (73.0, 755.9), (73.0, 755.3), (73.0, 755.0), (73.0, 755.9), (73.0, 755.3), (73.0, 755.0), (73.0, 755.9), (73.0, 755.3), (73.0, 755.0), (73.0, 755.9), (73.0, 755.3), (73.0, 755.0), (73.0, 755.9), (73.0, 755.3), (73.0, 755.0), (73.0, 755.9), (73.0, 755.3), (73.0, 755.0), (73.0, 755.9), (73.0, 755.3), (73.0, 755.0), (73.0, 755.9), (73.0, 755.3), (73.0, 755.0), (73.0, 755.9), (73.0, 755.3), (73.0, 755.0), (73.0, 755.9), (73.0, 755.3), (73.0, 755.0)]",0,0,5.13
speedrunner,meatboy,8,Stuck,1,0,-45.73,0.104,"[(329.0, 749.0), (281.7, 740.1), (265.0, 691.4), (265.0, 661.5), (265.0, 650.5), (265.0, 658.4), (263.7, 685.1), (207.7, 730.6), (127.7, 755.3), (73.0, 755.0), (73.0, 755.9), (73.0, 755.3), (73.0, 755.0), (73.0, 755.9), (73.0, 755.3), (73.0, 755.0), (73.0, 755.9), (73.0, 755.3), (73.0, 755.0), (73.0, 755.9), (73.0, 755.3), (73.0, 755.0), (73.0, 755.9), (73.0, 755.3), (73.0, 755.0), (73.0, 755.9), (73.0, 755.3), (73.0, 755.0), (73.0, 755.9), (73.0, 755.3), (73.0, 755.0), (73.0, 755.9), (73.0, 755.3), (73.0, 755.0), (73.0, 755.9), (73.0, 755.3), (73.0, 755.0), (73.0, 755.9), (73.0, 755.3), (73.0, 755.0), (73.0, 755.9)]",0,0,5.35
speedrunner,meatboy,8,Stuck,2,0,-45.73,0.104,"[(329.0, 749.0), (281.7, 740.1), (265.0, 691.4), (265.0, 661.5), (265.0, 650.5), (265.0, 658.4), (263.7, 685.1), (207.7, 730.6), (127.7, 725.9), (73.0, 682.0), (73.0, 656.8), (73.0, 650.5), (73.0, 663.1), (73.0, 694.5), (73.0, 734.2), (73.0, 755.0), (73.0, 755.9), (73.0, 755.3), (73.0, 755.0), (73.0, 755.9), (73.0, 755.3), (73.0, 755.0), (73.0, 755.9), (73.0, 755.3), (73.0, 755.0), (73.0, 755.9), (73.0, 755.3), (73.0, 755.0), (73.0, 755.9), (73.0, 755.3), (73.0, 755.0), (73.0, 755.9), (73.0, 755.3), (73.0, 755.0), (73.0, 755.9), (73.0, 755.3), (73.0, 755.0), (73.0, 755.9), (73.0, 755.3), (73.0, 755.0), (73.0, 755.9)]",0,0,5.35
speedrunner,meatboy,8,Stuck,2,0,-45.73,0.104,"[(329.0, 749.0), (281.7, 740.1), (265.0, 691.4), (265.0, 661.5), (265.0, 650.5), (265.0, 658.4), (263.7, 685.1), (207.7, 730.6), (127.7, 725.9), (73.0, 682.0), (73.0, 656.8), (73.0, 650.5), (73.0, 663.1), (73.0, 694.5), (73.0, 734.2), (73.0, 755.0), (73.0, 755.9), (73.0, 755.3), (73.0, 755.0), (73.0, 755.9), (73.0, 755.3), (73.0, 755.0), (73.0, 755.9), (73.0, 755.3), (73.0, 755.0), (73.0, 755.9), (73.0, 755.3), (73.0, 755.0), (73.0, 755.9), (73.0, 755.3), (73.0, 755.0), (73.0, 755.9), (73.0, 755.3), (73.0, 755.0), (73.0, 755.9), (73.0, 755.3), (73.0, 755.0), (73.0, 755.9), (73.0, 755.3), (73.0, 755.0), (73.0, 755.9)]",0,0,5.35
speedrunner,meatboy,8,Stuck,1,0,-45.73,0.104,"[(329.0, 749.0), (281.7, 740.1), (265.0, 691.4), (265.0, 661.5), (265.0, 650.5), (265.0, 658.4), (263.7, 685.1), (207.7, 730.6), (127.7, 755.3), (73.0, 755.0), (73.0, 755.9), (73.0, 755.3), (73.0, 755.0), (73.0, 755.9), (73.0, 755.3), (73.0, 755.0), (73.0, 755.9), (73.0, 755.3), (73.0, 755.0), (73.0, 755.9), (73.0, 755.3), (73.0, 755.0), (73.0, 755.9), (73.0, 755.3), (73.0, 755.0), (73.0, 755.9), (73.0, 755.3), (73.0, 755.0), (73.0, 755.9), (73.0, 755.3), (73.0, 755.0), (73.0, 755.9), (73.0, 755.3), (73.0, 755.0), (73.0, 755.9), (73.0, 755.3), (73.0, 755.0), (73.0, 755.9), (73.0, 755.3), (73.0, 755.0), (73.0, 755.9)]",0,0,5.35
speedrunner,meatboy,8,Stuck,6,0,-45.73,0.104,"[(329.0, 749.0), (281.7, 740.1), (265.0, 691.4), (265.0, 661.5), (265.0, 650.5), (265.0, 658.4), (263.7, 685.1), (207.7, 730.6), (127.7, 725.9), (73.0, 682.0), (73.0, 656.8), (73.0, 650.5), (73.0, 663.1), (73.0, 694.5), (73.0, 734.2), (73.0, 732.8), (73.0, 686.4), (73.0, 658.9), (73.0, 650.3), (73.0, 660.5), (73.0, 689.5), (73.0, 729.2), (73.0, 739.9), (73.0, 691.2), (73.0, 661.4), (73.0, 650.4), (73.0, 658.2), (73.0, 684.9), (73.0, 724.3), (73.0, 747.3), (73.0, 696.2), (73.0, 664.1), (73.0, 650.7), (73.0, 656.2), (73.0, 680.5), (73.0, 719.3), (73.0, 755.0), (73.0, 701.6), (73.0, 667.0), (73.0, 651.3), (73.0, 654.5)]",0,0,5.35
speedrunner,meatboy,8,Stuck,1,0,-45.73,0.104,"[(329.0, 749.0), (281.7, 740.1), (265.0, 691.4), (265.0, 661.5), (265.0, 650.5), (265.0, 658.4), (263.7, 685.1), (207.7, 730.6), (127.7, 755.3), (73.0, 755.0), (73.0, 755.9), (73.0, 755.3), (73.0, 755.0), (73.0, 755.9), (73.0, 755.3), (73.0, 755.0), (73.0, 755.9), (73.0, 755.3), (73.0, 755.0), (73.0, 755.9), (73.0, 755.3), (73.0, 755.0), (73.0, 755.9), (73.0, 755.3), (73.0, 755.0), (73.0, 755.9), (73.0, 755.3), (73.0, 755.0), (73.0, 755.9), (73.0, 755.3), (73.0, 755.0), (73.0, 755.9), (73.0, 755.3), (73.0, 755.0), (73.0, 755.9), (73.0, 755.3), (73.0, 755.0), (73.0, 755.9), (73.0, 755.3), (73.0, 755.0), (73.0, 755.9)]",0,0,5.35
speedrunner,meatboy,8,Stuck,2,0,-45.73,0.104,"[(329.0, 749.0), (281.7, 740.1), (265.0, 691.4), (265.0, 661.5), (265.0, 650.5), (265.0, 658.4), (263.7, 685.1), (207.7, 730.6), (127.7, 725.9), (73.0, 682.0), (73.0, 656.8), (73.0, 650.5), (73.0, 663.1), (73.0, 694.5), (73.0, 734.2), (73.0, 755.0), (73.0, 755.9), (73.0, 755.3), (73.0, 755.0), (73.0, 755.9), (73.0, 755.3), (73.0, 755.0), (73.0, 755.9), (73.0, 755.3), (73.0, 755.0), (73.0, 755.9), (73.0, 755.3), (73.0, 755.0), (73.0, 755.9), (73.0, 755.3), (73.0, 755.0), (73.0, 755.9), (73.0, 755.3), (73.0, 755.0), (73.0, 755.9), (73.0, 755.3), (73.0, 755.0), (73.0, 755.9), (73.0, 755.3), (73.0, 755.0), (73.0, 755.9)]",0,0,5.35
speedrunner,meatboy,8,Stuck,2,0,-45.73,0.104,"[(329.0, 749.0), (281.7, 740.1), (265.0, 691.4), (265.0, 661.5), (265.0, 650.5), (265.0, 658.4), (263.7, 685.1), (207.7, 730.6), (127.7, 725.9), (73.0, 682.0), (73.0, 656.8), (73.0, 650.5), (73.0, 663.1), (73.0, 694.5), (73.0, 734.2), (73.0, 755.0), (73.0, 755.9), (73.0, 755.3), (73.0, 755.0), (73.0, 755.9), (73.0, 755.3), (73.0, 755.0), (73.0, 755.9), (73.0, 755.3), (73.0, 755.0), (73.0, 755.9), (73.0, 755.3), (73.0, 755.0), (73.0, 755.9), (73.0, 755.3), (73.0, 755.0), (73.0, 755.9), (73.0, 755.3), (73.0, 755.0), (73.0, 755.9), (73.0, 755.3), (73.0, 755.0), (73.0, 755.9), (73.0, 755.3), (73.0, 755.0), (73.0, 755.9)]",0,0,5.35
speedrunner,meatboy,8,Stuck,3,0,-45.24,0.104,"[(329.0, 749.0), (367.8, 740.1), (357.6, 691.4), (281.7, 661.5), (265.0, 650.5), (265.0, 658.4), (265.0, 685.1), (265.0, 724.5), (275.1, 747.3), (265.0, 696.2), (227.7, 664.1), (147.7, 650.7), (73.0, 656.2), (73.0, 680.5), (73.0, 719.3), (73.0, 755.0), (73.0, 755.9), (73.0, 755.3), (73.0, 755.0), (73.0, 755.9), (73.0, 755.3), (73.0, 755.0), (73.0, 755.9), (73.0, 755.3), (73.0, 755.0), (73.0, 755.9), (73.0, 755.3), (73.0, 755.0), (73.0, 755.9), (73.0, 755.3), (73.0, 755.0), (73.0, 755.9), (73.0, 755.3), (73.0, 755.0), (73.0, 755.9), (73.0, 755.3), (73.0, 755.0), (73.0, 755.9), (73.0, 755.3), (73.0, 755.0), (73.0, 755.9)]",0,0,5.4
speedrunner,meatboy,8,Stuck,3,0,-43.65,0.104,"[(329.0, 749.0), (369.0, 740.1), (406.3, 691.4), (370.8, 661.5), (290.8, 650.5), (265.0, 658.4), (265.0, 685.1), (265.0, 724.5), (269.7, 747.3), (265.0, 696.2), (227.7, 677.6), (147.7, 682.4), (73.0, 705.9), (73.0, 744.4), (73.0, 755.9), (73.0, 755.3), (73.0, 755.0), (73.0, 755.9), (73.0, 755.3), (73.0, 755.0), (73.0, 755.9), (73.0, 755.3), (73.0, 755.0), (73.0, 755.9), (73.0, 755.3), (73.0, 755.0), (73.0, 755.9), (73.0, 755.3), (73.0, 755.0), (73.0, 755.9), (73.0, 755.3), (73.0, 755.0), (73.0, 755.9), (73.0, 755.3), (73.0, 755.0), (73.0, 755.9), (73.0, 755.3), (73.0, 755.0), (73.0, 755.9), (73.0, 755.3), (73.0, 755.0), (73.0, 755.9)]",0,0,5.55
speedrunner,meatboy,8,Stuck,2,0,-46.05,0.104,"[(329.0, 749.0), (369.0, 740.1), (401.3, 691.4), (356.1, 661.5), (276.1, 650.5), (265.0, 658.4), (265.0, 685.1), (265.0, 724.5), (269.7, 747.3), (272.5, 696.2), (251.2, 664.1), (173.8, 650.7), (93.8, 656.2), (73.0, 680.5), (73.0, 719.3), (73.0, 755.0), (73.0, 755.9), (73.0, 755.3), (73.0, 755.0), (73.0, 755.9), (73.0, 755.3), (73.0, 755.0), (73.0, 755.9), (73.0, 755.3), (73.0, 755.0), (73.0, 755.9), (73.0, 755.3), (73.0, 755.0), (73.0, 755.9), (73.0, 755.3), (73.0, 755.0), (73.0, 755.9), (73.0, 755.3), (73.0, 755.0), (73.0, 755.9), (73.0, 755.3), (73.0, 755.0), (73.0, 755.9), (73.0, 755.3), (73.0, 755.0), (73.0, 755.9), (73.0, 755.3)]",0,0,5.52
speedrunner,meatboy,8,Stuck,3,0,-45.96,0.104,"[(329.0, 749.0), (359.8, 740.1), (328.2, 691.4), (265.0, 661.5), (265.0, 650.5), (265.0, 658.4), (265.0, 685.1), (265.0, 724.5), (269.7, 747.3), (265.0, 696.2), (227.7, 664.1), (147.7, 650.7), (73.0, 656.2), (73.0, 680.5), (73.0, 719.3), (73.0, 755.0), (73.0, 755.9), (73.0, 755.3), (73.0, 755.0), (73.0, 755.9), (73.0, 755.3), (73.0, 755.0), (73.0, 755.9), (73.0, 755.3), (73.0, 755.0), (73.0, 755.9), (73.0, 755.3), (73.0, 755.0), (73.0, 755.9), (73.0, 755.3), (73.0, 755.0), (73.0, 755.9), (73.0, 755.3), (73.0, 755.0), (73.0, 755.9), (73.0, 755.3), (73.0, 755.0), (73.0, 755.9), (73.0, 755.3), (73.0, 755.0), (73.0, 755.9)]",0,0,5.35
speedrunner,meatboy,8,Stuck,3,0,-45.96,0.104,"[(329.0, 749.0), (359.8, 740.1), (328.2, 691.4), (265.0, 661.5), (265.0, 650.5), (265.0, 658.4), (265.0, 685.1), (265.0, 724.5), (269.7, 747.3), (265.0, 696.2), (227.7, 664.1), (147.7, 650.7), (73.0, 656.2), (73.0, 680.5), (73.0, 719.3), (73.0, 755.0), (73.0, 755.9), (73.0, 755.3), (73.0, 755.0), (73.0, 755.9), (73.0, 755.3), (73.0, 755.0), (73.0, 755.9), (73.0, 755.3), (73.0, 755.0), (73.0, 755.9), (73.0, 755.3), (73.0, 755.0), (73.0, 755.9), (73.0, 755.3), (73.0, 755.0), (73.0, 755.9), (73.0, 755.3), (73.0, 755.0), (73.0, 755.9), (73.0, 755.3), (73.0, 755.0), (73.0, 755.9), (73.0, 755.3), (73.0, 755.0), (73.0, 755.9)]",0,0,5.35
speedrunner,meatboy,8,Stuck,2,0,-46.05,0.104,"[(329.0, 749.0), (369.0, 740.1), (401.3, 691.4), (356.1, 661.5), (276.1, 650.5), (265.0, 658.4), (265.0, 685.1), (265.0, 724.5), (269.7, 747.3), (272.5, 696.2), (251.2, 664.1), (173.8, 650.7), (93.8, 656.2), (73.0, 680.5), (73.0, 719.3), (73.0, 755.0), (73.0, 755.9), (73.0, 755.3), (73.0, 755.0), (73.0, 755.9), (73.0, 755.3), (73.0, 755.0), (73.0, 755.9), (73.0, 755.3), (73.0, 755.0), (73.0, 755.9), (73.0, 755.3), (73.0, 755.0), (73.0, 755.9), (73.0, 755.3), (73.0, 755.0), (73.0, 755.9), (73.0, 755.3), (73.0, 755.0), (73.0, 755.9), (73.0, 755.3), (73.0, 755.0), (73.0, 755.9), (73.0, 755.3), (73.0, 755.0), (73.0, 755.9), (73.0, 755.3)]",0,0,5.52
speedrunner,meatboy,8,Stuck,3,0,-43.65,0.104,"[(329.0, 749.0), (369.0, 740.1), (406.3, 691.4), (370.8, 661.5), (290.8, 650.5), (265.0, 658.4), (265.0, 685.1), (265.0, 724.5), (269.7, 747.3), (265.0, 696.2), (227.7, 677.6), (147.7, 682.4), (73.0, 705.9), (73.0, 744.4), (73.0, 755.9), (73.0, 755.3), (73.0, 755.0), (73.0, 755.9), (73.0, 755.3), (73.0, 755.0), (73.0, 755.9), (73.0, 755.3), (73.0, 755.0), (73.0, 755.9), (73.0, 755.3), (73.0, 755.0), (73.0, 755.9), (73.0, 755.3), (73.0, 755.0), (73.0, 755.9), (73.0, 755.3), (73.0, 755.0), (73.0, 755.9), (73.0, 755.3), (73.0, 755.0), (73.0, 755.9), (73.0, 755.3), (73.0, 755.0), (73.0, 755.9), (73.0, 755.3), (73.0, 755.0), (73.0, 755.9)]",0,0,5.55
speedrunner,meatboy,8,Stuck,3,0,-45.24,0.104,"[(329.0, 749.0), (367.8, 740.1), (357.6, 691.4), (281.7, 661.5), (265.0, 650.5), (265.0, 658.4), (265.0, 685.1), (265.0, 724.5), (275.1, 747.3), (265.0, 696.2), (227.7, 664.1), (147.7, 650.7), (73.0, 656.2), (73.0, 680.5), (73.0, 719.3), (73.0, 755.0), (73.0, 755.9), (73.0, 755.3), (73.0, 755.0), (73.0, 755.9), (73.0, 755.3), (73.0, 755.0), (73.0, 755.9), (73.0, 755.3), (73.0, 755.0), (73.0, 755.9), (73.0, 755.3), (73.0, 755.0), (73.0, 755.9), (73.0, 755.3), (73.0, 755.0), (73.0, 755.9), (73.0, 755.3), (73.0, 755.0), (73.0, 755.9), (73.0, 755.3), (73.0, 755.0), (73.0, 755.9), (73.0, 755.3), (73.0, 755.0), (73.0, 755.9)]",0,0,5.4
speedrunner,meatboy,8,Stuck,6,0,-45.8,0.104,"[(329.0, 749.0), (367.2, 755.3), (347.2, 701.9), (268.8, 667.3), (265.0, 651.6), (265.0, 654.8), (265.0, 676.7), (265.0, 714.6), (266.3, 754.6), (265.0, 720.3), (261.0, 678.7), (197.7, 655.9), (117.7, 652.0), (73.0, 666.9), (73.0, 700.3), (73.0, 740.0), (73.0, 725.9), (73.0, 682.0), (73.0, 656.8), (73.0, 650.5), (73.0, 663.1), (73.0, 694.5), (73.0, 734.2), (73.0, 732.8), (73.0, 686.4), (73.0, 658.9), (73.0, 650.3), (73.0, 660.5), (73.0, 689.5), (73.0, 729.2), (73.0, 739.9), (73.0, 691.2), (73.0, 661.4), (73.0, 650.4), (73.0, 658.2), (73.0, 684.9), (73.0, 724.3), (73.0, 747.3), (73.0, 696.2), (73.0, 664.1), (73.0, 650.7)]",0,0,5.38
speedrunner,meatboy,8,Stuck,1,0,-46.49,0.104,"[(329.0, 749.0), (367.2, 755.3), (339.2, 755.0), (259.5, 755.9), (179.5, 755.3), (99.5, 755.0), (73.0, 755.9), (73.0, 755.3), (73.0, 755.0), (73.0, 755.9), (73.0, 755.3), (73.0, 755.0), (73.0, 755.9), (73.0, 755.3), (73.0, 755.0), (73.0, 755.9), (73.0, 755.3), (73.0, 755.0), (73.0, 755.9), (73.0, 755.3), (73.0, 755.0), (73.0, 755.9), (73.0, 755.3), (73.0, 755.0), (73.0, 755.9), (73.0, 755.3), (73.0, 755.0), (73.0, 755.9), (73.0, 755.3), (73.0, 755.0), (73.0, 755.9), (73.0, 755.3), (73.0, 755.0), (73.0, 755.9), (73.0, 755.3), (73.0, 755.0), (73.0, 755.9), (73.0, 755.3), (73.0, 755.0), (73.0, 755.9), (73.0, 755.3)]",0,0,5.37
speedrunner,meatboy,8,Stuck,1,0,-45.73,0.104,"[(329.0, 749.0), (281.7, 740.1), (265.0, 691.4), (265.0, 661.5), (265.0, 650.5), (265.0, 658.4), (263.7, 685.1), (207.7, 730.6), (127.7, 755.3), (73.0, 755.0), (73.0, 755.9), (73.0, 755.3), (73.0, 755.0), (73.0, 755.9), (73.0, 755.3), (73.0, 755.0), (73.0, 755.9), (73.0, 755.3), (73.0, 755.0), (73.0, 755.9), (73.0, 755.3), (73.0, 755.0), (73.0, 755.9), (73.0, 755.3), (73.0, 755.0), (73.0, 755.9), (73.0, 755.3), (73.0, 755.0), (73.0, 755.9), (73.0, 755.3), (73.0, 755.0), (73.0, 755.9), (73.0, 755.3), (73.0, 755.0), (73.0, 755.9), (73.0, 755.3), (73.0, 755.0), (73.0, 755.9), (73.0, 755.3), (73.0, 755.0), (73.0, 755.9)]",0,0,5.35
speedrunner,meatboy,8,Stuck,6,0,-45.73,0.104,"[(329.0, 749.0), (281.7, 740.1), (265.0, 691.4), (265.0, 661.5), (265.0, 650.5), (265.0, 658.4), (263.7, 685.1), (207.7, 730.6), (127.7, 725.9), (73.0, 682.0), (73.0, 656.8), (73.0, 650.5), (73.0, 663.1), (73.0, 694.5), (73.0, 734.2), (73.0, 732.8), (73.0, 686.4), (73.0, 658.9), (73.0, 650.3), (73.0, 660.5), (73.0, 689.5), (73.0, 729.2), (73.0, 739.9), (73.0, 691.2), (73.0, 661.4), (73.0, 650.4), (73.0, 658.2), (73.0, 684.9), (73.0, 724.3), (73.0, 747.3), (73.0, 696.2), (73.0, 664.1), (73.0, 650.7), (73.0, 656.2), (73.0, 680.5), (73.0, 719.3), (73.0, 755.0), (73.0, 701.6), (73.0, 667.0), (73.0, 651.3), (73.0, 654.5)]",0,0,5.35
speedrunner,meatboy,8,Stuck,2,0,-45.73,0.104,"[(329.0, 749.0), (281.7, 740.1), (265.0, 691.4), (265.0, 661.5), (265.0, 650.5), (265.0, 658.4), (263.7, 685.1), (207.7, 730.6), (127.7, 725.9), (73.0, 682.0), (73.0, 656.8), (73.0, 650.5), (73.0, 663.1), (73.0, 694.5), (73.0, 734.2), (73.0, 755.0), (73.0, 755.9), (73.0, 755.3), (73.0, 755.0), (73.0, 755.9), (73.0, 755.3), (73.0, 755.0), (73.0, 755.9), (73.0, 755.3), (73.0, 755.0), (73.0, 755.9), (73.0, 755.3), (73.0, 755.0), (73.0, 755.9), (73.0, 755.3), (73.0, 755.0), (73.0, 755.9), (73.0, 755.3), (73.0, 755.0), (73.0, 755.9), (73.0, 755.3), (73.0, 755.0), (73.0, 755.9), (73.0, 755.3), (73.0, 755.0), (73.0, 755.9)]",0,0,5.35
speedrunner,meatboy,8,Stuck,1,0,-47.72,0.104,"[(329.0, 749.0), (309.0, 755.3), (231.7, 755.0), (151.7, 755.9), (73.0, 755.3), (73.0, 755.0), (73.0, 755.9), (73.0, 755.3), (73.0, 755.0), (73.0, 755.9), (73.0, 755.3), (73.0, 755.0), (73.0, 755.9), (73.0, 755.3), (73.0, 755.0), (73.0, 755.9), (73.0, 755.3), (73.0, 755.0), (73.0, 755.9), (73.0, 755.3), (73.0, 755.0), (73.0, 755.9), (73.0, 755.3), (73.0, 755.0), (73.0, 755.9), (73.0, 755.3), (73.0, 755.0), (73.0, 755.9), (73.0, 755.3), (73.0, 755.0), (73.0, 755.9), (73.0, 755.3), (73.0, 755.0), (73.0, 755.9), (73.0, 755.3), (73.0, 755.0), (73.0, 755.9), (73.0, 755.3), (73.0, 755.0)]",0,0,5.18
speedrunner,meatboy,8,Stuck,2,0,-45.73,0.104,"[(329.0, 749.0), (281.7, 740.1), (265.0, 691.4), (265.0, 661.5), (265.0, 650.5), (265.0, 658.4), (263.7, 685.1), (207.7, 730.6), (127.7, 725.9), (73.0, 682.0), (73.0, 656.8), (73.0, 650.5), (73.0, 663.1), (73.0, 694.5), (73.0, 734.2), (73.0, 755.0), (73.0, 755.9), (73.0, 755.3), (73.0, 755.0), (73.0, 755.9), (73.0, 755.3), (73.0, 755.0), (73.0, 755.9), (73.0, 755.3), (73.0, 755.0), (73.0, 755.9), (73.0, 755.3), (73.0, 755.0), (73.0, 755.9), (73.0, 755.3), (73.0, 755.0), (73.0, 755.9), (73.0, 755.3), (73.0, 755.0), (73.0, 755.9), (73.0, 755.3), (73.0, 755.0), (73.0, 755.9), (73.0, 755.3), (73.0, 755.0), (73.0, 755.9)]",0,0,5.35
speedrunner,meatboy,8,Stuck,6,0,-45.73,0.104,"[(329.0, 749.0), (281.7, 740.1), (265.0, 691.4), (265.0, 661.5), (265.0, 650.5), (265.0, 658.4), (263.7, 685.1), (207.7, 730.6), (127.7, 725.9), (73.0, 682.0), (73.0, 656.8), (73.0, 650.5), (73.0, 663.1), (73.0, 694.5), (73.0, 734.2), (73.0, 732.8), (73.0, 686.4), (73.0, 658.9), (73.0, 650.3), (73.0, 660.5), (73.0, 689.5), (73.0, 729.2), (73.0, 739.9), (73.0, 691.2), (73.0, 661.4), (73.0, 650.4), (73.0, 658.2), (73.0, 684.9), (73.0, 724.3), (73.0, 747.3), (73.0, 696.2), (73.0, 664.1), (73.0, 650.7), (73.0, 656.2), (73.0, 680.5), (73.0, 719.3), (73.0, 755.0), (73.0, 701.6), (73.0, 667.0), (73.0, 651.3), (73.0, 654.5)]",0,0,5.35
speedrunner,meatboy,8,Stuck,1,0,-45.73,0.104,"[(329.0, 749.0), (281.7, 740.1), (265.0, 691.4), (265.0, 661.5), (265.0, 650.5), (265.0, 658.4), (263.7, 685.1), (207.7, 730.6), (127.7, 755.3), (73.0, 755.0), (73.0, 755.9), (73.0, 755.3), (73.0, 755.0), (73.0, 755.9), (73.0, 755.3), (73.0, 755.0), (73.0, 755.9), (73.0, 755.3), (73.0, 755.0), (73.0, 755.9), (73.0, 755.3), (73.0, 755.0), (73.0, 755.9), (73.0, 755.3), (73.0, 755.0), (73.0, 755.9), (73.0, 755.3), (73.0, 755.0), (73.0, 755.9), (73.0, 755.3), (73.0, 755.0), (73.0, 755.9), (73.0, 755.3), (73.0, 755.0), (73.0, 755.9), (73.0, 755.3), (73.0, 755.0), (73.0, 755.9), (73.0, 755.3), (73.0, 755.0), (73.0, 755.9)]",0,0,5.35
speedrunner,meatboy,8,Stuck,6,0,-45.8,0.104,"[(329.0, 749.0), (367.2, 755.3), (347.2, 701.9), (268.8, 667.3), (265.0, 651.6), (265.0, 654.8), (265.0, 676.7), (265.0, 714.6), (266.3, 754.6), (265.0, 720.3), (261.0, 678.7), (197.7, 655.9), (117.7, 652.0), (73.0, 666.9), (73.0, 700.3), (73.0, 740.0), (73.0, 725.9), (73.0, 682.0), (73.0, 656.8), (73.0, 650.5), (73.0, 663.1), (73.0, 694.5), (73.0, 734.2), (73.0, 732.8), (73.0, 686.4), (73.0, 658.9), (73.0, 650.3), (73.0, 660.5), (73.0, 689.5), (73.0, 729.2), (73.0, 739.9), (73.0, 691.2), (73.0, 661.4), (73.0, 650.4), (73.0, 658.2), (73.0, 684.9), (73.0, 724.3), (73.0, 747.3), (73.0, 696.2), (73.0, 664.1), (73.0, 650.7)]",0,0,5.38
speedrunner,meatboy,8,Stuck,6,0,-45.73,0.104,"[(329.0, 749.0), (281.7, 740.1), (265.0, 691.4), (265.0, 661.5), (265.0, 650.5), (265.0, 658.4), (263.7, 685.1), (207.7, 730.6), (127.7, 725.9), (73.0, 682.0), (73.0, 656.8), (73.0, 650.5), (73.0, 663.1), (73.0, 694.5), (73.0, 734.2), (73.0, 732.8), (73.0, 686.4), (73.0, 658.9), (73.0, 650.3), (73.0, 660.5), (73.0, 689.5), (73.0, 729.2), (73.0, 739.9), (73.0, 691.2), (73.0, 661.4), (73.0, 650.4), (73.0, 658.2), (73.0, 684.9), (73.0, 724.3), (73.0, 747.3), (73.0, 696.2), (73.0, 664.1), (73.0, 650.7), (73.0, 656.2), (73.0, 680.5), (73.0, 719.3), (73.0, 755.0), (73.0, 701.6), (73.0, 667.0), (73.0, 651.3), (73.0, 654.5)]",0,0,5.35
speedrunner,meatboy,8,Stuck,3,0,-45.73,0.104,"[(329.0, 749.0), (281.7, 740.1), (265.0, 691.4), (265.0, 661.5), (265.0, 650.5), (265.0, 658.4), (263.7, 685.1), (207.7, 730.6), (127.7, 725.9), (73.0, 682.0), (73.0, 656.8), (73.0, 650.5), (73.0, 663.1), (73.0, 694.5), (73.0, 734.2), (73.0, 755.0), (73.0, 755.9), (73.0, 755.3), (73.0, 755.0), (73.0, 755.9), (73.0, 755.3), (73.0, 755.0), (73.0, 755.9), (73.0, 755.3), (73.0, 755.0), (73.0, 755.9), (73.0, 755.3), (73.0, 755.0), (73.0, 755.9), (73.0, 755.3), (73.0, 755.0), (73.0, 755.9), (73.0, 755.3), (73.0, 755.0), (73.0, 755.9), (73.0, 755.3), (73.0, 755.0), (73.0, 755.9), (73.0, 755.3), (73.0, 755.0), (73.0, 755.9)]",0,0,5.35
speedrunner,meatboy,8,Stuck,3,0,-45.29,0.104,"[(329.0, 749.0), (369.0, 740.1), (387.6, 691.4), (326.6, 661.5), (265.0, 650.5), (265.0, 658.4), (265.0, 685.1), (265.0, 724.5), (269.7, 747.3), (265.0, 696.2), (227.7, 664.1), (147.7, 650.7), (73.0, 656.2), (73.0, 680.5), (73.0, 719.3), (73.0, 755.0), (73.0, 755.9), (73.0, 755.3), (73.0, 755.0), (73.0, 755.9), (73.0, 755.3), (73.0, 755.0), (73.0, 755.9), (73.0, 755.3), (73.0, 755.0), (73.0, 755.9), (73.0, 755.3), (73.0, 755.0), (73.0, 755.9), (73.0, 755.3), (73.0, 755.0), (73.0, 755.9), (73.0, 755.3), (73.0, 755.0), (73.0, 755.9), (73.0, 755.3), (73.0, 755.0), (73.0, 755.9), (73.0, 755.3), (73.0, 755.0), (73.0, 755.9), (73.0, 755.3)]",0,0,5.47
speedrunner,meatboy,8,Stuck,6,0,-45.73,0.104,"[(329.0, 749.0), (281.7, 740.1), (265.0, 691.4), (265.0, 661.5), (265.0, 650.5), (265.0, 658.4), (263.7, 685.1), (207.7, 730.6), (127.7, 725.9), (73.0, 682.0), (73.0, 656.8), (73.0, 650.5), (73.0, 663.1), (73.0, 694.5), (73.0, 734.2), (73.0, 732.8), (73.0, 686.4), (73.0, 658.9), (73.0, 650.3), (73.0, 660.5), (73.0, 689.5), (73.0, 729.2), (73.0, 739.9), (73.0, 691.2), (73.0, 661.4), (73.0, 650.4), (73.0, 658.2), (73.0, 684.9), (73.0, 724.3), (73.0, 747.3), (73.0, 696.2), (73.0, 664.1), (73.0, 650.7), (73.0, 656.2), (73.0, 680.5), (73.0, 719.3), (73.0, 755.0), (73.0, 701.6), (73.0, 667.0), (73.0, 651.3), (73.0, 654.5)]",0,0,5.35
speedrunner,meatboy,8,Stuck,6,0,-42.91,0.104,"[(329.0, 749.0), (376.3, 747.3), (434.6, 696.2), (428.2, 664.1), (361.6, 650.7), (281.6, 656.2), (265.0, 680.5), (265.0, 719.3), (269.0, 755.0), (332.3, 755.9), (409.8, 707.2), (434.2, 670.3), (398.8, 652.3), (318.8, 653.0), (238.8, 672.7), (158.8, 711.1), (78.8, 755.3), (73.0, 713.2), (73.0, 673.9), (73.0, 653.5), (73.0, 651.9), (73.0, 669.2), (73.0, 704.4), (73.0, 744.1), (73.0, 739.9), (73.0, 691.2), (73.0, 661.4), (73.0, 650.4), (73.0, 658.2), (73.0, 684.9), (73.0, 724.3), (73.0, 755.3), (73.0, 713.2), (73.0, 673.9), (73.0, 653.5), (73.0, 651.9), (73.0, 669.2), (73.0, 704.4), (73.0, 744.1), (73.0, 739.9), (73.0, 691.2), (73.0, 661.4), (73.0, 650.4)]",0,0,5.67
speedrunner,meatboy,8,Stuck,2,0,-44.26,0.104,"[(329.0, 749.0), (370.9, 740.1), (397.0, 691.4), (341.5, 661.5), (265.0, 650.5), (265.0, 658.4), (265.0, 685.1), (265.0, 724.5), (270.7, 747.3), (265.0, 696.2), (227.7, 664.1), (147.7, 650.7), (73.0, 656.2), (73.0, 680.5), (73.0, 719.3), (73.0, 755.0), (73.0, 755.9), (73.0, 755.3), (73.0, 755.0), (73.0, 755.9), (73.0, 755.3), (73.0, 755.0), (73.0, 755.9), (73.0, 755.3), (73.0, 755.0), (73.0, 755.9), (73.0, 755.3), (73.0, 755.0), (73.0, 755.9), (73.0, 755.3), (73.0, 755.0), (73.0, 755.9), (73.0, 755.3), (73.0, 755.0), (73.0, 755.9), (73.0, 755.3), (73.0, 755.0), (73.0, 755.9), (73.0, 755.3), (73.0, 755.0), (73.0, 755.9), (73.0, 755.3)]",0,0,5.5
speedrunner,meatboy,8,Stuck,2,0,-44.26,0.104,"[(329.0, 749.0), (370.9, 740.1), (397.0, 691.4), (341.5, 661.5), (265.0, 650.5), (265.0, 658.4), (265.0, 685.1), (265.0, 724.5), (270.7, 747.3), (265.0, 696.2), (227.7, 664.1), (147.7, 650.7), (73.0, 656.2), (73.0, 680.5), (73.0, 719.3), (73.0, 755.0), (73.0, 755.9), (73.0, 755.3), (73.0, 755.0), (73.0, 755.9), (73.0, 755.3), (73.0, 755.0), (73.0, 755.9), (73.0, 755.3), (73.0, 755.0), (73.0, 755.9), (73.0, 755.3), (73.0, 755.0), (73.0, 755.9), (73.0, 755.3), (73.0, 755.0), (73.0, 755.9), (73.0, 755.3), (73.0, 755.0), (73.0, 755.9), (73.0, 755.3), (73.0, 755.0), (73.0, 755.9), (73.0, 755.3), (73.0, 755.0), (73.0, 755.9), (73.0, 755.3)]",0,0,5.5
speedrunner,meatboy,8,Stuck,6,0,-42.91,0.104,"[(329.0, 749.0), (376.3, 747.3), (434.6, 696.2), (428.2, 664.1), (361.6, 650.7), (281.6, 656.2), (265.0, 680.5), (265.0, 719.3), (269.0, 755.0), (332.3, 755.9), (409.8, 707.2), (434.2, 670.3), (398.8, 652.3), (318.8, 653.0), (238.8, 672.7), (158.8, 711.1), (78.8, 755.3), (73.0, 713.2), (73.0, 673.9), (73.0, 653.5), (73.0, 651.9), (73.0, 669.2), (73.0, 704.4), (73.0, 744.1), (73.0, 739.9), (73.0, 691.2), (73.0, 661.4), (73.0, 650.4), (73.0, 658.2), (73.0, 684.9), (73.0, 724.3), (73.0, 755.3), (73.0, 713.2), (73.0, 673.9), (73.0, 653.5), (73.0, 651.9), (73.0, 669.2), (73.0, 704.4), (73.0, 744.1), (73.0, 739.9), (73.0, 691.2), (73.0, 661.4), (73.0, 650.4)]",0,0,5.67
speedrunner,meatboy,8,Stuck,6,0,-45.73,0.104,"[(329.0, 749.0), (281.7, 740.1), (265.0, 691.4), (265.0, 661.5), (265.0, 650.5), (265.0, 658.4), (263.7, 685.1), (207.7, 730.6), (127.7, 725.9), (73.0, 682.0), (73.0, 656.8), (73.0, 650.5), (73.0, 663.1), (73.0, 694.5), (73.0, 734.2), (73.0, 732.8), (73.0, 686.4), (73.0, 658.9), (73.0, 650.3), (73.0, 660.5), (73.0, 689.5), (73.0, 729.2), (73.0, 739.9), (73.0, 691.2), (73.0, 661.4), (73.0, 650.4), (73.0, 658.2), (73.0, 684.9), (73.0, 724.3), (73.0, 747.3), (73.0, 696.2), (73.0, 664.1), (73.0, 650.7), (73.0, 656.2), (73.0, 680.5), (73.0, 719.3), (73.0, 755.0), (73.0, 701.6), (73.0, 667.0), (73.0, 651.3), (73.0, 654.5)]",0,0,5.35
speedrunner,meatboy,8,Stuck,3,0,-45.29,0.104,"[(329.0, 749.0), (369.0, 740.1), (387.6, 691.4), (326.6, 661.5), (265.0, 650.5), (265.0, 658.4), (265.0, 685.1), (265.0, 724.5), (269.7, 747.3), (265.0, 696.2), (227.7, 664.1), (147.7, 650.7), (73.0, 656.2), (73.0, 680.5), (73.0, 719.3), (73.0, 755.0), (73.0, 755.9), (73.0, 755.3), (73.0, 755.0), (73.0, 755.9), (73.0, 755.3), (73.0, 755.0), (73.0, 755.9), (73.0, 755.3), (73.0, 755.0), (73.0, 755.9), (73.0, 755.3), (73.0, 755.0), (73.0, 755.9), (73.0, 755.3), (73.0, 755.0), (73.0, 755.9), (73.0, 755.3), (73.0, 755.0), (73.0, 755.9), (73.0, 755.3), (73.0, 755.0), (73.0, 755.9), (73.0, 755.3), (73.0, 755.0), (73.0, 755.9), (73.0, 755.3)]",0,0,5.47
speedrunner,meatboy,8,Stuck,3,0,-45.73,0.104,"[(329.0, 749.0), (281.7, 740.1), (265.0, 691.4), (265.0, 661.5), (265.0, 650.5), (265.0, 658.4), (263.7, 685.1), (207.7, 730.6), (127.7, 725.9), (73.0, 682.0), (73.0, 656.8), (73.0, 650.5), (73.0, 663.1), (73.0, 694.5), (73.0, 734.2), (73.0, 755.0), (73.0, 755.9), (73.0, 755.3), (73.0, 755.0), (73.0, 755.9), (73.0, 755.3), (73.0, 755.0), (73.0, 755.9), (73.0, 755.3), (73.0, 755.0), (73.0, 755.9), (73.0, 755.3), (73.0, 755.0), (73.0, 755.9), (73.0, 755.3), (73.0, 755.0), (73.0, 755.9), (73.0, 755.3), (73.0, 755.0), (73.0, 755.9), (73.0, 755.3), (73.0, 755.0), (73.0, 755.9), (73.0, 755.3), (73.0, 755.0), (73.0, 755.9)]",0,0,5.35
speedrunner,meatboy,8,Stuck,2,0,-45.12,0.104,"[(329.0, 749.0), (367.2, 755.3), (368.6, 713.2), (318.5, 673.9), (265.0, 653.5), (265.0, 651.9), (265.0, 669.2), (265.0, 704.4), (265.0, 744.1), (312.3, 755.9), (351.5, 747.3), (386.2, 696.2), (435.0, 664.1), (371.7, 650.7), (291.7, 656.2), (211.7, 680.5), (131.7, 723.7), (73.0, 755.0), (73.0, 755.9), (73.0, 755.3), (73.0, 755.0), (73.0, 755.9), (73.0, 755.3), (73.0, 755.0), (73.0, 755.9), (73.0, 755.3), (73.0, 755.0), (73.0, 755.9), (73.0, 755.3), (73.0, 755.0), (73.0, 755.9), (73.0, 755.3), (73.0, 755.0), (73.0, 755.9), (73.0, 755.3), (73.0, 755.0), (73.0, 755.9), (73.0, 755.3), (73.0, 755.0), (73.0, 755.9), (73.0, 755.3), (73.0, 755.0)]",0,0,5.47
speedrunner,meatboy,8,Stuck,6,0,-45.73,0.104,"[(329.0, 749.0), (281.7, 740.1), (265.0, 691.4), (265.0, 661.5), (265.0, 650.5), (265.0, 658.4), (263.7, 685.1), (207.7, 730.6), (127.7, 725.9), (73.0, 682.0), (73.0, 656.8), (73.0, 650.5), (73.0, 663.1), (73.0, 694.5), (73.0, 734.2), (73.0, 732.8), (73.0, 686.4), (73.0, 658.9), (73.0, 650.3), (73.0, 660.5), (73.0, 689.5), (73.0, 729.2), (73.0, 739.9), (73.0, 691.2), (73.0, 661.4), (73.0, 650.4), (73.0, 658.2), (73.0, 684.9), (73.0, 724.3), (73.0, 747.3), (73.0, 696.2), (73.0, 664.1), (73.0, 650.7), (73.0, 656.2), (73.0, 680.5), (73.0, 719.3), (73.0, 755.0), (73.0, 701.6), (73.0, 667.0), (73.0, 651.3), (73.0, 654.5)]",0,0,5.35
speedrunner,meatboy,8,Stuck,6,0,-45.73,0.104,"[(329.0, 749.0), (281.7, 740.1), (265.0, 691.4), (265.0, 661.5), (265.0, 650.5), (265.0, 658.4), (263.7, 685.1), (207.7, 730.6), (127.7, 725.9), (73.0, 682.0), (73.0, 656.8), (73.0, 650.5), (73.0, 663.1), (73.0, 694.5), (73.0, 734.2), (73.0, 732.8), (73.0, 686.4), (73.0, 658.9), (73.0, 650.3), (73.0, 660.5), (73.0, 689.5), (73.0, 729.2), (73.0, 739.9), (73.0, 691.2), (73.0, 661.4), (73.0, 650.4), (73.0, 658.2), (73.0, 684.9), (73.0, 724.3), (73.0, 747.3), (73.0, 696.2), (73.0, 664.1), (73.0, 650.7), (73.0, 656.2), (73.0, 680.5), (73.0, 719.3), (73.0, 755.0), (73.0, 701.6), (73.0, 667.0), (73.0, 651.3), (73.0, 654.5)]",0,0,5.35
speedrunner,meatboy,8,Stuck,1,0,-45.73,0.104,"[(329.0, 749.0), (281.7, 740.1), (265.0, 691.4), (265.0, 661.5), (265.0, 650.5), (265.0, 658.4), (263.7, 685.1), (207.7, 730.6), (127.7, 755.3), (73.0, 755.0), (73.0, 755.9), (73.0, 755.3), (73.0, 755.0), (73.0, 755.9), (73.0, 755.3), (73.0, 755.0), (73.0, 755.9), (73.0, 755.3), (73.0, 755.0), (73.0, 755.9), (73.0, 755.3), (73.0, 755.0), (73.0, 755.9), (73.0, 755.3), (73.0, 755.0), (73.0, 755.9), (73.0, 755.3), (73.0, 755.0), (73.0, 755.9), (73.0, 755.3), (73.0, 755.0), (73.0, 755.9), (73.0, 755.3), (73.0, 755.0), (73.0, 755.9), (73.0, 755.3), (73.0, 755.0), (73.0, 755.9), (73.0, 755.3), (73.0, 755.0), (73.0, 755.9)]",0,0,5.35
speedrunner,meatboy,8,Stuck,3,0,-45.64,0.104,"[(329.0, 749.0), (367.2, 755.3), (339.2, 713.2), (265.0, 673.9), (265.0, 653.5), (265.0, 651.9), (265.0, 669.2), (265.0, 704.4), (265.0, 744.1), (265.0, 733.6), (265.0, 687.3), (235.7, 677.9), (156.3, 687.4), (76.3, 715.7), (73.0, 755.2), (73.0, 755.3), (73.0, 755.0), (73.0, 755.9), (73.0, 755.3), (73.0, 755.0), (73.0, 755.9), (73.0, 755.3), (73.0, 755.0), (73.0, 755.9), (73.0, 755.3), (73.0, 755.0), (73.0, 755.9), (73.0, 755.3), (73.0, 755.0), (73.0, 755.9), (73.0, 755.3), (73.0, 755.0), (73.0, 755.9), (73.0, 755.3), (73.0, 755.0), (73.0, 755.9), (73.0, 755.3), (73.0, 755.0), (73.0, 755.9), (73.0, 755.3), (73.0, 755.0)]",0,0,5.42
speedrunner,meatboy,8,Stuck,3,0,-45.64,0.104,"[(329.0, 749.0), (367.2, 755.3), (339.2, 713.2), (265.0, 673.9), (265.0, 653.5), (265.0, 651.9), (265.0, 669.2), (265.0, 704.4), (265.0, 744.1), (265.0, 733.6), (265.0, 687.3), (235.7, 677.9), (156.3, 687.4), (76.3, 715.7), (73.0, 755.2), (73.0, 755.3), (73.0, 755.0), (73.0, 755.9), (73.0, 755.3), (73.0, 755.0), (73.0, 755.9), (73.0, 755.3), (73.0, 755.0), (73.0, 755.9), (73.0, 755.3), (73.0, 755.0), (73.0, 755.9), (73.0, 755.3), (73.0, 755.0), (73.0, 755.9), (73.0, 755.3), (73.0, 755.0), (73.0, 755.9), (73.0, 755.3), (73.0, 755.0), (73.0, 755.9), (73.0, 755.3), (73.0, 755.0), (73.0, 755.9), (73.0, 755.3), (73.0, 755.0)]",0,0,5.42
speedrunner,meatboy,8,Stuck,1,0,-45.73,0.104,"[(329.0, 749.0), (281.7, 740.1), (265.0, 691.4), (265.0, 661.5), (265.0, 650.5), (265.0, 658.4), (263.7, 685.1), (207.7, 730.6), (127.7, 755.3), (73.0, 755.0), (73.0, 755.9), (73.0, 755.3), (73.0, 755.0), (73.0, 755.9), (73.0, 755.3), (73.0, 755.0), (73.0, 755.9), (73.0, 755.3), (73.0, 755.0), (73.0, 755.9), (73.0, 755.3), (73.0, 755.0), (73.0, 755.9), (73.0, 755.3), (73.0, 755.0), (73.0, 755.9), (73.0, 755.3), (73.0, 755.0), (73.0, 755.9), (73.0, 755.3), (73.0, 755.0), (73.0, 755.9), (73.0, 755.3), (73.0, 755.0), (73.0, 755.9), (73.0, 755.3), (73.0, 755.0), (73.0, 755.9), (73.0, 755.3), (73.0, 755.0), (73.0, 755.9)]",0,0,5.35
speedrunner,meatboy,8,Stuck,6,0,-45.73,0.104,"[(329.0, 749.0), (281.7, 740.1), (265.0, 691.4), (265.0, 661.5), (265.0, 650.5), (265.0, 658.4), (263.7, 685.1), (207.7, 730.6), (127.7, 725.9), (73.0, 682.0), (73.0, 656.8), (73.0, 650.5), (73.0, 663.1), (73.0, 694.5), (73.0, 734.2), (73.0, 732.8), (73.0, 686.4), (73.0, 658.9), (73.0, 650.3), (73.0, 660.5), (73.0, 689.5), (73.0, 729.2), (73.0, 739.9), (73.0, 691.2), (73.0, 661.4), (73.0, 650.4), (73.0, 658.2), (73.0, 684.9), (73.0, 724.3), (73.0, 747.3), (73.0, 696.2), (73.0, 664.1), (73.0, 650.7), (73.0, 656.2), (73.0, 680.5), (73.0, 719.3), (73.0, 755.0), (73.0, 701.6), (73.0, 667.0), (73.0, 651.3), (73.0, 654.5)]",0,0,5.35
speedrunner,meatboy,8,Stuck,6,0,-45.73,0.104,"[(329.0, 749.0), (281.7, 740.1), (265.0, 691.4), (265.0, 661.5), (265.0, 650.5), (265.0, 658.4), (263.7, 685.1), (207.7, 730.6), (127.7, 725.9), (73.0, 682.0), (73.0, 656.8), (73.0, 650.5), (73.0, 663.1), (73.0, 694.5), (73.0, 734.2), (73.0, 732.8), (73.0, 686.4), (73.0, 658.9), (73.0, 650.3), (73.0, 660.5), (73.0, 689.5), (73.0, 729.2), (73.0, 739.9), (73.0, 691.2), (73.0, 661.4), (73.0, 650.4), (73.0, 658.2), (73.0, 684.9), (73.0, 724.3), (73.0, 747.3), (73.0, 696.2), (73.0, 664.1), (73.0, 650.7), (73.0, 656.2), (73.0, 680.5), (73.0, 719.3), (73.0, 755.0), (73.0, 701.6), (73.0, 667.0), (73.0, 651.3), (73.0, 654.5)]",0,0,5.35
speedrunner,meatboy,8,Stuck,3,0,-45.43,0.104,"[(329.0, 749.0), (367.2, 755.3), (339.2, 719.7), (265.0, 678.1), (265.0, 655.3), (265.0, 651.4), (265.0, 666.3), (261.0, 683.3), (197.7, 654.8), (117.7, 672.4), (73.0, 707.9), (73.0, 747.6), (73.0, 755.0), (73.0, 755.9), (73.0, 755.3), (73.0, 755.0), (73.0, 755.9), (73.0, 755.3), (73.0, 755.0), (73.0, 755.9), (73.0, 755.3), (73.0, 755.0), (73.0, 755.9), (73.0, 755.3), (73.0, 755.0), (73.0, 755.9), (73.0, 755.3), (73.0, 755.0), (73.0, 755.9), (73.0, 755.3), (73.0, 755.0), (73.0, 755.9), (73.0, 755.3), (73.0, 755.0), (73.0, 755.9), (73.0, 755.3), (73.0, 755.0), (73.0, 755.9), (73.0, 755.3), (73.0, 755.0), (73.0, 755.9)]",0,0,5.43
speedrunner,meatboy,8,Stuck,3,0,-45.73,0.104,"[(329.0, 749.0), (281.7, 740.1), (265.0, 691.4), (265.0, 661.5), (265.0, 650.5), (265.0, 658.4), (263.7, 685.1), (207.7, 730.6), (127.7, 725.9), (73.0, 682.0), (73.0, 656.8), (73.0, 650.5), (73.0, 663.1), (73.0, 694.5), (73.0, 734.2), (73.0, 755.0), (73.0, 755.9), (73.0, 755.3), (73.0, 755.0), (73.0, 755.9), (73.0, 755.3), (73.0, 755.0), (73.0, 755.9), (73.0, 755.3), (73.0, 755.0), (73.0, 755.9), (73.0, 755.3), (73.0, 755.0), (73.0, 755.9), (73.0, 755.3), (73.0, 755.0), (73.0, 755.9), (73.0, 755.3), (73.0, 755.0), (73.0, 755.9), (73.0, 755.3), (73.0, 755.0), (73.0, 755.9), (73.0, 755.3), (73.0, 755.0), (73.0, 755.9)]",0,0,5.35
speedrunner,meatboy,8,Stuck,2,0,-45.73,0.104,"[(329.0, 749.0), (281.7, 740.1), (265.0, 691.4), (265.0, 661.5), (265.0, 650.5), (265.0, 658.4), (263.7, 685.1), (207.7, 730.6), (127.7, 725.9), (73.0, 682.0), (73.0, 656.8), (73.0, 650.5), (73.0, 663.1), (73.0, 694.5), (73.0, 734.2), (73.0, 755.0), (73.0, 755.9), (73.0, 755.3), (73.0, 755.0), (73.0, 755.9), (73.0, 755.3), (73.0, 755.0), (73.0, 755.9), (73.0, 755.3), (73.0, 755.0), (73.0, 755.9), (73.0, 755.3), (73.0, 755.0), (73.0, 755.9), (73.0, 755.3), (73.0, 755.0), (73.0, 755.9), (73.0, 755.3), (73.0, 755.0), (73.0, 755.9), (73.0, 755.3), (73.0, 755.0), (73.0, 755.9), (73.0, 755.3), (73.0, 755.0), (73.0, 755.9)]",0,0,5.35
speedrunner,meatboy,8,Stuck,2,0,-45.73,0.104,"[(329.0, 749.0), (281.7, 740.1), (265.0, 691.4), (265.0, 661.5), (265.0, 650.5), (265.0, 658.4), (263.7, 685.1), (207.7, 730.6), (127.7, 725.9), (73.0, 682.0), (73.0, 656.8), (73.0, 650.5), (73.0, 663.1), (73.0, 694.5), (73.0, 734.2), (73.0, 755.0), (73.0, 755.9), (73.0, 755.3), (73.0, 755.0), (73.0, 755.9), (73.0, 755.3), (73.0, 755.0), (73.0, 755.9), (73.0, 755.3), (73.0, 755.0), (73.0, 755.9), (73.0, 755.3), (73.0, 755.0), (73.0, 755.9), (73.0, 755.3), (73.0, 755.0), (73.0, 755.9), (73.0, 755.3), (73.0, 755.0), (73.0, 755.9), (73.0, 755.3), (73.0, 755.0), (73.0, 755.9), (73.0, 755.3), (73.0, 755.0), (73.0, 755.9)]",0,0,5.35
speedrunner,meatboy,8,Stuck,3,0,-45.73,0.104,"[(329.0, 749.0), (281.7, 740.1), (265.0, 691.4), (265.0, 661.5), (265.0, 650.5), (265.0, 658.4), (263.7, 685.1), (207.7, 730.6), (127.7, 725.9), (73.0, 682.0), (73.0, 656.8), (73.0, 650.5), (73.0, 663.1), (73.0, 694.5), (73.0, 734.2), (73.0, 755.0), (73.0, 755.9), (73.0, 755.3), (73.0, 755.0), (73.0, 755.9), (73.0, 755.3), (73.0, 755.0), (73.0, 755.9), (73.0, 755.3), (73.0, 755.0), (73.0, 755.9), (73.0, 755.3), (73.0, 755.0), (73.0, 755.9), (73.0, 755.3), (73.0, 755.0), (73.0, 755.9), (73.0, 755.3), (73.0, 755.0), (73.0, 755.9), (73.0, 755.3), (73.0, 755.0), (73.0, 755.9), (73.0, 755.3), (73.0, 755.0), (73.0, 755.9)]",0,0,5.35
speedrunner,meatboy,8,Stuck,2,0,-45.73,0.104,"[(329.0, 749.0), (281.7, 740.1), (265.0, 691.4), (265.0, 661.5), (265.0, 650.5), (265.0, 658.4), (263.7, 685.1), (207.7, 730.6), (127.7, 725.9), (73.0, 682.0), (73.0, 656.8), (73.0, 650.5), (73.0, 663.1), (73.0, 694.5), (73.0, 734.2), (73.0, 755.0), (73.0, 755.9), (73.0, 755.3), (73.0, 755.0), (73.0, 755.9), (73.0, 755.3), (73.0, 755.0), (73.0, 755.9), (73.0, 755.3), (73.0, 755.0), (73.0, 755.9), (73.0, 755.3), (73.0, 755.0), (73.0, 755.9), (73.0, 755.3), (73.0, 755.0), (73.0, 755.9), (73.0, 755.3), (73.0, 755.0), (73.0, 755.9), (73.0, 755.3), (73.0, 755.0), (73.0, 755.9), (73.0, 755.3), (73.0, 755.0), (73.0, 755.9)]",0,0,5.35
speedrunner,meatboy,8,Stuck,2,0,-45.73,0.104,"[(329.0, 749.0), (281.7, 740.1), (265.0, 691.4), (265.0, 661.5), (265.0, 650.5), (265.0, 658.4), (263.7, 685.1), (207.7, 730.6), (127.7, 725.9), (73.0, 682.0), (73.0, 656.8), (73.0, 650.5), (73.0, 663.1), (73.0, 694.5), (73.0, 734.2), (73.0, 755.0), (73.0, 755.9), (73.0, 755.3), (73.0, 755.0), (73.0, 755.9), (73.0, 755.3), (73.0, 755.0), (73.0, 755.9), (73.0, 755.3), (73.0, 755.0), (73.0, 755.9), (73.0, 755.3), (73.0, 755.0), (73.0, 755.9), (73.0, 755.3), (73.0, 755.0), (73.0, 755.9), (73.0, 755.3), (73.0, 755.0), (73.0, 755.9), (73.0, 755.3), (73.0, 755.0), (73.0, 755.9), (73.0, 755.3), (73.0, 755.0), (73.0, 755.9)]",0,0,5.35
speedrunner,meatboy,8,Stuck,3,0,-45.73,0.104,"[(329.0, 749.0), (281.7, 740.1), (265.0, 691.4), (265.0, 661.5), (265.0, 650.5), (265.0, 658.4), (263.7, 685.1), (207.7, 730.6), (127.7, 725.9), (73.0, 682.0), (73.0, 656.8), (73.0, 650.5), (73.0, 663.1), (73.0, 694.5), (73.0, 734.2), (73.0, 755.0), (73.0, 755.9), (73.0, 755.3), (73.0, 755.0), (73.0, 755.9), (73.0, 755.3), (73.0, 755.0), (73.0, 755.9), (73.0, 755.3), (73.0, 755.0), (73.0, 755.9), (73.0, 755.3), (73.0, 755.0), (73.0, 755.9), (73.0, 755.3), (73.0, 755.0), (73.0, 755.9), (73.0, 755.3), (73.0, 755.0), (73.0, 755.9), (73.0, 755.3), (73.0, 755.0), (73.0, 755.9), (73.0, 755.3), (73.0, 755.0), (73.0, 755.9)]",0,0,5.35
speedrunner,meatboy,8,Stuck,2,0,-45.73,0.104,"[(329.0, 749.0), (281.7, 740.1), (265.0, 691.4), (265.0, 661.5), (265.0, 650.5), (265.0, 658.4), (263.7, 685.1), (207.7, 730.6), (127.7, 725.9), (73.0, 682.0), (73.0, 656.8), (73.0, 650.5), (73.0, 663.1), (73.0, 694.5), (73.0, 734.2), (73.0, 755.0), (73.0, 755.9), (73.0, 755.3), (73.0, 755.0), (73.0, 755.9), (73.0, 755.3), (73.0, 755.0), (73.0, 755.9), (73.0, 755.3), (73.0, 755.0), (73.0, 755.9), (73.0, 755.3), (73.0, 755.0), (73.0, 755.9), (73.0, 755.3), (73.0, 755.0), (73.0, 755.9), (73.0, 755.3), (73.0, 755.0), (73.0, 755.9), (73.0, 755.3), (73.0, 755.0), (73.0, 755.9), (73.0, 755.3), (73.0, 755.0), (73.0, 755.9)]",0,0,5.35
speedrunner,meatboy,8,Stuck,2,0,-45.73,0.104,"[(329.0, 749.0), (281.7, 740.1), (265.0, 691.4), (265.0, 661.5), (265.0, 650.5), (265.0, 658.4), (263.7, 685.1), (207.7, 730.6), (127.7, 725.9), (73.0, 682.0), (73.0, 656.8), (73.0, 650.5), (73.0, 663.1), (73.0, 694.5), (73.0, 734.2), (73.0, 755.0), (73.0, 755.9), (73.0, 755.3), (73.0, 755.0), (73.0, 755.9), (73.0, 755.3), (73.0, 755.0), (73.0, 755.9), (73.0, 755.3), (73.0, 755.0), (73.0, 755.9), (73.0, 755.3), (73.0, 755.0), (73.0, 755.9), (73.0, 755.3), (73.0, 755.0), (73.0, 755.9), (73.0, 755.3), (73.0, 755.0), (73.0, 755.9), (73.0, 755.3), (73.0, 755.0), (73.0, 755.9), (73.0, 755.3), (73.0, 755.0), (73.0, 755.9)]",0,0,5.35
speedrunner,meatboy,8,Stuck,2,0,-45.73,0.104,"[(329.0, 749.0), (281.7, 740.1), (265.0, 691.4), (265.0, 661.5), (265.0, 650.5), (265.0, 658.4), (263.7, 685.1), (207.7, 730.6), (127.7, 725.9), (73.0, 682.0), (73.0, 656.8), (73.0, 650.5), (73.0, 663.1), (73.0, 694.5), (73.0, 734.2), (73.0, 755.0), (73.0, 755.9), (73.0, 755.3), (73.0, 755.0), (73.0, 755.9), (73.0, 755.3), (73.0, 755.0), (73.0, 755.9), (73.0, 755.3), (73.0, 755.0), (73.0, 755.9), (73.0, 755.3), (73.0, 755.0), (73.0, 755.9), (73.0, 755.3), (73.0, 755.0), (73.0, 755.9), (73.0, 755.3), (73.0, 755.0), (73.0, 755.9), (73.0, 755.3), (73.0, 755.0), (73.0, 755.9), (73.0, 755.3), (73.0, 755.0), (73.0, 755.9)]",0,0,5.35
speedrunner,meatboy,8,Stuck,2,0,-45.29,0.104,"[(329.0, 749.0), (369.0, 740.1), (387.6, 691.4), (326.6, 661.5), (265.0, 650.5), (265.0, 658.4), (265.0, 685.1), (265.0, 724.5), (269.7, 747.3), (265.0, 696.2), (227.7, 664.1), (147.7, 650.7), (73.0, 656.2), (73.0, 680.5), (73.0, 719.3), (73.0, 755.0), (73.0, 755.9), (73.0, 755.3), (73.0, 755.0), (73.0, 755.9), (73.0, 755.3), (73.0, 755.0), (73.0, 755.9), (73.0, 755.3), (73.0, 755.0), (73.0, 755.9), (73.0, 755.3), (73.0, 755.0), (73.0, 755.9), (73.0, 755.3), (73.0, 755.0), (73.0, 755.9), (73.0, 755.3), (73.0, 755.0), (73.0, 755.9), (73.0, 755.3), (73.0, 755.0), (73.0, 755.9), (73.0, 755.3), (73.0, 755.0), (73.0, 755.9), (73.0, 755.3)]",0,0,5.47
speedrunner,meatboy,8,Stuck,2,0,-45.73,0.104,"[(329.0, 749.0), (281.7, 740.1), (265.0, 691.4), (265.0, 661.5), (265.0, 650.5), (265.0, 658.4), (263.7, 685.1), (207.7, 730.6), (127.7, 725.9), (73.0, 682.0), (73.0, 656.8), (73.0, 650.5), (73.0, 663.1), (73.0, 694.5), (73.0, 734.2), (73.0, 755.0), (73.0, 755.9), (73.0, 755.3), (73.0, 755.0), (73.0, 755.9), (73.0, 755.3), (73.0, 755.0), (73.0, 755.9), (73.0, 755.3), (73.0, 755.0), (73.0, 755.9), (73.0, 755.3), (73.0, 755.0), (73.0, 755.9), (73.0, 755.3), (73.0, 755.0), (73.0, 755.9), (73.0, 755.3), (73.0, 755.0), (73.0, 755.9), (73.0, 755.3), (73.0, 755.0), (73.0, 755.9), (73.0, 755.3), (73.0, 755.0), (73.0, 755.9)]",0,0,5.35
speedrunner,meatboy,8,Stuck,1,0,-48.18,0.104,"[(329.0, 749.0), (281.7, 755.3), (201.7, 755.0), (121.7, 755.9), (73.0, 755.3), (73.0, 755.0), (73.0, 755.9), (73.0, 755.3), (73.0, 755.0), (73.0, 755.9), (73.0, 755.3), (73.0, 755.0), (73.0, 755.9), (73.0, 755.3), (73.0, 755.0), (73.0, 755.9), (73.0, 755.3), (73.0, 755.0), (73.0, 755.9), (73.0, 755.3), (73.0, 755.0), (73.0, 755.9), (73.0, 755.3), (73.0, 755.0), (73.0, 755.9), (73.0, 755.3), (73.0, 755.0), (73.0, 755.9), (73.0, 755.3), (73.0, 755.0), (73.0, 755.9), (73.0, 755.3), (73.0, 755.0), (73.0, 755.9), (73.0, 755.3), (73.0, 755.0), (73.0, 755.9), (73.0, 755.3), (73.0, 755.0)]",0,0,5.13
speedrunner,meatboy,8,Stuck,9,0,-34.2,0.104,"[(329.0, 749.0), (376.3, 755.3), (456.3, 749.3), (536.3, 755.9), (616.3, 755.3), (569.0, 693.6), (489.0, 641.0), (489.0, 607.2), (489.0, 592.3), (489.0, 596.2), (493.0, 619.0), (556.3, 660.6), (631.0, 721.1), (558.7, 666.6), (478.6, 616.4), (419.2, 585.0), (417.2, 575.6), (417.8, 585.0), (419.8, 613.3), (432.5, 660.5), (425.7, 707.9), (353.0, 747.3), (273.0, 696.2), (265.0, 664.1), (265.0, 650.7), (265.0, 656.2), (265.0, 680.5), (217.7, 723.7), (137.7, 732.8), (73.0, 686.4), (73.0, 658.9), (73.0, 650.3), (73.0, 660.5), (73.0, 689.5), (73.0, 729.2), (73.0, 755.9), (73.0, 755.3), (73.0, 755.0), (73.0, 755.9), (73.0, 755.3), (73.0, 755.0), (73.0, 755.9), (73.0, 755.3), (73.0, 755.0), (73.0, 755.9), (73.0, 755.3), (73.0, 755.0), (73.0, 755.9), (73.0, 755.3), (73.0, 755.0), (73.0, 755.9), (73.0, 755.3), (73.0, 755.0), (73.0, 755.9)]",0,0,7.12
speedrunner,meatboy,8,Stuck,6,0,56.09,0.896,"[(329.0, 749.0), (367.2, 755.3), (339.2, 713.2), (265.0, 673.9), (265.0, 653.5), (265.0, 651.9), (265.0, 669.2), (265.0, 704.4), (265.0, 744.1), (269.3, 744.1), (321.7, 739.4), (401.7, 753.5), (472.1, 755.3), (505.0, 755.0), (544.6, 755.9), (624.3, 747.3), (631.0, 696.2), (627.0, 664.8), (563.7, 657.8), (489.0, 669.6), (489.0, 700.2), (489.0, 739.9), (514.1, 755.9), (570.3, 755.3), (631.0, 732.8), (631.0, 686.4), (631.0, 658.9), (631.0, 650.3), (631.0, 660.5), (631.0, 689.5), (631.0, 729.2), (631.0, 755.9), (631.0, 755.3), (631.0, 755.0), (631.0, 755.9), (631.0, 755.3), (631.0, 755.0), (631.0, 755.9), (631.0, 755.3), (631.0, 755.0), (631.0, 755.9)]",0,0,5.42
speedrunner,meatboy,8,Stuck,9,0,-34.2,0.104,"[(329.0, 749.0), (376.3, 755.3), (456.3, 749.3), (536.3, 755.9), (616.3, 755.3), (569.0, 693.6), (489.0, 641.0), (489.0, 607.2), (489.0, 592.3), (489.0, 596.2), (493.0, 619.0), (556.3, 660.6), (631.0, 721.1), (558.7, 666.6), (478.6, 616.4), (419.2, 585.0), (417.2, 575.6), (417.8, 585.0), (419.8, 613.3), (432.5, 660.5), (425.7, 707.9), (353.0, 747.3), (273.0, 696.2), (265.0, 664.1), (265.0, 650.7), (265.0, 656.2), (265.0, 680.5), (217.7, 723.7), (137.7, 732.8), (73.0, 686.4), (73.0, 658.9), (73.0, 650.3), (73.0, 660.5), (73.0, 689.5), (73.0, 729.2), (73.0, 755.9), (73.0, 755.3), (73.0, 755.0), (73.0, 755.9), (73.0, 755.3), (73.0, 755.0), (73.0, 755.9), (73.0, 755.3), (73.0, 755.0), (73.0, 755.9), (73.0, 755.3), (73.0, 755.0), (73.0, 755.9), (73.0, 755.3), (73.0, 755.0), (73.0, 755.9), (73.0, 755.3), (73.0, 755.0), (73.0, 755.9)]",0,0,7.12
speedrunner,meatboy,8,Stuck,6,0,56.09,0.896,"[(329.0, 749.0), (367.2, 755.3), (339.2, 713.2), (265.0, 673.9), (265.0, 653.5), (265.0, 651.9), (265.0, 669.2), (265.0, 704.4), (265.0, 744.1), (269.3, 744.1), (321.7, 739.4), (401.7, 753.5), (472.1, 755.3), (505.0, 755.0), (544.6, 755.9), (624.3, 747.3), (631.0, 696.2), (627.0, 664.8), (563.7, 657.8), (489.0, 669.6), (489.0, 700.2), (489.0, 739.9), (514.1, 755.9), (570.3, 755.3), (631.0, 732.8), (631.0, 686.4), (631.0, 658.9), (631.0, 650.3), (631.0, 660.5), (631.0, 689.5), (631.0, 729.2), (631.0, 755.9), (631.0, 755.3), (631.0, 755.0), (631.0, 755.9), (631.0, 755.3), (631.0, 755.0), (631.0, 755.9), (631.0, 755.3), (631.0, 755.0), (631.0, 755.9)]",0,0,5.42
speedrunner,meatboy,8,Stuck,2,0,-45.73,0.104,"[(329.0, 749.0), (281.7, 740.1), (265.0, 691.4), (265.0, 661.5), (265.0, 650.5), (265.0, 658.4), (263.7, 685.1), (207.7, 730.6), (127.7, 725.9), (73.0, 682.0), (73.0, 656.8), (73.0, 650.5), (73.0, 663.1), (73.0, 694.5), (73.0, 734.2), (73.0, 755.0), (73.0, 755.9), (73.0, 755.3), (73.0, 755.0), (73.0, 755.9), (73.0, 755.3), (73.0, 755.0), (73.0, 755.9), (73.0, 755.3), (73.0, 755.0), (73.0, 755.9), (73.0, 755.3), (73.0, 755.0), (73.0, 755.9), (73.0, 755.3), (73.0, 755.0), (73.0, 755.9), (73.0, 755.3), (73.0, 755.0), (73.0, 755.9), (73.0, 755.3), (73.0, 755.0), (73.0, 755.9), (73.0, 755.3), (73.0, 755.0), (73.0, 755.9)]",0,0,5.35
speedrunner,meatboy,8,Stuck,2,0,-45.29,0.104,"[(329.0, 749.0), (369.0, 740.1), (387.6, 691.4), (326.6, 661.5), (265.0, 650.5), (265.0, 658.4), (265.0, 685.1), (265.0, 724.5), (269.7, 747.3), (265.0, 696.2), (227.7, 664.1), (147.7, 650.7), (73.0, 656.2), (73.0, 680.5), (73.0, 719.3), (73.0, 755.0), (73.0, 755.9), (73.0, 755.3), (73.0, 755.0), (73.0, 755.9), (73.0, 755.3), (73.0, 755.0), (73.0, 755.9), (73.0, 755.3), (73.0, 755.0), (73.0, 755.9), (73.0, 755.3), (73.0, 755.0), (73.0, 755.9), (73.0, 755.3), (73.0, 755.0), (73.0, 755.9), (73.0, 755.3), (73.0, 755.0), (73.0, 755.9), (73.0, 755.3), (73.0, 755.0), (73.0, 755.9), (73.0, 755.3), (73.0, 755.0), (73.0, 755.9), (73.0, 755.3)]",0,0,5.47
speedrunner,meatboy,8,Stuck,2,0,-45.73,0.104,"[(329.0, 749.0), (281.7, 740.1), (265.0, 691.4), (265.0, 661.5), (265.0, 650.5), (265.0, 658.4), (263.7, 685.1), (207.7, 730.6), (127.7, 725.9), (73.0, 682.0), (73.0, 656.8), (73.0, 650.5), (73.0, 663.1), (73.0, 694.5), (73.0, 734.2), (73.0, 755.0), (73.0, 755.9), (73.0, 755.3), (73.0, 755.0), (73.0, 755.9), (73.0, 755.3), (73.0, 755.0), (73.0, 755.9), (73.0, 755.3), (73.0, 755.0), (73.0, 755.9), (73.0, 755.3), (73.0, 755.0), (73.0, 755.9), (73.0, 755.3), (73.0, 755.0), (73.0, 755.9), (73.0, 755.3), (73.0, 755.0), (73.0, 755.9), (73.0, 755.3), (73.0, 755.0), (73.0, 755.9), (73.0, 755.3), (73.0, 755.0), (73.0, 755.9)]",0,0,5.35
speedrunner,meatboy,8,Stuck,10,0,22.07,0.635,"[(329.0, 749.0), (367.2, 755.3), (342.9, 708.1), (265.0, 671.2), (265.0, 653.1), (265.0, 653.9), (265.0, 673.6), (265.0, 710.3), (265.0, 750.0), (275.1, 739.2), (325.1, 741.6), (399.2, 747.3), (439.0, 696.2), (439.0, 664.1), (439.0, 650.7), (439.0, 656.2), (391.7, 680.5), (311.7, 723.7), (261.5, 743.2), (287.7, 738.5), (364.9, 752.6), (391.1, 755.0), (420.0, 738.0), (499.6, 745.1), (571.2, 755.0), (631.0, 701.6), (631.0, 667.0), (631.0, 651.3), (631.0, 654.5), (593.7, 676.4), (513.7, 717.3), (436.3, 745.1), (415.0, 738.0), (475.0, 749.8), (520.7, 755.9), (558.7, 739.5), (631.0, 741.9), (548.6, 675.1), (468.5, 627.3), (425.8, 627.2), (452.5, 651.9)]",0,0,5.4
speedrunner,meatboy,8,Stuck,2,0,-45.73,0.104,"[(329.0, 749.0), (281.7, 740.1), (265.0, 691.4), (265.0, 661.5), (265.0, 650.5), (265.0, 658.4), (263.7, 685.1), (207.7, 730.6), (127.7, 725.9), (73.0, 682.0), (73.0, 656.8), (73.0, 650.5), (73.0, 663.1), (73.0, 694.5), (73.0, 734.2), (73.0, 755.0), (73.0, 755.9), (73.0, 755.3), (73.0, 755.0), (73.0, 755.9), (73.0, 755.3), (73.0, 755.0), (73.0, 755.9), (73.0, 755.3), (73.0, 755.0), (73.0, 755.9), (73.0, 755.3), (73.0, 755.0), (73.0, 755.9), (73.0, 755.3), (73.0, 755.0), (73.0, 755.9), (73.0, 755.3), (73.0, 755.0), (73.0, 755.9), (73.0, 755.3), (73.0, 755.0), (73.0, 755.9), (73.0, 755.3), (73.0, 755.0), (73.0, 755.9)]",0,0,5.35
speedrunner,meatboy,8,Stuck,2,0,-45.73,0.104,"[(329.0, 749.0), (325.0, 740.1), (265.0, 691.4), (265.0, 661.5), (265.0, 650.5), (265.0, 658.4), (265.0, 685.1), (251.7, 730.6), (177.7, 725.9), (97.7, 682.0), (73.0, 656.8), (73.0, 650.5), (73.0, 663.1), (73.0, 694.5), (73.0, 734.2), (73.0, 755.0), (73.0, 755.9), (73.0, 755.3), (73.0, 755.0), (73.0, 755.9), (73.0, 755.3), (73.0, 755.0), (73.0, 755.9), (73.0, 755.3), (73.0, 755.0), (73.0, 755.9), (73.0, 755.3), (73.0, 755.0), (73.0, 755.9), (73.0, 755.3), (73.0, 755.0), (73.0, 755.9), (73.0, 755.3), (73.0, 755.0), (73.0, 755.9), (73.0, 755.3), (73.0, 755.0), (73.0, 755.9), (73.0, 755.3), (73.0, 755.0), (73.0, 755.9)]",0,0,5.35
speedrunner,meatboy,8,Saw,7,0,-7.11,0.429,"[(329.0, 749.0), (376.3, 755.3), (456.3, 755.0), (536.3, 755.9), (616.3, 755.3), (569.0, 693.6), (489.0, 641.0), (489.0, 607.2), (489.0, 592.3), (489.0, 596.2), (493.0, 619.0), (556.3, 660.6), (631.0, 721.1), (558.7, 666.6), (479.8, 616.4), (437.2, 587.0), (439.0, 582.3), (443.0, 596.4), (506.3, 629.4), (586.3, 681.3), (610.3, 709.8), (528.5, 647.7), (461.8, 621.2), (472.5, 623.6), (548.5, 644.9), (628.5, 684.9), (558.7, 631.8), (478.5, 581.6), (410.5, 550.2), (335.8, 537.6), (267.8, 543.9), (269.0, 569.1)]",0,0,4.22
speedrunner,meatboy,8,Stuck,2,0,-45.73,0.104,"[(329.0, 749.0), (281.7, 740.1), (265.0, 691.4), (265.0, 661.5), (265.0, 650.5), (265.0, 658.4), (263.7, 685.1), (207.7, 730.6), (127.7, 725.9), (73.0, 682.0), (73.0, 656.8), (73.0, 650.5), (73.0, 663.1), (73.0, 694.5), (73.0, 734.2), (73.0, 755.0), (73.0, 755.9), (73.0, 755.3), (73.0, 755.0), (73.0, 755.9), (73.0, 755.3), (73.0, 755.0), (73.0, 755.9), (73.0, 755.3), (73.0, 755.0), (73.0, 755.9), (73.0, 755.3), (73.0, 755.0), (73.0, 755.9), (73.0, 755.3), (73.0, 755.0), (73.0, 755.9), (73.0, 755.3), (73.0, 755.0), (73.0, 755.9), (73.0, 755.3), (73.0, 755.0), (73.0, 755.9), (73.0, 755.3), (73.0, 755.0), (73.0, 755.9)]",0,0,5.35
speedrunner,meatboy,8,Saw,7,0,-7.11,0.429,"[(329.0, 749.0), (376.3, 755.3), (456.3, 755.0), (536.3, 755.9), (616.3, 755.3), (569.0, 693.6), (489.0, 641.0), (489.0, 607.2), (489.0, 592.3), (489.0, 596.2), (493.0, 619.0), (556.3, 660.6), (631.0, 721.1), (558.7, 666.6), (479.8, 616.4), (437.2, 587.0), (439.0, 582.3), (443.0, 596.4), (506.3, 629.4), (586.3, 681.3), (610.3, 709.8), (528.5, 647.7), (461.8, 621.2), (472.5, 623.6), (548.5, 644.9), (628.5, 684.9), (558.7, 631.8), (478.5, 581.6), (410.5, 550.2), (335.8, 537.6), (267.8, 543.9), (269.0, 569.1)]",0,0,4.22
speedrunner,meatboy,8,Stuck,9,0,-34.2,0.104,"[(329.0, 749.0), (376.3, 755.3), (456.3, 749.3), (536.3, 755.9), (616.3, 755.3), (569.0, 693.6), (489.0, 641.0), (489.0, 607.2), (489.0, 592.3), (489.0, 596.2), (493.0, 619.0), (556.3, 660.6), (631.0, 721.1), (558.7, 666.6), (478.6, 616.4), (419.2, 585.0), (417.2, 575.6), (417.8, 585.0), (419.8, 613.3), (432.5, 660.5), (425.7, 707.9), (353.0, 747.3), (273.0, 696.2), (265.0, 664.1), (265.0, 650.7), (265.0, 656.2), (265.0, 680.5), (217.7, 723.7), (137.7, 732.8), (73.0, 686.4), (73.0, 658.9), (73.0, 650.3), (73.0, 660.5), (73.0, 689.5), (73.0, 729.2), (73.0, 755.9), (73.0, 755.3), (73.0, 755.0), (73.0, 755.9), (73.0, 755.3), (73.0, 755.0), (73.0, 755.9), (73.0, 755.3), (73.0, 755.0), (73.0, 755.9), (73.0, 755.3), (73.0, 755.0), (73.0, 755.9), (73.0, 755.3), (73.0, 755.0), (73.0, 755.9), (73.0, 755.3), (73.0, 755.0), (73.0, 755.9)]",0,0,7.12
speedrunner,meatboy,8,Stuck,2,0,-45.73,0.104,"[(329.0, 749.0), (281.7, 740.1), (265.0, 691.4), (265.0, 661.5), (265.0, 650.5), (265.0, 658.4), (263.7, 685.1), (207.7, 730.6), (127.7, 725.9), (73.0, 682.0), (73.0, 656.8), (73.0, 650.5), (73.0, 663.1), (73.0, 694.5), (73.0, 734.2), (73.0, 755.0), (73.0, 755.9), (73.0, 755.3), (73.0, 755.0), (73.0, 755.9), (73.0, 755.3), (73.0, 755.0), (73.0, 755.9), (73.0, 755.3), (73.0, 755.0), (73.0, 755.9), (73.0, 755.3), (73.0, 755.0), (73.0, 755.9), (73.0, 755.3), (73.0, 755.0), (73.0, 755.9), (73.0, 755.3), (73.0, 755.0), (73.0, 755.9), (73.0, 755.3), (73.0, 755.0), (73.0, 755.9), (73.0, 755.3), (73.0, 755.0), (73.0, 755.9)]",0,0,5.35
speedrunner,meatboy,8,Stuck,2,0,-45.73,0.104,"[(329.0, 749.0), (325.0, 740.1), (265.0, 691.4), (265.0, 661.5), (265.0, 650.5), (265.0, 658.4), (265.0, 685.1), (251.7, 730.6), (177.7, 725.9), (97.7, 682.0), (73.0, 656.8), (73.0, 650.5), (73.0, 663.1), (73.0, 694.5), (73.0, 734.2), (73.0, 755.0), (73.0, 755.9), (73.0, 755.3), (73.0, 755.0), (73.0, 755.9), (73.0, 755.3), (73.0, 755.0), (73.0, 755.9), (73.0, 755.3), (73.0, 755.0), (73.0, 755.9), (73.0, 755.3), (73.0, 755.0), (73.0, 755.9), (73.0, 755.3), (73.0, 755.0), (73.0, 755.9), (73.0, 755.3), (73.0, 755.0), (73.0, 755.9), (73.0, 755.3), (73.0, 755.0), (73.0, 755.9), (73.0, 755.3), (73.0, 755.0), (73.0, 755.9)]",0,0,5.35
speedrunner,meatboy,8,Stuck,1,0,57.18,0.896,"[(329.0, 749.0), (376.3, 755.3), (456.3, 755.0), (536.3, 755.9), (616.3, 755.3), (631.0, 708.1), (631.0, 671.2), (631.0, 653.1), (631.0, 653.9), (631.0, 673.6), (631.0, 710.3), (631.0, 750.0), (631.0, 755.0), (631.0, 755.9), (631.0, 755.3), (631.0, 755.0), (631.0, 755.9), (631.0, 755.3), (631.0, 755.0), (631.0, 755.9), (631.0, 755.3), (631.0, 755.0), (631.0, 755.9), (631.0, 755.3), (631.0, 755.0), (631.0, 755.9), (631.0, 755.3), (631.0, 755.0), (631.0, 755.9), (631.0, 755.3), (631.0, 755.0), (631.0, 755.9), (631.0, 755.3), (631.0, 755.0), (631.0, 755.9), (631.0, 755.3), (631.0, 755.0), (631.0, 755.9), (631.0, 755.3), (631.0, 755.0)]",0,0,5.2
speedrunner,meatboy,8,Stuck,2,0,-45.73,0.104,"[(329.0, 749.0), (281.7, 740.1), (265.0, 691.4), (265.0, 661.5), (265.0, 650.5), (265.0, 658.4), (263.7, 685.1), (207.7, 730.6), (127.7, 725.9), (73.0, 682.0), (73.0, 656.8), (73.0, 650.5), (73.0, 663.1), (73.0, 694.5), (73.0, 734.2), (73.0, 755.0), (73.0, 755.9), (73.0, 755.3), (73.0, 755.0), (73.0, 755.9), (73.0, 755.3), (73.0, 755.0), (73.0, 755.9), (73.0, 755.3), (73.0, 755.0), (73.0, 755.9), (73.0, 755.3), (73.0, 755.0), (73.0, 755.9), (73.0, 755.3), (73.0, 755.0), (73.0, 755.9), (73.0, 755.3), (73.0, 755.0), (73.0, 755.9), (73.0, 755.3), (73.0, 755.0), (73.0, 755.9), (73.0, 755.3), (73.0, 755.0), (73.0, 755.9)]",0,0,5.35
speedrunner,meatboy,8,Stuck,2,0,-45.73,0.104,"[(329.0, 749.0), (281.7, 740.1), (265.0, 691.4), (265.0, 661.5), (265.0, 650.5), (265.0, 658.4), (263.7, 685.1), (207.7, 730.6), (127.7, 725.9), (73.0, 682.0), (73.0, 656.8), (73.0, 650.5), (73.0, 663.1), (73.0, 694.5), (73.0, 734.2), (73.0, 755.0), (73.0, 755.9), (73.0, 755.3), (73.0, 755.0), (73.0, 755.9), (73.0, 755.3), (73.0, 755.0), (73.0, 755.9), (73.0, 755.3), (73.0, 755.0), (73.0, 755.9), (73.0, 755.3), (73.0, 755.0), (73.0, 755.9), (73.0, 755.3), (73.0, 755.0), (73.0, 755.9), (73.0, 755.3), (73.0, 755.0), (73.0, 755.9), (73.0, 755.3), (73.0, 755.0), (73.0, 755.9), (73.0, 755.3), (73.0, 755.0), (73.0, 755.9)]",0,0,5.35
speedrunner,meatboy,8,Stuck,5,0,57.18,0.896,"[(329.0, 749.0), (376.3, 755.3), (456.3, 755.0), (536.3, 755.9), (616.3, 755.3), (631.0, 708.1), (631.0, 671.2), (631.0, 653.1), (631.0, 653.9), (631.0, 673.6), (631.0, 710.3), (631.0, 750.0), (631.0, 713.2), (631.0, 673.9), (631.0, 653.5), (631.0, 651.9), (631.0, 669.2), (631.0, 704.4), (631.0, 744.1), (631.0, 719.4), (631.0, 677.8), (631.0, 655.0), (631.0, 651.1), (631.0, 666.0), (631.0, 699.5), (631.0, 739.2), (631.0, 725.9), (631.0, 682.0), (631.0, 656.8), (631.0, 650.5), (631.0, 663.1), (631.0, 694.5), (631.0, 734.2), (631.0, 732.8), (631.0, 686.4), (631.0, 658.9), (631.0, 650.3), (631.0, 660.5), (631.0, 689.5), (631.0, 729.2)]",0,0,5.2
speedrunner,meatboy,8,Stuck,8,0,46.71,0.896,"[(329.0, 749.0), (376.3, 755.3), (439.0, 732.8), (439.0, 686.4), (439.0, 658.9), (439.0, 650.3), (439.0, 660.5), (401.7, 689.5), (321.7, 737.4), (265.0, 719.4), (265.0, 677.8), (265.0, 655.0), (265.0, 651.1), (265.0, 666.0), (251.7, 699.8), (181.7, 752.4), (169.9, 725.7), (174.8, 725.7), (183.6, 744.6), (202.7, 755.9), (202.9, 738.9), (212.0, 746.0), (261.4, 755.3), (337.7, 755.0), (417.7, 755.9), (497.7, 755.3), (577.7, 755.0), (610.3, 724.0), (528.5, 662.0), (449.8, 621.0), (428.5, 631.6), (488.5, 661.0), (568.5, 709.3), (631.0, 739.9), (631.0, 691.2), (631.0, 661.4), (631.0, 650.4), (631.0, 658.2), (631.0, 684.9), (631.0, 724.3), (631.0, 755.3), (631.0, 755.0), (631.0, 755.9), (631.0, 755.3), (631.0, 755.0), (631.0, 755.9), (631.0, 755.3), (631.0, 755.0)]",0,0,6.37
speedrunner,meatboy,8,Stuck,7,0,-33.14,0.104,"[(329.0, 749.0), (376.3, 755.3), (437.7, 713.2), (381.7, 703.8), (301.7, 713.2), (265.0, 741.5), (293.0, 755.9), (372.3, 755.3), (452.3, 755.0), (532.3, 755.9), (612.3, 740.8), (631.0, 692.1), (623.0, 663.8), (553.7, 659.1), (489.0, 673.3), (475.7, 706.3), (401.7, 755.0), (321.7, 701.6), (265.0, 667.0), (265.0, 651.3), (265.0, 654.5), (265.0, 676.4), (251.7, 716.1), (177.7, 739.9), (97.7, 691.2), (73.0, 661.4), (73.0, 650.4), (73.0, 658.2), (73.0, 684.9), (73.0, 724.3), (73.0, 755.3), (73.0, 755.0), (73.0, 755.9), (73.0, 755.3), (73.0, 755.0), (73.0, 755.9), (73.0, 755.3), (73.0, 755.0), (73.0, 755.9), (73.0, 755.3), (73.0, 755.0), (73.0, 755.9), (73.0, 755.3), (73.0, 755.0), (73.0, 755.9), (73.0, 755.3), (73.0, 755.0), (73.0, 755.9), (73.0, 755.3), (73.0, 755.0), (73.0, 755.9), (73.0, 755.3), (73.0, 755.0), (73.0, 755.9), (73.0, 755.3), (73.0, 755.0)]",0,0,7.38
speedrunner,meatboy,8,Saw,7,0,-7.11,0.429,"[(329.0, 749.0), (376.3, 755.3), (456.3, 755.0), (536.3, 755.9), (616.3, 755.3), (569.0, 693.6), (489.0, 641.0), (489.0, 607.2), (489.0, 592.3), (489.0, 596.2), (493.0, 619.0), (556.3, 660.6), (631.0, 721.1), (558.7, 666.6), (479.8, 616.4), (437.2, 587.0), (439.0, 582.3), (443.0, 596.4), (506.3, 629.4), (586.3, 681.3), (610.3, 709.8), (528.5, 647.7), (461.8, 621.2), (472.5, 623.6), (548.5, 644.9), (628.5, 684.9), (558.7, 631.8), (478.5, 581.6), (410.5, 550.2), (335.8, 537.6), (267.8, 543.9), (269.0, 569.1)]",0,0,4.22
speedrunner,meatboy,8,Stuck,9,0,-34.2,0.104,"[(329.0, 749.0), (376.3, 755.3), (456.3, 749.3), (536.3, 755.9), (616.3, 755.3), (569.0, 693.6), (489.0, 641.0), (489.0, 607.2), (489.0, 592.3), (489.0, 596.2), (493.0, 619.0), (556.3, 660.6), (631.0, 721.1), (558.7, 666.6), (478.6, 616.4), (419.2, 585.0), (417.2, 575.6), (417.8, 585.0), (419.8, 613.3), (432.5, 660.5), (425.7, 707.9), (353.0, 747.3), (273.0, 696.2), (265.0, 664.1), (265.0, 650.7), (265.0, 656.2), (265.0, 680.5), (217.7, 723.7), (137.7, 732.8), (73.0, 686.4), (73.0, 658.9), (73.0, 650.3), (73.0, 660.5), (73.0, 689.5), (73.0, 729.2), (73.0, 755.9), (73.0, 755.3), (73.0, 755.0), (73.0, 755.9), (73.0, 755.3), (73.0, 755.0), (73.0, 755.9), (73.0, 755.3), (73.0, 755.0), (73.0, 755.9), (73.0, 755.3), (73.0, 755.0), (73.0, 755.9), (73.0, 755.3), (73.0, 755.0), (73.0, 755.9), (73.0, 755.3), (73.0, 755.0), (73.0, 755.9)]",0,0,7.12
speedrunner,meatboy,8,Stuck,7,0,-33.14,0.104,"[(329.0, 749.0), (376.3, 755.3), (437.7, 713.2), (381.7, 703.8), (301.7, 713.2), (265.0, 741.5), (293.0, 755.9), (372.3, 755.3), (452.3, 755.0), (532.3, 755.9), (612.3, 740.8), (631.0, 692.1), (623.0, 663.8), (553.7, 659.1), (489.0, 673.3), (475.7, 706.3), (401.7, 755.0), (321.7, 701.6), (265.0, 667.0), (265.0, 651.3), (265.0, 654.5), (265.0, 676.4), (251.7, 716.1), (177.7, 739.9), (97.7, 691.2), (73.0, 661.4), (73.0, 650.4), (73.0, 658.2), (73.0, 684.9), (73.0, 724.3), (73.0, 755.3), (73.0, 755.0), (73.0, 755.9), (73.0, 755.3), (73.0, 755.0), (73.0, 755.9), (73.0, 755.3), (73.0, 755.0), (73.0, 755.9), (73.0, 755.3), (73.0, 755.0), (73.0, 755.9), (73.0, 755.3), (73.0, 755.0), (73.0, 755.9), (73.0, 755.3), (73.0, 755.0), (73.0, 755.9), (73.0, 755.3), (73.0, 755.0), (73.0, 755.9), (73.0, 755.3), (73.0, 755.0), (73.0, 755.9), (73.0, 755.3), (73.0, 755.0)]",0,0,7.38
speedrunner,meatboy,8,Stuck,8,0,46.71,0.896,"[(329.0, 749.0), (376.3, 755.3), (439.0, 732.8), (439.0, 686.4), (439.0, 658.9), (439.0, 650.3), (439.0, 660.5), (401.7, 689.5), (321.7, 737.4), (265.0, 719.4), (265.0, 677.8), (265.0, 655.0), (265.0, 651.1), (265.0, 666.0), (251.7, 699.8), (181.7, 752.4), (169.9, 725.7), (174.8, 725.7), (183.6, 744.6), (202.7, 755.9), (202.9, 738.9), (212.0, 746.0), (261.4, 755.3), (337.7, 755.0), (417.7, 755.9), (497.7, 755.3), (577.7, 755.0), (610.3, 724.0), (528.5, 662.0), (449.8, 621.0), (428.5, 631.6), (488.5, 661.0), (568.5, 709.3), (631.0, 739.9), (631.0, 691.2), (631.0, 661.4), (631.0, 650.4), (631.0, 658.2), (631.0, 684.9), (631.0, 724.3), (631.0, 755.3), (631.0, 755.0), (631.0, 755.9), (631.0, 755.3), (631.0, 755.0), (631.0, 755.9), (631.0, 755.3), (631.0, 755.0)]",0,0,6.37
speedrunner,meatboy,8,Stuck,3,0,56.45,0.896,"[(329.0, 749.0), (376.3, 755.3), (439.0, 713.2), (439.0, 673.9), (439.0, 653.5), (435.0, 651.9), (371.7, 669.2), (291.7, 705.3), (269.0, 749.4), (291.0, 743.2), (360.8, 738.5), (440.8, 752.6), (520.8, 755.0), (600.8, 726.2), (631.0, 682.3), (631.0, 657.1), (631.0, 650.8), (631.0, 663.4), (631.0, 694.8), (631.0, 734.5), (631.0, 755.0), (631.0, 755.9), (631.0, 755.3), (631.0, 755.0), (631.0, 755.9), (631.0, 755.3), (631.0, 755.0), (631.0, 755.9), (631.0, 755.3), (631.0, 755.0), (631.0, 755.9), (631.0, 755.3), (631.0, 755.0), (631.0, 755.9), (631.0, 755.3), (631.0, 755.0), (631.0, 755.9), (631.0, 755.3), (631.0, 755.0), (631.0, 755.9), (631.0, 755.3)]",0,0,5.42
speedrunner,meatboy,8,Stuck,5,0,57.18,0.896,"[(329.0, 749.0), (376.3, 755.3), (456.3, 755.0), (536.3, 755.9), (616.3, 755.3), (631.0, 713.2), (631.0, 673.9), (631.0, 653.5), (631.0, 651.9), (631.0, 669.2), (631.0, 704.4), (631.0, 744.1), (631.0, 719.4), (631.0, 677.8), (631.0, 655.0), (631.0, 651.1), (631.0, 666.0), (631.0, 699.5), (631.0, 739.2), (631.0, 725.9), (631.0, 682.0), (631.0, 656.8), (631.0, 650.5), (631.0, 663.1), (631.0, 694.5), (631.0, 734.2), (631.0, 732.8), (631.0, 686.4), (631.0, 658.9), (631.0, 650.3), (631.0, 660.5), (631.0, 689.5), (631.0, 729.2), (631.0, 739.9), (631.0, 691.2), (631.0, 661.4), (631.0, 650.4), (631.0, 658.2), (631.0, 684.9), (631.0, 724.3)]",0,0,5.2
speedrunner,meatboy,8,Stuck,2,0,-45.73,0.104,"[(329.0, 749.0), (281.7, 740.1), (265.0, 691.4), (265.0, 661.5), (265.0, 650.5), (265.0, 658.4), (263.7, 685.1), (207.7, 730.6), (127.7, 725.9), (73.0, 682.0), (73.0, 656.8), (73.0, 650.5), (73.0, 663.1), (73.0, 694.5), (73.0, 734.2), (73.0, 755.0), (73.0, 755.9), (73.0, 755.3), (73.0, 755.0), (73.0, 755.9), (73.0, 755.3), (73.0, 755.0), (73.0, 755.9), (73.0, 755.3), (73.0, 755.0), (73.0, 755.9), (73.0, 755.3), (73.0, 755.0), (73.0, 755.9), (73.0, 755.3), (73.0, 755.0), (73.0, 755.9), (73.0, 755.3), (73.0, 755.0), (73.0, 755.9), (73.0, 755.3), (73.0, 755.0), (73.0, 755.9), (73.0, 755.3), (73.0, 755.0), (73.0, 755.9)]",0,0,5.35
speedrunner,meatboy,8,Stuck,2,0,-45.73,0.104,"[(329.0, 749.0), (281.7, 740.1), (265.0, 691.4), (265.0, 661.5), (265.0, 650.5), (265.0, 658.4), (263.7, 685.1), (207.7, 730.6), (127.7, 725.9), (73.0, 682.0), (73.0, 656.8), (73.0, 650.5), (73.0, 663.1), (73.0, 694.5), (73.0, 734.2), (73.0, 755.0), (73.0, 755.9), (73.0, 755.3), (73.0, 755.0), (73.0, 755.9), (73.0, 755.3), (73.0, 755.0), (73.0, 755.9), (73.0, 755.3), (73.0, 755.0), (73.0, 755.9), (73.0, 755.3), (73.0, 755.0), (73.0, 755.9), (73.0, 755.3), (73.0, 755.0), (73.0, 755.9), (73.0, 755.3), (73.0, 755.0), (73.0, 755.9), (73.0, 755.3), (73.0, 755.0), (73.0, 755.9), (73.0, 755.3), (73.0, 755.0), (73.0, 755.9)]",0,0,5.35
speedrunner,meatboy,8,Stuck,5,0,57.18,0.896,"[(329.0, 749.0), (376.3, 755.3), (456.3, 755.0), (536.3, 755.9), (616.3, 755.3), (631.0, 708.1), (631.0, 671.2), (631.0, 653.1), (631.0, 653.9), (631.0, 673.6), (631.0, 710.3), (631.0, 750.0), (631.0, 713.2), (631.0, 673.9), (631.0, 653.5), (631.0, 651.9), (631.0, 669.2), (631.0, 704.4), (631.0, 744.1), (631.0, 719.4), (631.0, 677.8), (631.0, 655.0), (631.0, 651.1), (631.0, 666.0), (631.0, 699.5), (631.0, 739.2), (631.0, 725.9), (631.0, 682.0), (631.0, 656.8), (631.0, 650.5), (631.0, 663.1), (631.0, 694.5), (631.0, 734.2), (631.0, 732.8), (631.0, 686.4), (631.0, 658.9), (631.0, 650.3), (631.0, 660.5), (631.0, 689.5), (631.0, 729.2)]",0,0,5.2
speedrunner,meatboy,8,Stuck,8,0,50.93,0.896,"[(329.0, 749.0), (376.3, 755.3), (456.3, 749.3), (536.3, 755.9), (616.3, 755.3), (569.0, 693.6), (489.0, 641.0), (489.0, 607.2), (489.0, 592.3), (489.0, 596.2), (493.0, 619.0), (556.3, 660.6), (631.0, 721.1), (631.0, 748.1), (631.0, 697.1), (631.0, 664.9), (631.0, 651.5), (631.0, 657.0), (631.0, 681.3), (631.0, 720.1), (631.0, 755.0), (631.0, 701.6), (631.0, 667.0), (631.0, 651.3), (631.0, 654.5), (631.0, 676.4), (631.0, 714.3), (631.0, 754.0), (631.0, 707.2), (631.0, 670.3), (631.0, 652.3), (631.0, 653.0), (631.0, 672.7), (631.0, 709.4), (631.0, 749.1), (631.0, 713.2), (631.0, 673.9), (631.0, 653.5), (631.0, 651.9), (631.0, 669.2), (631.0, 704.4), (631.0, 744.1), (631.0, 719.4), (631.0, 677.8), (631.0, 655.0)]",0,0,5.93
speedrunner,meatboy,8,Saw,7,0,-7.11,0.429,"[(329.0, 749.0), (376.3, 755.3), (456.3, 755.0), (536.3, 755.9), (616.3, 755.3), (569.0, 693.6), (489.0, 641.0), (489.0, 607.2), (489.0, 592.3), (489.0, 596.2), (493.0, 619.0), (556.3, 660.6), (631.0, 721.1), (558.7, 666.6), (479.8, 616.4), (437.2, 587.0), (439.0, 582.3), (443.0, 596.4), (506.3, 629.4), (586.3, 681.3), (610.3, 709.8), (528.5, 647.7), (461.8, 621.2), (472.5, 623.6), (548.5, 644.9), (628.5, 684.9), (558.7, 631.8), (478.5, 581.6), (410.5, 550.2), (335.8, 537.6), (267.8, 543.9), (269.0, 569.1)]",0,0,4.22
speedrunner,meatboy,8,Stuck,9,0,-34.2,0.104,"[(329.0, 749.0), (376.3, 755.3), (456.3, 749.3), (536.3, 755.9), (616.3, 755.3), (569.0, 693.6), (489.0, 641.0), (489.0, 607.2), (489.0, 592.3), (489.0, 596.2), (493.0, 619.0), (556.3, 660.6), (631.0, 721.1), (558.7, 666.6), (478.6, 616.4), (419.2, 585.0), (417.2, 575.6), (417.8, 585.0), (419.8, 613.3), (432.5, 660.5), (425.7, 707.9), (353.0, 747.3), (273.0, 696.2), (265.0, 664.1), (265.0, 650.7), (265.0, 656.2), (265.0, 680.5), (217.7, 723.7), (137.7, 732.8), (73.0, 686.4), (73.0, 658.9), (73.0, 650.3), (73.0, 660.5), (73.0, 689.5), (73.0, 729.2), (73.0, 755.9), (73.0, 755.3), (73.0, 755.0), (73.0, 755.9), (73.0, 755.3), (73.0, 755.0), (73.0, 755.9), (73.0, 755.3), (73.0, 755.0), (73.0, 755.9), (73.0, 755.3), (73.0, 755.0), (73.0, 755.9), (73.0, 755.3), (73.0, 755.0), (73.0, 755.9), (73.0, 755.3), (73.0, 755.0), (73.0, 755.9)]",0,0,7.12
speedrunner,meatboy,8,Stuck,2,0,-45.73,0.104,"[(329.0, 749.0), (281.7, 740.1), (265.0, 691.4), (265.0, 661.5), (265.0, 650.5), (265.0, 658.4), (263.7, 685.1), (207.7, 730.6), (127.7, 725.9), (73.0, 682.0), (73.0, 656.8), (73.0, 650.5), (73.0, 663.1), (73.0, 694.5), (73.0, 734.2), (73.0, 755.0), (73.0, 755.9), (73.0, 755.3), (73.0, 755.0), (73.0, 755.9), (73.0, 755.3), (73.0, 755.0), (73.0, 755.9), (73.0, 755.3), (73.0, 755.0), (73.0, 755.9), (73.0, 755.3), (73.0, 755.0), (73.0, 755.9), (73.0, 755.3), (73.0, 755.0), (73.0, 755.9), (73.0, 755.3), (73.0, 755.0), (73.0, 755.9), (73.0, 755.3), (73.0, 755.0), (73.0, 755.9), (73.0, 755.3), (73.0, 755.0), (73.0, 755.9)]",0,0,5.35
speedrunner,meatboy,8,Stuck,2,0,-45.73,0.104,"[(329.0, 749.0), (281.7, 740.1), (265.0, 691.4), (265.0, 661.5), (265.0, 650.5), (265.0, 658.4), (263.7, 685.1), (207.7, 730.6), (127.7, 725.9), (73.0, 682.0), (73.0, 656.8), (73.0, 650.5), (73.0, 663.1), (73.0, 694.5), (73.0, 734.2), (73.0, 755.0), (73.0, 755.9), (73.0, 755.3), (73.0, 755.0), (73.0, 755.9), (73.0, 755.3), (73.0, 755.0), (73.0, 755.9), (73.0, 755.3), (73.0, 755.0), (73.0, 755.9), (73.0, 755.3), (73.0, 755.0), (73.0, 755.9), (73.0, 755.3), (73.0, 755.0), (73.0, 755.9), (73.0, 755.3), (73.0, 755.0), (73.0, 755.9), (73.0, 755.3), (73.0, 755.0), (73.0, 755.9), (73.0, 755.3), (73.0, 755.0), (73.0, 755.9)]",0,0,5.35
speedrunner,meatboy,8,Stuck,7,0,45.82,0.896,"[(329.0, 749.0), (376.3, 755.3), (439.0, 732.8), (439.0, 686.4), (439.0, 658.9), (439.0, 650.3), (439.0, 660.5), (411.0, 689.5), (331.7, 737.4), (276.1, 719.4), (265.0, 677.8), (265.0, 655.0), (265.0, 651.1), (265.0, 666.0), (293.0, 699.8), (372.3, 752.4), (452.3, 755.3), (532.3, 755.0), (612.3, 755.9), (631.0, 707.2), (631.0, 670.3), (631.0, 652.3), (631.0, 653.0), (631.0, 672.7), (631.0, 709.4), (631.0, 749.1), (631.0, 713.2), (631.0, 673.9), (631.0, 653.5), (631.0, 651.9), (631.0, 669.2), (631.0, 704.4), (631.0, 744.1), (631.0, 719.4), (631.0, 677.8), (631.0, 655.0), (631.0, 651.1), (631.0, 666.0), (631.0, 699.5), (631.0, 739.2), (631.0, 725.9), (631.0, 682.0), (631.0, 656.8), (631.0, 650.5), (631.0, 663.1), (631.0, 694.5), (631.0, 734.2), (631.0, 732.8)]",0,0,6.37
speedrunner,meatboy,8,Stuck,3,0,-38.69,0.104,"[(329.0, 749.0), (376.3, 755.3), (439.0, 726.8), (439.0, 682.9), (439.0, 657.7), (439.0, 651.4), (439.0, 664.0), (401.7, 695.4), (321.7, 745.6), (265.0, 713.2), (265.0, 673.9), (265.0, 653.5), (265.0, 651.9), (265.0, 669.2), (245.0, 705.3), (167.7, 755.0), (95.4, 701.6), (73.0, 667.0), (73.0, 651.3), (73.0, 654.5), (73.0, 676.4), (73.0, 714.3), (73.0, 754.0), (73.0, 755.3), (73.0, 755.0), (73.0, 755.9), (73.0, 755.3), (73.0, 755.0), (73.0, 755.9), (73.0, 755.3), (73.0, 755.0), (73.0, 755.9), (73.0, 755.3), (73.0, 755.0), (73.0, 755.9), (73.0, 755.3), (73.0, 755.0), (73.0, 755.9), (73.0, 755.3), (73.0, 755.0), (73.0, 755.9), (73.0, 755.3), (73.0, 755.0), (73.0, 755.9), (73.0, 755.3), (73.0, 755.0), (73.0, 755.9), (73.0, 755.3)]",0,0,6.35
speedrunner,meatboy,8,Saw,4,0,22.1,0.533,"[(329.0, 749.0), (376.3, 755.3), (456.3, 749.3), (536.3, 755.9), (616.3, 755.3), (569.0, 693.6), (489.0, 641.0), (489.0, 607.2), (489.0, 592.3), (489.0, 596.2), (493.0, 619.0), (556.3, 660.6), (631.0, 721.1), (558.7, 666.6), (478.5, 616.4), (400.0, 585.0)]",0,0,2.1
speedrunner,meatboy,8,Stuck,3,0,-45.15,0.104,"[(329.0, 749.0), (367.2, 755.3), (339.2, 732.8), (265.0, 686.4), (265.0, 658.9), (265.0, 650.3), (265.0, 660.5), (261.0, 689.5), (197.7, 674.5), (117.7, 679.2), (73.0, 702.8), (73.0, 741.3), (73.0, 755.9), (73.0, 755.3), (73.0, 755.0), (73.0, 755.9), (73.0, 755.3), (73.0, 755.0), (73.0, 755.9), (73.0, 755.3), (73.0, 755.0), (73.0, 755.9), (73.0, 755.3), (73.0, 755.0), (73.0, 755.9), (73.0, 755.3), (73.0, 755.0), (73.0, 755.9), (73.0, 755.3), (73.0, 755.0), (73.0, 755.9), (73.0, 755.3), (73.0, 755.0), (73.0, 755.9), (73.0, 755.3), (73.0, 755.0), (73.0, 755.9), (73.0, 755.3), (73.0, 755.0), (73.0, 755.9), (73.0, 755.3), (73.0, 755.0)]",0,0,5.47
speedrunner,meatboy,8,Stuck,5,0,44.18,0.896,"[(329.0, 749.0), (376.3, 755.3), (439.0, 726.8), (439.0, 682.9), (439.0, 657.7), (439.0, 651.4), (439.0, 664.0), (445.7, 695.4), (515.0, 745.6), (595.0, 755.0), (589.7, 705.8), (508.5, 648.5), (436.5, 621.9), (436.5, 637.2), (508.5, 671.4), (588.5, 724.4), (631.0, 725.9), (631.0, 682.0), (631.0, 656.8), (631.0, 650.5), (631.0, 663.1), (631.0, 694.5), (631.0, 734.2), (631.0, 755.0), (631.0, 755.9), (631.0, 755.3), (631.0, 755.0), (631.0, 755.9), (631.0, 755.3), (631.0, 755.0), (631.0, 755.9), (631.0, 755.3), (631.0, 755.0), (631.0, 755.9), (631.0, 755.3), (631.0, 755.0), (631.0, 755.9), (631.0, 755.3), (631.0, 755.0), (631.0, 755.9), (631.0, 755.3), (631.0, 755.0), (631.0, 755.9), (631.0, 755.3), (631.0, 755.0), (631.0, 755.9), (631.0, 755.3), (631.0, 755.0), (631.0, 755.9), (631.0, 755.3)]",0,0,6.58
speedrunner,meatboy,8,Stuck,15,0,24.02,0.687,"[(329.0, 749.0), (376.3, 755.3), (439.0, 719.7), (439.0, 678.1), (439.0, 655.3), (401.7, 651.4), (321.7, 666.3), (265.0, 699.8), (265.0, 739.4), (293.0, 755.3), (372.3, 755.0), (452.3, 755.9), (532.3, 755.3), (612.3, 745.4), (569.0, 724.4), (488.5, 726.8), (408.5, 748.0), (380.2, 739.2), (435.8, 741.6), (515.8, 755.3), (595.8, 755.0), (589.7, 726.5), (508.5, 724.1), (428.5, 740.6), (372.8, 743.2), (403.9, 738.5), (483.8, 752.6), (563.8, 755.0), (620.7, 732.2), (538.5, 722.8), (458.5, 732.2), (383.1, 755.0), (382.2, 738.0), (453.8, 745.1), (533.8, 755.0), (613.8, 745.1), (569.0, 724.1), (488.5, 726.5), (408.5, 747.7), (372.6, 740.2), (423.8, 740.3)]",0,0,5.43
speedrunner,meatboy,8,Saw,7,0,-7.11,0.429,"[(329.0, 749.0), (376.3, 755.3), (456.3, 755.0), (536.3, 755.9), (616.3, 755.3), (569.0, 693.6), (489.0, 641.0), (489.0, 607.2), (489.0, 592.3), (489.0, 596.2), (493.0, 619.0), (556.3, 660.6), (631.0, 721.1), (558.7, 666.6), (479.8, 616.4), (437.2, 587.0), (439.0, 582.3), (443.0, 596.4), (506.3, 629.4), (586.3, 681.3), (610.3, 709.8), (528.5, 647.7), (461.8, 621.2), (472.5, 623.6), (548.5, 644.9), (628.5, 684.9), (558.7, 631.8), (478.5, 581.6), (410.5, 550.2), (335.8, 537.6), (267.8, 543.9), (269.0, 569.1)]",0,0,4.22
speedrunner,meatboy,8,Stuck,9,0,-34.2,0.104,"[(329.0, 749.0), (376.3, 755.3), (456.3, 749.3), (536.3, 755.9), (616.3, 755.3), (569.0, 693.6), (489.0, 641.0), (489.0, 607.2), (489.0, 592.3), (489.0, 596.2), (493.0, 619.0), (556.3, 660.6), (631.0, 721.1), (558.7, 666.6), (478.6, 616.4), (419.2, 585.0), (417.2, 575.6), (417.8, 585.0), (419.8, 613.3), (432.5, 660.5), (425.7, 707.9), (353.0, 747.3), (273.0, 696.2), (265.0, 664.1), (265.0, 650.7), (265.0, 656.2), (265.0, 680.5), (217.7, 723.7), (137.7, 732.8), (73.0, 686.4), (73.0, 658.9), (73.0, 650.3), (73.0, 660.5), (73.0, 689.5), (73.0, 729.2), (73.0, 755.9), (73.0, 755.3), (73.0, 755.0), (73.0, 755.9), (73.0, 755.3), (73.0, 755.0), (73.0, 755.9), (73.0, 755.3), (73.0, 755.0), (73.0, 755.9), (73.0, 755.3), (73.0, 755.0), (73.0, 755.9), (73.0, 755.3), (73.0, 755.0), (73.0, 755.9), (73.0, 755.3), (73.0, 755.0), (73.0, 755.9)]",0,0,7.12
speedrunner,meatboy,8,Saw,4,0,22.1,0.533,"[(329.0, 749.0), (376.3, 755.3), (456.3, 749.3), (536.3, 755.9), (616.3, 755.3), (569.0, 693.6), (489.0, 641.0), (489.0, 607.2), (489.0, 592.3), (489.0, 596.2), (493.0, 619.0), (556.3, 660.6), (631.0, 721.1), (558.7, 666.6), (478.5, 616.4), (400.0, 585.0)]",0,0,2.1
speedrunner,meatboy,8,Stuck,5,0,44.18,0.896,"[(329.0, 749.0), (376.3, 755.3), (439.0, 726.8), (439.0, 682.9), (439.0, 657.7), (439.0, 651.4), (439.0, 664.0), (445.7, 695.4), (515.0, 745.6), (595.0, 755.0), (589.7, 705.8), (508.5, 648.5), (436.5, 621.9), (436.5, 637.2), (508.5, 671.4), (588.5, 724.4), (631.0, 725.9), (631.0, 682.0), (631.0, 656.8), (631.0, 650.5), (631.0, 663.1), (631.0, 694.5), (631.0, 734.2), (631.0, 755.0), (631.0, 755.9), (631.0, 755.3), (631.0, 755.0), (631.0, 755.9), (631.0, 755.3), (631.0, 755.0), (631.0, 755.9), (631.0, 755.3), (631.0, 755.0), (631.0, 755.9), (631.0, 755.3), (631.0, 755.0), (631.0, 755.9), (631.0, 755.3), (631.0, 755.0), (631.0, 755.9), (631.0, 755.3), (631.0, 755.0), (631.0, 755.9), (631.0, 755.3), (631.0, 755.0), (631.0, 755.9), (631.0, 755.3), (631.0, 755.0), (631.0, 755.9), (631.0, 755.3)]",0,0,6.58
speedrunner,meatboy,8,Stuck,7,0,-39.81,0.104,"[(329.0, 749.0), (376.3, 755.3), (439.0, 701.9), (439.0, 667.3), (439.0, 651.6), (439.0, 654.8), (437.7, 676.7), (381.7, 717.6), (301.7, 739.9), (265.0, 691.2), (265.0, 661.4), (265.0, 650.4), (265.0, 658.2), (263.7, 684.9), (207.7, 730.4), (130.2, 725.9), (73.0, 682.0), (73.0, 656.8), (73.0, 650.5), (73.0, 663.1), (73.0, 694.5), (73.0, 734.2), (73.0, 732.8), (73.0, 686.4), (73.0, 658.9), (73.0, 650.3), (73.0, 660.5), (73.0, 689.5), (73.0, 729.2), (73.0, 739.9), (73.0, 691.2), (73.0, 661.4), (73.0, 650.4), (73.0, 658.2), (73.0, 684.9), (73.0, 724.3), (73.0, 747.3), (73.0, 696.2), (73.0, 664.1), (73.0, 650.7), (73.0, 656.2), (73.0, 680.5), (73.0, 719.3), (73.0, 755.0), (73.0, 701.6), (73.0, 667.0), (73.0, 651.3), (73.0, 654.5)]",0,0,6.28
speedrunner,meatboy,8,Stuck,1,0,57.18,0.896,"[(329.0, 749.0), (376.3, 755.3), (456.3, 755.0), (536.3, 755.9), (616.3, 755.3), (631.0, 701.9), (631.0, 667.3), (631.0, 651.6), (631.0, 654.8), (631.0, 676.7), (631.0, 714.6), (631.0, 754.3), (631.0, 755.3), (631.0, 755.0), (631.0, 755.9), (631.0, 755.3), (631.0, 755.0), (631.0, 755.9), (631.0, 755.3), (631.0, 755.0), (631.0, 755.9), (631.0, 755.3), (631.0, 755.0), (631.0, 755.9), (631.0, 755.3), (631.0, 755.0), (631.0, 755.9), (631.0, 755.3), (631.0, 755.0), (631.0, 755.9), (631.0, 755.3), (631.0, 755.0), (631.0, 755.9), (631.0, 755.3), (631.0, 755.0), (631.0, 755.9), (631.0, 755.3), (631.0, 755.0), (631.0, 755.9), (631.0, 755.3)]",0,0,5.2
speedrunner,meatboy,8,Stuck,13,0,38.64,0.896,"[(329.0, 749.0), (376.3, 755.3), (456.3, 755.0), (536.3, 755.9), (616.3, 755.3), (631.0, 713.2), (631.0, 673.9), (631.0, 653.5), (611.0, 651.9), (533.7, 669.2), (489.0, 704.4), (490.3, 744.4), (546.3, 755.9), (626.3, 755.3), (631.0, 708.1), (631.0, 671.2), (631.0, 653.1), (603.0, 653.9), (523.7, 673.6), (443.7, 712.0), (401.6, 755.3), (452.8, 755.0), (532.8, 755.9), (612.8, 755.3), (631.0, 713.2), (631.0, 673.9), (631.0, 653.5), (611.0, 651.9), (533.7, 669.2), (497.0, 705.3), (566.3, 755.0), (631.0, 739.9), (631.0, 691.2), (631.0, 661.4), (629.7, 650.4), (573.7, 658.2), (493.7, 684.9), (526.3, 730.4), (606.3, 755.3), (631.0, 713.2), (631.0, 673.9), (631.0, 653.5), (611.0, 651.9), (533.7, 669.2), (497.0, 705.3), (566.3, 755.0), (631.0, 739.9), (631.0, 691.2), (631.0, 661.4), (629.7, 650.4), (573.7, 658.2), (493.7, 684.9), (526.3, 730.4), (606.3, 755.3), (631.0, 713.2), (631.0, 673.9), (631.0, 653.5)]",0,0,7.48
speedrunner,meatboy,8,Stuck,2,0,57.18,0.896,"[(329.0, 749.0), (376.3, 755.3), (456.3, 749.3), (536.3, 755.9), (616.3, 755.3), (631.0, 701.9), (631.0, 667.3), (631.0, 651.6), (631.0, 654.8), (631.0, 676.7), (631.0, 714.6), (631.0, 754.3), (631.0, 755.3), (631.0, 755.0), (631.0, 755.9), (631.0, 755.3), (631.0, 755.0), (631.0, 755.9), (631.0, 755.3), (631.0, 755.0), (631.0, 755.9), (631.0, 755.3), (631.0, 755.0), (631.0, 755.9), (631.0, 755.3), (631.0, 755.0), (631.0, 755.9), (631.0, 755.3), (631.0, 755.0), (631.0, 755.9), (631.0, 755.3), (631.0, 755.0), (631.0, 755.9), (631.0, 755.3), (631.0, 755.0), (631.0, 755.9), (631.0, 755.3), (631.0, 755.0), (631.0, 755.9), (631.0, 755.3)]",0,0,5.2
speedrunner,meatboy,8,Stuck,6,0,-45.73,0.104,"[(329.0, 749.0), (281.7, 740.1), (265.0, 691.4), (265.0, 661.5), (265.0, 650.5), (265.0, 658.4), (263.7, 685.1), (207.7, 730.6), (127.7, 725.9), (73.0, 682.0), (73.0, 656.8), (73.0, 650.5), (73.0, 663.1), (73.0, 694.5), (73.0, 734.2), (73.0, 755.0), (73.0, 701.6), (73.0, 667.0), (73.0, 651.3), (73.0, 654.5), (73.0, 676.4), (73.0, 714.3), (73.0, 754.0), (73.0, 725.9), (73.0, 682.0), (73.0, 656.8), (73.0, 650.5), (73.0, 663.1), (73.0, 694.5), (73.0, 734.2), (73.0, 755.0), (73.0, 701.6), (73.0, 667.0), (73.0, 651.3), (73.0, 654.5), (73.0, 676.4), (73.0, 714.3), (73.0, 754.0), (73.0, 725.9), (73.0, 682.0), (73.0, 656.8)]",0,0,5.35
speedrunner,meatboy,8,Stuck,6,0,57.18,0.896,"[(329.0, 749.0), (376.3, 755.3), (456.3, 749.3), (536.3, 755.9), (616.3, 755.3), (631.0, 701.9), (631.0, 667.3), (631.0, 651.6), (631.0, 654.8), (631.0, 676.7), (631.0, 714.6), (631.0, 754.3), (631.0, 707.2), (631.0, 670.3), (631.0, 652.3), (631.0, 653.0), (631.0, 672.7), (631.0, 709.4), (631.0, 749.1), (631.0, 713.2), (631.0, 673.9), (631.0, 653.5), (631.0, 651.9), (631.0, 669.2), (631.0, 704.4), (631.0, 744.1), (631.0, 719.4), (631.0, 677.8), (631.0, 655.0), (631.0, 651.1), (631.0, 666.0), (631.0, 699.5), (631.0, 739.2), (631.0, 725.9), (631.0, 682.0), (631.0, 656.8), (631.0, 650.5), (631.0, 663.1), (631.0, 694.5), (631.0, 734.2)]",0,0,5.2
speedrunner,meatboy,8,Saw,7,0,-7.11,0.429,"[(329.0, 749.0), (376.3, 755.3), (456.3, 755.0), (536.3, 755.9), (616.3, 755.3), (569.0, 693.6), (489.0, 641.0), (489.0, 607.2), (489.0, 592.3), (489.0, 596.2), (493.0, 619.0), (556.3, 660.6), (631.0, 721.1), (558.7, 666.6), (479.8, 616.4), (437.2, 587.0), (439.0, 582.3), (443.0, 596.4), (506.3, 629.4), (586.3, 681.3), (610.3, 709.8), (528.5, 647.7), (461.8, 621.2), (472.5, 623.6), (548.5, 644.9), (628.5, 684.9), (558.7, 631.8), (478.5, 581.6), (410.5, 550.2), (335.8, 537.6), (267.8, 543.9), (269.0, 569.1)]",0,0,4.22
speedrunner,meatboy,8,Stuck,9,0,-34.2,0.104,"[(329.0, 749.0), (376.3, 755.3), (456.3, 749.3), (536.3, 755.9), (616.3, 755.3), (569.0, 693.6), (489.0, 641.0), (489.0, 607.2), (489.0, 592.3), (489.0, 596.2), (493.0, 619.0), (556.3, 660.6), (631.0, 721.1), (558.7, 666.6), (478.6, 616.4), (419.2, 585.0), (417.2, 575.6), (417.8, 585.0), (419.8, 613.3), (432.5, 660.5), (425.7, 707.9), (353.0, 747.3), (273.0, 696.2), (265.0, 664.1), (265.0, 650.7), (265.0, 656.2), (265.0, 680.5), (217.7, 723.7), (137.7, 732.8), (73.0, 686.4), (73.0, 658.9), (73.0, 650.3), (73.0, 660.5), (73.0, 689.5), (73.0, 729.2), (73.0, 755.9), (73.0, 755.3), (73.0, 755.0), (73.0, 755.9), (73.0, 755.3), (73.0, 755.0), (73.0, 755.9), (73.0, 755.3), (73.0, 755.0), (73.0, 755.9), (73.0, 755.3), (73.0, 755.0), (73.0, 755.9), (73.0, 755.3), (73.0, 755.0), (73.0, 755.9), (73.0, 755.3), (73.0, 755.0), (73.0, 755.9)]",0,0,7.12
speedrunner,meatboy,8,Saw,4,0,22.1,0.533,"[(329.0, 749.0), (376.3, 755.3), (456.3, 749.3), (536.3, 755.9), (616.3, 755.3), (569.0, 693.6), (489.0, 641.0), (489.0, 607.2), (489.0, 592.3), (489.0, 596.2), (493.0, 619.0), (556.3, 660.6), (631.0, 721.1), (558.7, 666.6), (478.5, 616.4), (400.0, 585.0)]",0,0,2.1
speedrunner,meatboy,8,Stuck,6,0,-45.73,0.104,"[(329.0, 749.0), (281.7, 740.1), (265.0, 691.4), (265.0, 661.5), (265.0, 650.5), (265.0, 658.4), (263.7, 685.1), (207.7, 730.6), (127.7, 725.9), (73.0, 682.0), (73.0, 656.8), (73.0, 650.5), (73.0, 663.1), (73.0, 694.5), (73.0, 734.2), (73.0, 755.0), (73.0, 701.6), (73.0, 667.0), (73.0, 651.3), (73.0, 654.5), (73.0, 676.4), (73.0, 714.3), (73.0, 754.0), (73.0, 725.9), (73.0, 682.0), (73.0, 656.8), (73.0, 650.5), (73.0, 663.1), (73.0, 694.5), (73.0, 734.2), (73.0, 755.0), (73.0, 701.6), (73.0, 667.0), (73.0, 651.3), (73.0, 654.5), (73.0, 676.4), (73.0, 714.3), (73.0, 754.0), (73.0, 725.9), (73.0, 682.0), (73.0, 656.8)]",0,0,5.35
speedrunner,meatboy,8,Stuck,5,0,57.18,0.896,"[(329.0, 749.0), (376.3, 755.3), (456.3, 755.0), (536.3, 755.9), (616.3, 755.3), (631.0, 708.1), (631.0, 671.2), (631.0, 653.1), (631.0, 653.9), (631.0, 673.6), (631.0, 710.3), (631.0, 750.0), (631.0, 713.2), (631.0, 673.9), (631.0, 653.5), (631.0, 651.9), (631.0, 669.2), (631.0, 704.4), (631.0, 744.1), (631.0, 719.4), (631.0, 677.8), (631.0, 655.0), (631.0, 651.1), (631.0, 666.0), (631.0, 699.5), (631.0, 739.2), (631.0, 725.9), (631.0, 682.0), (631.0, 656.8), (631.0, 650.5), (631.0, 663.1), (631.0, 694.5), (631.0, 734.2), (631.0, 732.8), (631.0, 686.4), (631.0, 658.9), (631.0, 650.3), (631.0, 660.5), (631.0, 689.5), (631.0, 729.2)]",0,0,5.2
speedrunner,meatboy,8,Stuck,5,0,57.18,0.896,"[(329.0, 749.0), (376.3, 755.3), (456.3, 755.0), (536.3, 755.9), (616.3, 755.3), (631.0, 713.2), (631.0, 673.9), (631.0, 653.5), (631.0, 651.9), (631.0, 669.2), (631.0, 704.4), (631.0, 744.1), (631.0, 719.4), (631.0, 677.8), (631.0, 655.0), (631.0, 651.1), (631.0, 666.0), (631.0, 699.5), (631.0, 739.2), (631.0, 725.9), (631.0, 682.0), (631.0, 656.8), (631.0, 650.5), (631.0, 663.1), (631.0, 694.5), (631.0, 734.2), (631.0, 732.8), (631.0, 686.4), (631.0, 658.9), (631.0, 650.3), (631.0, 660.5), (631.0, 689.5), (631.0, 729.2), (631.0, 739.9), (631.0, 691.2), (631.0, 661.4), (631.0, 650.4), (631.0, 658.2), (631.0, 684.9), (631.0, 724.3)]",0,0,5.2
speedrunner,meatboy,8,Stuck,3,0,-38.85,0.104,"[(329.0, 749.0), (376.3, 755.3), (439.0, 732.8), (439.0, 686.4), (439.0, 658.9), (439.0, 650.3), (439.0, 660.5), (401.7, 689.5), (321.7, 737.4), (265.0, 719.4), (265.0, 677.8), (265.0, 655.0), (265.0, 651.1), (265.0, 666.0), (251.7, 699.8), (177.7, 752.4), (97.7, 707.2), (73.0, 670.3), (73.0, 652.3), (73.0, 653.0), (73.0, 672.7), (73.0, 709.4), (73.0, 749.1), (73.0, 755.0), (73.0, 755.9), (73.0, 755.3), (73.0, 755.0), (73.0, 755.9), (73.0, 755.3), (73.0, 755.0), (73.0, 755.9), (73.0, 755.3), (73.0, 755.0), (73.0, 755.9), (73.0, 755.3), (73.0, 755.0), (73.0, 755.9), (73.0, 755.3), (73.0, 755.0), (73.0, 755.9), (73.0, 755.3), (73.0, 755.0), (73.0, 755.9), (73.0, 755.3), (73.0, 755.0), (73.0, 755.9), (73.0, 755.3), (73.0, 755.0)]",0,0,6.37
speedrunner,meatboy,8,Saw,2,0,-43.98,0.419,"[(329.0, 749.0), (367.2, 747.3), (423.8, 737.9), (359.0, 686.7), (265.0, 634.1), (265.0, 600.3), (287.3, 585.4)]",0,0,0.82
speedrunner,meatboy,8,Stuck,8,0,-35.26,0.104,"[(329.0, 749.0), (376.3, 755.3), (456.3, 749.3), (536.3, 755.9), (616.3, 747.3), (569.0, 691.4), (489.0, 638.8), (489.0, 605.0), (489.0, 590.1), (489.0, 594.0), (493.0, 616.8), (556.3, 658.4), (631.0, 718.9), (548.6, 652.2), (468.7, 604.3), (419.3, 575.6), (422.0, 568.6), (424.7, 580.4), (427.3, 611.0), (435.3, 660.5), (431.0, 704.5), (363.0, 755.0), (283.0, 701.6), (265.0, 667.0), (265.0, 651.3), (265.0, 654.5), (265.0, 676.4), (227.7, 717.3), (147.7, 739.9), (73.0, 691.2), (73.0, 661.4), (73.0, 650.4), (73.0, 658.2), (73.0, 684.9), (73.0, 724.3), (73.0, 755.3), (73.0, 755.0), (73.0, 755.9), (73.0, 755.3), (73.0, 755.0), (73.0, 755.9), (73.0, 755.3), (73.0, 755.0), (73.0, 755.9), (73.0, 755.3), (73.0, 755.0), (73.0, 755.9), (73.0, 755.3), (73.0, 755.0), (73.0, 755.9), (73.0, 755.3), (73.0, 755.0), (73.0, 755.9)]",0,0,7.0
speedrunner,meatboy,8,Stuck,15,0,23.94,0.684,"[(329.0, 749.0), (376.3, 755.3), (439.0, 726.8), (439.0, 682.9), (439.0, 657.7), (439.0, 651.4), (439.0, 664.0), (443.0, 695.4), (506.3, 745.6), (586.3, 755.0), (600.0, 728.4), (518.5, 723.7), (475.8, 737.8), (518.5, 755.0), (598.5, 755.9), (589.7, 728.1), (508.5, 725.7), (476.5, 742.2), (528.5, 755.3), (608.5, 755.0), (579.3, 726.8), (499.8, 726.8), (478.5, 745.6), (538.5, 755.9), (618.5, 747.3), (569.0, 725.7), (492.5, 728.1), (481.8, 749.3), (548.5, 755.0), (628.5, 745.1), (558.7, 725.0), (486.5, 729.7), (486.5, 753.3), (558.5, 755.3), (631.0, 743.2), (548.6, 724.5), (481.8, 731.6), (492.5, 755.0), (568.5, 755.9), (620.7, 733.8), (538.5, 724.4)]",0,0,5.45
speedrunner,meatboy,8,Saw,7,0,-7.11,0.429,"[(329.0, 749.0), (376.3, 755.3), (456.3, 755.0), (536.3, 755.9), (616.3, 755.3), (569.0, 693.6), (489.0, 641.0), (489.0, 607.2), (489.0, 592.3), (489.0, 596.2), (493.0, 619.0), (556.3, 660.6), (631.0, 721.1), (558.7, 666.6), (479.8, 616.4), (437.2, 587.0), (439.0, 582.3), (443.0, 596.4), (506.3, 629.4), (586.3, 681.3), (610.3, 709.8), (528.5, 647.7), (461.8, 621.2), (472.5, 623.6), (548.5, 644.9), (628.5, 684.9), (558.7, 631.8), (478.5, 581.6), (410.5, 550.2), (335.8, 537.6), (267.8, 543.9), (269.0, 569.1)]",0,0,4.22
speedrunner,meatboy,8,Stuck,8,0,-35.26,0.104,"[(329.0, 749.0), (376.3, 755.3), (456.3, 749.3), (536.3, 755.9), (616.3, 747.3), (569.0, 691.4), (489.0, 638.8), (489.0, 605.0), (489.0, 590.1), (489.0, 594.0), (493.0, 616.8), (556.3, 658.4), (631.0, 718.9), (548.6, 652.2), (468.7, 604.3), (419.3, 575.6), (422.0, 568.6), (424.7, 580.4), (427.3, 611.0), (435.3, 660.5), (431.0, 704.5), (363.0, 755.0), (283.0, 701.6), (265.0, 667.0), (265.0, 651.3), (265.0, 654.5), (265.0, 676.4), (227.7, 717.3), (147.7, 739.9), (73.0, 691.2), (73.0, 661.4), (73.0, 650.4), (73.0, 658.2), (73.0, 684.9), (73.0, 724.3), (73.0, 755.3), (73.0, 755.0), (73.0, 755.9), (73.0, 755.3), (73.0, 755.0), (73.0, 755.9), (73.0, 755.3), (73.0, 755.0), (73.0, 755.9), (73.0, 755.3), (73.0, 755.0), (73.0, 755.9), (73.0, 755.3), (73.0, 755.0), (73.0, 755.9), (73.0, 755.3), (73.0, 755.0), (73.0, 755.9)]",0,0,7.0
speedrunner,meatboy,8,Saw,2,0,-43.98,0.419,"[(329.0, 749.0), (367.2, 747.3), (423.8, 737.9), (359.0, 686.7), (265.0, 634.1), (265.0, 600.3), (287.3, 585.4)]",0,0,0.82
speedrunner,meatboy,8,Stuck,9,0,-34.2,0.104,"[(329.0, 749.0), (376.3, 755.3), (456.3, 749.3), (536.3, 755.9), (616.3, 755.3), (569.0, 693.6), (489.0, 641.0), (489.0, 607.2), (489.0, 592.3), (489.0, 596.2), (493.0, 619.0), (556.3, 660.6), (631.0, 721.1), (558.7, 666.6), (478.6, 616.4), (419.2, 585.0), (417.2, 575.6), (417.8, 585.0), (419.8, 613.3), (432.5, 660.5), (425.7, 707.9), (353.0, 747.3), (273.0, 696.2), (265.0, 664.1), (265.0, 650.7), (265.0, 656.2), (265.0, 680.5), (217.7, 723.7), (137.7, 732.8), (73.0, 686.4), (73.0, 658.9), (73.0, 650.3), (73.0, 660.5), (73.0, 689.5), (73.0, 729.2), (73.0, 755.9), (73.0, 755.3), (73.0, 755.0), (73.0, 755.9), (73.0, 755.3), (73.0, 755.0), (73.0, 755.9), (73.0, 755.3), (73.0, 755.0), (73.0, 755.9), (73.0, 755.3), (73.0, 755.0), (73.0, 755.9), (73.0, 755.3), (73.0, 755.0), (73.0, 755.9), (73.0, 755.3), (73.0, 755.0), (73.0, 755.9)]",0,0,7.12
speedrunner,meatboy,8,Stuck,3,0,57.18,0.896,"[(329.0, 749.0), (376.3, 755.3), (456.3, 755.0), (536.3, 755.9), (616.3, 755.3), (631.0, 701.9), (617.7, 672.4), (543.7, 670.0), (489.0, 686.5), (489.0, 721.2), (509.0, 755.3), (586.3, 755.0), (631.0, 719.4), (631.0, 677.8), (631.0, 655.0), (631.0, 651.1), (631.0, 666.0), (631.0, 699.5), (631.0, 739.2), (631.0, 755.3), (631.0, 755.0), (631.0, 755.9), (631.0, 755.3), (631.0, 755.0), (631.0, 755.9), (631.0, 755.3), (631.0, 755.0), (631.0, 755.9), (631.0, 755.3), (631.0, 755.0), (631.0, 755.9), (631.0, 755.3), (631.0, 755.0), (631.0, 755.9), (631.0, 755.3), (631.0, 755.0), (631.0, 755.9), (631.0, 755.3), (631.0, 755.0), (631.0, 755.9)]",0,0,5.2
speedrunner,meatboy,8,Stuck,8,0,-44.26,0.104,"[(329.0, 749.0), (367.2, 755.3), (342.9, 708.1), (265.0, 671.2), (265.0, 653.1), (265.0, 653.9), (265.0, 673.6), (265.0, 710.3), (265.0, 750.0), (239.9, 755.2), (161.2, 747.5), (81.2, 696.4), (73.0, 664.2), (73.0, 650.9), (73.0, 656.4), (73.0, 680.7), (73.0, 719.5), (73.0, 755.0), (73.0, 701.6), (73.0, 667.0), (73.0, 651.3), (73.0, 654.5), (73.0, 676.4), (73.0, 714.3), (73.0, 754.0), (73.0, 707.2), (73.0, 670.3), (73.0, 652.3), (73.0, 653.0), (73.0, 672.7), (73.0, 709.4), (73.0, 749.1), (73.0, 713.2), (73.0, 673.9), (73.0, 653.5), (73.0, 651.9), (73.0, 669.2), (73.0, 704.4), (73.0, 744.1), (73.0, 719.4), (73.0, 677.8)]",0,0,5.4
speedrunner,meatboy,8,Saw,2,0,-46.95,0.423,"[(329.0, 749.0), (376.3, 755.3), (428.7, 730.9), (346.5, 666.5), (266.5, 621.0), (290.2, 600.7)]",0,0,0.68
speedrunner,meatboy,8,Stuck,2,0,-45.73,0.104,"[(329.0, 749.0), (281.7, 740.1), (265.0, 691.4), (265.0, 661.5), (265.0, 650.5), (265.0, 658.4), (263.7, 685.1), (207.7, 730.6), (127.7, 725.9), (73.0, 682.0), (73.0, 656.8), (73.0, 650.5), (73.0, 663.1), (73.0, 694.5), (73.0, 734.2), (73.0, 755.0), (73.0, 755.9), (73.0, 755.3), (73.0, 755.0), (73.0, 755.9), (73.0, 755.3), (73.0, 755.0), (73.0, 755.9), (73.0, 755.3), (73.0, 755.0), (73.0, 755.9), (73.0, 755.3), (73.0, 755.0), (73.0, 755.9), (73.0, 755.3), (73.0, 755.0), (73.0, 755.9), (73.0, 755.3), (73.0, 755.0), (73.0, 755.9), (73.0, 755.3), (73.0, 755.0), (73.0, 755.9), (73.0, 755.3), (73.0, 755.0), (73.0, 755.9)]",0,0,5.35
speedrunner,meatboy,8,Stuck,18,0,38.82,0.894,"[(329.0, 749.0), (376.3, 755.3), (456.3, 749.3), (536.3, 755.9), (616.3, 740.8), (603.0, 692.1), (523.7, 662.2), (489.0, 651.2), (489.0, 659.1), (489.0, 685.8), (490.3, 725.4), (546.3, 755.0), (626.3, 733.6), (593.7, 711.5), (513.7, 716.2), (433.7, 739.8), (377.4, 725.9), (298.1, 682.0), (265.0, 656.8), (265.0, 650.5), (265.0, 663.1), (265.0, 694.5), (265.0, 734.2), (295.3, 755.0), (373.3, 755.9), (453.3, 755.3), (533.3, 755.0), (613.3, 739.9), (603.0, 711.3), (523.7, 713.7), (443.7, 734.9), (413.5, 743.2), (469.2, 738.5), (549.2, 752.6), (629.2, 732.8), (593.7, 710.6), (513.7, 715.3), (435.0, 738.9), (416.1, 741.6), (479.2, 739.2), (559.2, 755.7), (631.0, 725.9), (583.7, 710.2), (503.7, 717.2), (427.7, 743.2), (420.1, 740.2), (489.2, 740.3), (569.2, 755.0), (629.7, 719.4), (573.7, 710.0), (493.7, 719.5), (421.7, 747.8), (425.3, 739.2), (499.2, 741.6), (579.2, 755.3)]",0,0,7.32
speedrunner,meatboy,8,Stuck,3,0,47.44,0.896,"[(329.0, 749.0), (376.3, 755.3), (439.0, 719.7), (439.0, 678.1), (439.0, 655.3), (439.0, 651.4), (439.0, 666.3), (391.7, 700.0), (313.0, 752.6), (265.0, 707.2), (265.0, 670.3), (265.0, 652.3), (265.0, 653.0), (265.0, 672.7), (277.0, 711.1), (351.0, 755.3), (431.0, 755.0), (511.0, 755.9), (591.0, 755.3), (631.0, 701.9), (631.0, 667.3), (631.0, 651.6), (631.0, 654.8), (631.0, 676.7), (631.0, 714.6), (631.0, 754.3), (631.0, 755.3), (631.0, 755.0), (631.0, 755.9), (631.0, 755.3), (631.0, 755.0), (631.0, 755.9), (631.0, 755.3), (631.0, 755.0), (631.0, 755.9), (631.0, 755.3), (631.0, 755.0), (631.0, 755.9), (631.0, 755.3), (631.0, 755.0), (631.0, 755.9), (631.0, 755.3), (631.0, 755.0), (631.0, 755.9), (631.0, 755.3), (631.0, 755.0), (631.0, 755.9), (631.0, 755.3)]",0,0,6.33
speedrunner,meatboy,8,Saw,7,0,-7.11,0.429,"[(329.0, 749.0), (376.3, 755.3), (456.3, 755.0), (536.3, 755.9), (616.3, 755.3), (569.0, 693.6), (489.0, 641.0), (489.0, 607.2), (489.0, 592.3), (489.0, 596.2), (493.0, 619.0), (556.3, 660.6), (631.0, 721.1), (558.7, 666.6), (479.8, 616.4), (437.2, 587.0), (439.0, 582.3), (443.0, 596.4), (506.3, 629.4), (586.3, 681.3), (610.3, 709.8), (528.5, 647.7), (461.8, 621.2), (472.5, 623.6), (548.5, 644.9), (628.5, 684.9), (558.7, 631.8), (478.5, 581.6), (410.5, 550.2), (335.8, 537.6), (267.8, 543.9), (269.0, 569.1)]",0,0,4.22
speedrunner,meatboy,8,Saw,2,0,-46.95,0.423,"[(329.0, 749.0), (376.3, 755.3), (428.7, 730.9), (346.5, 666.5), (266.5, 621.0), (290.2, 600.7)]",0,0,0.68
speedrunner,meatboy,8,Stuck,9,0,-34.2,0.104,"[(329.0, 749.0), (376.3, 755.3), (456.3, 749.3), (536.3, 755.9), (616.3, 755.3), (569.0, 693.6), (489.0, 641.0), (489.0, 607.2), (489.0, 592.3), (489.0, 596.2), (493.0, 619.0), (556.3, 660.6), (631.0, 721.1), (558.7, 666.6), (478.6, 616.4), (419.2, 585.0), (417.2, 575.6), (417.8, 585.0), (419.8, 613.3), (432.5, 660.5), (425.7, 707.9), (353.0, 747.3), (273.0, 696.2), (265.0, 664.1), (265.0, 650.7), (265.0, 656.2), (265.0, 680.5), (217.7, 723.7), (137.7, 732.8), (73.0, 686.4), (73.0, 658.9), (73.0, 650.3), (73.0, 660.5), (73.0, 689.5), (73.0, 729.2), (73.0, 755.9), (73.0, 755.3), (73.0, 755.0), (73.0, 755.9), (73.0, 755.3), (73.0, 755.0), (73.0, 755.9), (73.0, 755.3), (73.0, 755.0), (73.0, 755.9), (73.0, 755.3), (73.0, 755.0), (73.0, 755.9), (73.0, 755.3), (73.0, 755.0), (73.0, 755.9), (73.0, 755.3), (73.0, 755.0), (73.0, 755.9)]",0,0,7.12
speedrunner,meatboy,8,Saw,2,0,-43.98,0.419,"[(329.0, 749.0), (367.2, 747.3), (423.8, 737.9), (359.0, 686.7), (265.0, 634.1), (265.0, 600.3), (287.3, 585.4)]",0,0,0.82
speedrunner,meatboy,8,Stuck,6,0,45.55,0.896,"[(329.0, 749.0), (376.3, 755.3), (439.0, 726.8), (439.0, 682.9), (439.0, 657.7), (439.0, 651.4), (439.0, 664.0), (401.7, 695.4), (323.0, 745.6), (266.1, 713.2), (265.0, 673.9), (265.0, 653.5), (265.0, 651.9), (265.0, 669.2), (302.3, 705.3), (382.3, 755.0), (462.3, 755.9), (542.3, 755.3), (622.3, 743.2), (558.7, 682.1), (478.5, 631.9), (426.5, 625.4), (458.5, 647.8), (538.5, 689.0), (618.5, 749.1), (631.0, 707.2), (631.0, 670.3), (631.0, 652.3), (631.0, 653.0), (631.0, 672.7), (631.0, 709.4), (631.0, 749.1), (631.0, 755.0), (631.0, 755.9), (631.0, 755.3), (631.0, 755.0), (631.0, 755.9), (631.0, 755.3), (631.0, 755.0), (631.0, 755.9), (631.0, 755.3), (631.0, 755.0), (631.0, 755.9), (631.0, 755.3), (631.0, 755.0), (631.0, 755.9), (631.0, 755.3), (631.0, 755.0)]",0,0,6.35
speedrunner,meatboy,8,Stuck,9,0,-31.59,0.104,"[(329.0, 749.0), (376.3, 755.3), (439.0, 713.2), (401.7, 692.8), (321.7, 697.5), (265.0, 721.1), (269.0, 755.0), (332.3, 755.9), (412.3, 755.3), (492.3, 755.0), (572.3, 755.9), (627.0, 707.2), (563.7, 670.3), (489.0, 652.3), (489.0, 653.0), (489.0, 672.7), (475.7, 711.1), (403.6, 747.3), (324.2, 696.2), (265.0, 664.1), (265.0, 650.7), (265.0, 656.2), (265.0, 680.5), (237.0, 723.7), (160.2, 732.8), (80.2, 686.4), (73.0, 658.9), (73.0, 650.3), (73.0, 660.5), (73.0, 689.5), (73.0, 729.2), (73.0, 739.9), (73.0, 691.2), (73.0, 661.4), (73.0, 650.4), (73.0, 658.2), (73.0, 684.9), (73.0, 724.3), (73.0, 747.3), (73.0, 696.2), (73.0, 664.1), (73.0, 650.7), (73.0, 656.2), (73.0, 680.5), (73.0, 719.3), (73.0, 755.0), (73.0, 701.6), (73.0, 667.0), (73.0, 651.3), (73.0, 654.5), (73.0, 676.4), (73.0, 714.3), (73.0, 754.0), (73.0, 707.2), (73.0, 670.3), (73.0, 652.3), (73.0, 653.0)]",0,0,7.5
speedrunner,meatboy,8,Stuck,1,0,57.18,0.896,"[(329.0, 749.0), (376.3, 755.3), (456.3, 755.0), (536.3, 755.9), (616.3, 755.3), (631.0, 713.2), (631.0, 673.9), (631.0, 653.5), (631.0, 651.9), (631.0, 669.2), (631.0, 704.4), (631.0, 744.1), (631.0, 755.9), (631.0, 755.3), (631.0, 755.0), (631.0, 755.9), (631.0, 755.3), (631.0, 755.0), (631.0, 755.9), (631.0, 755.3), (631.0, 755.0), (631.0, 755.9), (631.0, 755.3), (631.0, 755.0), (631.0, 755.9), (631.0, 755.3), (631.0, 755.0), (631.0, 755.9), (631.0, 755.3), (631.0, 755.0), (631.0, 755.9), (631.0, 755.3), (631.0, 755.0), (631.0, 755.9), (631.0, 755.3), (631.0, 755.0), (631.0, 755.9), (631.0, 755.3), (631.0, 755.0), (631.0, 755.9)]",0,0,5.2
speedrunner,meatboy,8,Saw,2,0,-32.12,0.429,"[(329.0, 749.0), (376.3, 755.3), (428.7, 735.7), (346.5, 671.3), (266.5, 625.8), (265.0, 599.1), (273.0, 591.3)]",0,0,0.87
speedrunner,meatboy,8,Stuck,5,0,44.49,0.896,"[(329.0, 749.0), (376.3, 755.3), (439.0, 719.7), (439.0, 678.1), (439.0, 655.3), (439.0, 651.4), (439.0, 666.3), (452.3, 700.0), (526.3, 752.6), (606.3, 747.3), (579.3, 697.6), (498.5, 642.7), (431.8, 622.8), (442.5, 640.4), (518.5, 676.9), (598.5, 732.3), (631.0, 719.4), (631.0, 677.8), (631.0, 655.0), (631.0, 651.1), (631.0, 666.0), (631.0, 699.5), (631.0, 739.2), (631.0, 755.3), (631.0, 755.0), (631.0, 755.9), (631.0, 755.3), (631.0, 755.0), (631.0, 755.9), (631.0, 755.3), (631.0, 755.0), (631.0, 755.9), (631.0, 755.3), (631.0, 755.0), (631.0, 755.9), (631.0, 755.3), (631.0, 755.0), (631.0, 755.9), (631.0, 755.3), (631.0, 755.0), (631.0, 755.9), (631.0, 755.3), (631.0, 755.0), (631.0, 755.9), (631.0, 755.3), (631.0, 755.0), (631.0, 755.9), (631.0, 755.3), (631.0, 755.0), (631.0, 755.9)]",0,0,6.57
speedrunner,meatboy,8,Stuck,8,0,45.84,0.896,"[(329.0, 749.0), (376.3, 747.3), (439.0, 696.2), (439.0, 664.1), (439.0, 650.7), (439.0, 656.2), (431.0, 680.5), (361.7, 723.7), (295.5, 732.8), (265.0, 686.4), (265.0, 658.9), (265.0, 650.3), (265.0, 660.5), (269.0, 689.5), (332.3, 737.4), (412.3, 755.9), (492.3, 755.3), (572.3, 745.4), (610.3, 719.9), (528.5, 657.9), (448.7, 621.3), (405.6, 634.2), (348.2, 666.1), (268.2, 716.7), (227.3, 732.8), (234.1, 716.7), (254.9, 723.8), (326.7, 749.7), (406.7, 755.0), (486.7, 755.9), (566.7, 747.3), (631.0, 696.2), (631.0, 664.1), (631.0, 650.7), (631.0, 656.2), (631.0, 680.5), (631.0, 719.3), (631.0, 755.0), (631.0, 755.9), (631.0, 755.3), (631.0, 755.0), (631.0, 755.9), (631.0, 755.3), (631.0, 755.0), (631.0, 755.9), (631.0, 755.3), (631.0, 755.0), (631.0, 755.9)]",0,0,6.27
speedrunner,meatboy,8,Saw,7,0,-7.11,0.429,"[(329.0, 749.0), (376.3, 755.3), (456.3, 755.0), (536.3, 755.9), (616.3, 755.3), (569.0, 693.6), (489.0, 641.0), (489.0, 607.2), (489.0, 592.3), (489.0, 596.2), (493.0, 619.0), (556.3, 660.6), (631.0, 721.1), (558.7, 666.6), (479.8, 616.4), (437.2, 587.0), (439.0, 582.3), (443.0, 596.4), (506.3, 629.4), (586.3, 681.3), (610.3, 709.8), (528.5, 647.7), (461.8, 621.2), (472.5, 623.6), (548.5, 644.9), (628.5, 684.9), (558.7, 631.8), (478.5, 581.6), (410.5, 550.2), (335.8, 537.6), (267.8, 543.9), (269.0, 569.1)]",0,0,4.22
speedrunner,meatboy,8,Saw,2,0,-32.12,0.429,"[(329.0, 749.0), (376.3, 755.3), (428.7, 735.7), (346.5, 671.3), (266.5, 625.8), (265.0, 599.1), (273.0, 591.3)]",0,0,0.87
speedrunner,meatboy,8,Saw,2,0,-43.98,0.419,"[(329.0, 749.0), (367.2, 747.3), (423.8, 737.9), (359.0, 686.7), (265.0, 634.1), (265.0, 600.3), (287.3, 585.4)]",0,0,0.82
speedrunner,meatboy,8,Stuck,9,0,-34.2,0.104,"[(329.0, 749.0), (376.3, 755.3), (456.3, 749.3), (536.3, 755.9), (616.3, 755.3), (569.0, 693.6), (489.0, 641.0), (489.0, 607.2), (489.0, 592.3), (489.0, 596.2), (493.0, 619.0), (556.3, 660.6), (631.0, 721.1), (558.7, 666.6), (478.6, 616.4), (419.2, 585.0), (417.2, 575.6), (417.8, 585.0), (419.8, 613.3), (432.5, 660.5), (425.7, 707.9), (353.0, 747.3), (273.0, 696.2), (265.0, 664.1), (265.0, 650.7), (265.0, 656.2), (265.0, 680.5), (217.7, 723.7), (137.7, 732.8), (73.0, 686.4), (73.0, 658.9), (73.0, 650.3), (73.0, 660.5), (73.0, 689.5), (73.0, 729.2), (73.0, 755.9), (73.0, 755.3), (73.0, 755.0), (73.0, 755.9), (73.0, 755.3), (73.0, 755.0), (73.0, 755.9), (73.0, 755.3), (73.0, 755.0), (73.0, 755.9), (73.0, 755.3), (73.0, 755.0), (73.0, 755.9), (73.0, 755.3), (73.0, 755.0), (73.0, 755.9), (73.0, 755.3), (73.0, 755.0), (73.0, 755.9)]",0,0,7.12
speedrunner,meatboy,8,Stuck,8,0,50.93,0.896,"[(329.0, 749.0), (376.3, 755.3), (456.3, 749.3), (536.3, 755.9), (616.3, 755.3), (569.0, 693.6), (489.0, 641.0), (489.0, 607.2), (489.0, 592.3), (489.0, 596.2), (493.0, 619.0), (556.3, 660.6), (631.0, 721.1), (631.0, 748.1), (631.0, 697.1), (631.0, 664.9), (631.0, 651.5), (631.0, 657.0), (631.0, 681.3), (631.0, 720.1), (631.0, 755.0), (631.0, 701.6), (631.0, 667.0), (631.0, 651.3), (631.0, 654.5), (631.0, 676.4), (631.0, 714.3), (631.0, 754.0), (631.0, 707.2), (631.0, 670.3), (631.0, 652.3), (631.0, 653.0), (631.0, 672.7), (631.0, 709.4), (631.0, 749.1), (631.0, 713.2), (631.0, 673.9), (631.0, 653.5), (631.0, 651.9), (631.0, 669.2), (631.0, 704.4), (631.0, 744.1), (631.0, 719.4), (631.0, 677.8), (631.0, 655.0)]",0,0,5.93
speedrunner,meatboy,8,Stuck,12,0,-32.84,0.104,"[(329.0, 749.0), (376.3, 755.3), (456.3, 755.0), (536.3, 755.9), (616.3, 755.3), (569.0, 693.6), (489.0, 641.0), (489.0, 607.2), (489.0, 592.3), (489.0, 596.2), (493.0, 619.0), (556.3, 660.6), (631.0, 721.1), (524.6, 654.4), (423.5, 606.5), (381.5, 577.8), (424.7, 570.8), (359.0, 520.2), (265.0, 467.6), (265.0, 433.8), (265.0, 418.9), (265.0, 422.8), (263.7, 445.6), (207.7, 487.2), (127.7, 547.7), (77.0, 627.0), (90.3, 725.2), (73.0, 719.4), (73.0, 677.8), (73.0, 655.0), (73.0, 651.1), (73.0, 666.0), (73.0, 699.5), (73.0, 739.2), (73.0, 725.9), (73.0, 682.0), (73.0, 656.8), (73.0, 650.5), (73.0, 663.1), (73.0, 694.5), (73.0, 734.2), (73.0, 732.8), (73.0, 686.4), (73.0, 658.9), (73.0, 650.3), (73.0, 660.5), (73.0, 689.5), (73.0, 729.2), (73.0, 739.9), (73.0, 691.2), (73.0, 661.4), (73.0, 650.4), (73.0, 658.2), (73.0, 684.9), (73.0, 724.3), (73.0, 747.3), (73.0, 696.2)]",0,0,7.48
speedrunner,meatboy,8,Saw,19,0,-0.7,0.44,"[(329.0, 749.0), (376.3, 747.3), (439.0, 737.9), (439.0, 747.3), (476.3, 751.9), (556.3, 745.1), (631.0, 738.0), (548.6, 671.3), (489.0, 623.4), (489.0, 594.4), (525.7, 584.2), (604.8, 592.8), (564.3, 557.0), (489.0, 502.0), (489.0, 465.9), (489.0, 448.7), (502.3, 450.2), (571.3, 470.7), (610.7, 479.9), (528.8, 417.9), (490.3, 374.7), (490.3, 350.4), (490.3, 344.9), (541.3, 358.2), (621.3, 390.4), (559.1, 336.4), (489.0, 286.1), (490.3, 254.7), (490.3, 242.2), (514.2, 248.5), (591.3, 273.6), (590.0, 257.5), (508.8, 200.2), (509.0, 168.2), (586.3, 165.9), (591.0, 146.8), (485.6, 87.1), (385.2, 46.3), (290.2, 24.3), (200.6, 21.2), (128.7, 36.9), (133.3, 71.4), (186.0, 124.8), (254.0, 171.3), (334.0, 142.8), (414.0, 160.4), (494.0, 196.9), (574.0, 252.3), (610.3, 287.7), (528.5, 225.7), (453.8, 182.5), (384.5, 158.2), (304.5, 152.7), (227.2, 166.1), (148.7, 198.3), (128.0, 249.3), (188.4, 319.2), (163.3, 306.4), (82.5, 251.4), (73.0, 215.3), (73.0, 198.0), (73.0, 199.6), (73.0, 220.0), (113.0, 215.1), (210.9, 169.9), (290.0, 167.6)]",0,0,8.7
speedrunner,meatboy,8,Stuck,14,0,-2.89,0.453,"[(329.0, 749.0), (376.3, 755.3), (456.3, 749.3), (536.3, 755.9), (616.3, 747.3), (569.0, 691.4), (489.0, 638.8), (489.0, 605.0), (489.0, 590.1), (509.0, 594.0), (586.3, 616.8), (600.0, 613.4), (518.5, 553.7), (489.0, 512.9), (489.0, 490.9), (502.3, 487.8), (576.3, 503.5), (610.3, 509.2), (528.5, 447.2), (489.0, 404.0), (489.0, 379.7), (497.0, 374.2), (566.3, 387.5), (620.7, 405.3), (538.5, 340.9), (489.0, 295.4), (489.0, 268.7), (493.0, 260.9), (556.3, 271.9), (631.0, 301.7), (548.6, 235.0), (489.0, 187.1), (536.3, 173.2), (616.3, 180.2), (569.0, 133.1), (488.5, 80.5), (417.8, 66.0), (407.2, 73.1), (473.8, 99.1), (553.8, 143.8), (631.0, 207.5), (548.6, 140.7), (468.5, 92.8), (465.0, 71.3), (570.4, 66.6), (600.0, 46.0), (518.5, -13.7), (438.5, -54.5), (395.8, -63.9), (438.5, -54.5), (518.5, -26.2), (598.5, 21.0), (589.7, 15.9), (508.5, -41.4), (428.5, -76.2), (360.5, -80.9), (308.5, -66.7), (340.5, -33.7), (420.5, 18.1), (500.5, 88.8), (580.5, 178.4), (620.7, 253.5), (538.5, 189.1), (458.5, 143.6), (425.0, 116.9), (425.0, 109.0), (425.0, 120.0), (445.0, 149.9), (522.3, 198.6), (602.3, 266.1), (589.7, 265.5), (508.5, 208.2), (435.3, 169.7), (355.3, 150.1)]",0,0,9.82
speedrunner,meatboy,8,Stuck,12,0,41.5,0.896,"[(329.0, 749.0), (376.3, 755.3), (456.3, 755.0), (536.3, 755.9), (616.3, 755.3), (623.0, 721.8), (553.7, 717.1), (489.0, 731.3), (517.0, 755.3), (596.3, 755.0), (629.7, 726.2), (573.7, 716.8), (493.7, 726.3), (421.7, 754.6), (355.0, 707.2), (275.0, 670.3), (265.0, 652.3), (265.0, 653.0), (265.0, 672.7), (265.0, 709.4), (269.0, 750.0), (332.3, 755.0), (412.3, 755.9), (492.3, 755.3), (572.3, 755.0), (631.0, 739.9), (627.0, 694.0), (563.7, 687.0), (489.0, 698.8), (517.0, 729.4), (596.3, 755.0), (631.0, 726.2), (617.7, 690.8), (543.7, 688.5), (463.7, 705.0), (391.7, 740.3), (397.2, 755.9), (472.8, 755.3), (552.8, 755.0), (631.0, 755.9), (631.0, 702.5), (629.7, 667.9), (573.7, 658.5), (493.7, 668.0), (502.3, 696.3), (576.3, 743.4), (631.0, 740.2), (631.0, 691.5), (631.0, 661.6), (631.0, 650.6), (631.0, 658.5), (631.0, 685.2), (631.0, 724.6)]",0,0,7.0
speedrunner,meatboy,8,Stuck,5,0,57.18,0.896,"[(329.0, 749.0), (376.3, 755.3), (456.3, 755.0), (536.3, 755.9), (616.3, 755.3), (631.0, 713.2), (631.0, 673.9), (631.0, 653.5), (631.0, 651.9), (631.0, 669.2), (631.0, 704.4), (631.0, 744.1), (631.0, 719.4), (631.0, 677.8), (631.0, 655.0), (631.0, 651.1), (631.0, 666.0), (631.0, 699.5), (631.0, 739.2), (631.0, 725.9), (631.0, 682.0), (631.0, 656.8), (631.0, 650.5), (631.0, 663.1), (631.0, 694.5), (631.0, 734.2), (631.0, 732.8), (631.0, 686.4), (631.0, 658.9), (631.0, 650.3), (631.0, 660.5), (631.0, 689.5), (631.0, 729.2), (631.0, 739.9), (631.0, 691.2), (631.0, 661.4), (631.0, 650.4), (631.0, 658.2), (631.0, 684.9), (631.0, 724.3)]",0,0,5.2
speedrunner,meatboy,8,Saw,19,0,-0.7,0.44,"[(329.0, 749.0), (376.3, 747.3), (439.0, 737.9), (439.0, 747.3), (476.3, 751.9), (556.3, 745.1), (631.0, 738.0), (548.6, 671.3), (489.0, 623.4), (489.0, 594.4), (525.7, 584.2), (604.8, 592.8), (564.3, 557.0), (489.0, 502.0), (489.0, 465.9), (489.0, 448.7), (502.3, 450.2), (571.3, 470.7), (610.7, 479.9), (528.8, 417.9), (490.3, 374.7), (490.3, 350.4), (490.3, 344.9), (541.3, 358.2), (621.3, 390.4), (559.1, 336.4), (489.0, 286.1), (490.3, 254.7), (490.3, 242.2), (514.2, 248.5), (591.3, 273.6), (590.0, 257.5), (508.8, 200.2), (509.0, 168.2), (586.3, 165.9), (591.0, 146.8), (485.6, 87.1), (385.2, 46.3), (290.2, 24.3), (200.6, 21.2), (128.7, 36.9), (133.3, 71.4), (186.0, 124.8), (254.0, 171.3), (334.0, 142.8), (414.0, 160.4), (494.0, 196.9), (574.0, 252.3), (610.3, 287.7), (528.5, 225.7), (453.8, 182.5), (384.5, 158.2), (304.5, 152.7), (227.2, 166.1), (148.7, 198.3), (128.0, 249.3), (188.4, 319.2), (163.3, 306.4), (82.5, 251.4), (73.0, 215.3), (73.0, 198.0), (73.0, 199.6), (73.0, 220.0), (113.0, 215.1), (210.9, 169.9), (290.0, 167.6)]",0,0,8.7
speedrunner,meatboy,8,Stuck,14,0,-2.89,0.453,"[(329.0, 749.0), (376.3, 755.3), (456.3, 749.3), (536.3, 755.9), (616.3, 747.3), (569.0, 691.4), (489.0, 638.8), (489.0, 605.0), (489.0, 590.1), (509.0, 594.0), (586.3, 616.8), (600.0, 613.4), (518.5, 553.7), (489.0, 512.9), (489.0, 490.9), (502.3, 487.8), (576.3, 503.5), (610.3, 509.2), (528.5, 447.2), (489.0, 404.0), (489.0, 379.7), (497.0, 374.2), (566.3, 387.5), (620.7, 405.3), (538.5, 340.9), (489.0, 295.4), (489.0, 268.7), (493.0, 260.9), (556.3, 271.9), (631.0, 301.7), (548.6, 235.0), (489.0, 187.1), (536.3, 173.2), (616.3, 180.2), (569.0, 133.1), (488.5, 80.5), (417.8, 66.0), (407.2, 73.1), (473.8, 99.1), (553.8, 143.8), (631.0, 207.5), (548.6, 140.7), (468.5, 92.8), (465.0, 71.3), (570.4, 66.6), (600.0, 46.0), (518.5, -13.7), (438.5, -54.5), (395.8, -63.9), (438.5, -54.5), (518.5, -26.2), (598.5, 21.0), (589.7, 15.9), (508.5, -41.4), (428.5, -76.2), (360.5, -80.9), (308.5, -66.7), (340.5, -33.7), (420.5, 18.1), (500.5, 88.8), (580.5, 178.4), (620.7, 253.5), (538.5, 189.1), (458.5, 143.6), (425.0, 116.9), (425.0, 109.0), (425.0, 120.0), (445.0, 149.9), (522.3, 198.6), (602.3, 266.1), (589.7, 265.5), (508.5, 208.2), (435.3, 169.7), (355.3, 150.1)]",0,0,9.82
speedrunner,meatboy,8,Stuck,12,0,-32.84,0.104,"[(329.0, 749.0), (376.3, 755.3), (456.3, 755.0), (536.3, 755.9), (616.3, 755.3), (569.0, 693.6), (489.0, 641.0), (489.0, 607.2), (489.0, 592.3), (489.0, 596.2), (493.0, 619.0), (556.3, 660.6), (631.0, 721.1), (524.6, 654.4), (423.5, 606.5), (381.5, 577.8), (424.7, 570.8), (359.0, 520.2), (265.0, 467.6), (265.0, 433.8), (265.0, 418.9), (265.0, 422.8), (263.7, 445.6), (207.7, 487.2), (127.7, 547.7), (77.0, 627.0), (90.3, 725.2), (73.0, 719.4), (73.0, 677.8), (73.0, 655.0), (73.0, 651.1), (73.0, 666.0), (73.0, 699.5), (73.0, 739.2), (73.0, 725.9), (73.0, 682.0), (73.0, 656.8), (73.0, 650.5), (73.0, 663.1), (73.0, 694.5), (73.0, 734.2), (73.0, 732.8), (73.0, 686.4), (73.0, 658.9), (73.0, 650.3), (73.0, 660.5), (73.0, 689.5), (73.0, 729.2), (73.0, 739.9), (73.0, 691.2), (73.0, 661.4), (73.0, 650.4), (73.0, 658.2), (73.0, 684.9), (73.0, 724.3), (73.0, 747.3), (73.0, 696.2)]",0,0,7.48
speedrunner,meatboy,8,Saw,7,0,-7.11,0.429,"[(329.0, 749.0), (376.3, 755.3), (456.3, 755.0), (536.3, 755.9), (616.3, 755.3), (569.0, 693.6), (489.0, 641.0), (489.0, 607.2), (489.0, 592.3), (489.0, 596.2), (493.0, 619.0), (556.3, 660.6), (631.0, 721.1), (558.7, 666.6), (479.8, 616.4), (437.2, 587.0), (439.0, 582.3), (443.0, 596.4), (506.3, 629.4), (586.3, 681.3), (610.3, 709.8), (528.5, 647.7), (461.8, 621.2), (472.5, 623.6), (548.5, 644.9), (628.5, 684.9), (558.7, 631.8), (478.5, 581.6), (410.5, 550.2), (335.8, 537.6), (267.8, 543.9), (269.0, 569.1)]",0,0,4.22
speedrunner,meatboy,8,Stuck,13,0,-34.77,0.104,"[(329.0, 749.0), (376.3, 755.3), (456.3, 755.0), (536.3, 755.9), (616.3, 755.3), (603.0, 708.1), (523.7, 671.2), (489.0, 653.1), (489.0, 653.9), (489.0, 673.6), (489.0, 710.3), (489.0, 750.0), (536.3, 755.0), (616.3, 755.9), (603.0, 731.8), (523.7, 734.2), (443.7, 755.4), (363.7, 702.0), (283.7, 667.4), (265.0, 651.7), (265.0, 654.9), (265.0, 676.8), (265.0, 714.7), (266.3, 754.7), (269.4, 741.1), (269.9, 741.1), (284.0, 755.3), (345.0, 755.0), (425.0, 755.9), (505.0, 755.3), (585.0, 755.0), (623.0, 736.1), (553.7, 731.4), (473.7, 745.5), (393.7, 720.1), (313.7, 678.5), (233.7, 655.7), (153.7, 651.8), (73.7, 666.7), (73.0, 700.2), (73.0, 739.8), (73.0, 755.3), (73.0, 755.0), (73.0, 755.9), (73.0, 755.3), (73.0, 755.0), (73.0, 755.9), (73.0, 755.3), (73.0, 755.0), (73.0, 755.9), (73.0, 755.3), (73.0, 755.0), (73.0, 755.9), (73.0, 755.3), (73.0, 755.0), (73.0, 755.9)]",0,0,7.4
speedrunner,meatboy,8,Saw,2,0,-39.75,0.429,"[(329.0, 749.0), (376.3, 747.3), (428.7, 728.7), (346.5, 664.3), (267.8, 618.8), (302.3, 601.5)]",0,0,0.67
speedrunner,meatboy,8,Saw,2,0,-32.75,0.429,"[(329.0, 749.0), (376.3, 755.3), (428.7, 735.7), (346.5, 671.3), (266.5, 625.8), (265.0, 599.1), (278.3, 591.3)]",0,0,0.85
speedrunner,meatboy,8,Saw,7,0,11.92,0.525,"[(329.0, 749.0), (374.3, 740.1), (390.3, 691.4), (327.0, 661.5), (265.0, 650.5), (265.0, 658.4), (265.0, 685.1), (265.0, 724.5), (285.0, 747.3), (354.3, 737.9), (434.3, 747.3), (476.3, 751.9), (556.3, 740.2), (631.0, 740.3), (524.6, 673.5), (489.0, 625.6), (489.0, 596.6), (489.0, 586.4), (489.0, 595.0), (497.0, 622.5), (566.3, 668.9), (620.7, 715.5), (538.5, 651.1), (458.5, 605.6), (378.5, 578.9)]",0,0,3.22
speedrunner,meatboy,8,Stuck,2,0,-45.73,0.104,"[(329.0, 749.0), (281.7, 740.1), (265.0, 691.4), (265.0, 661.5), (265.0, 650.5), (265.0, 658.4), (263.7, 685.1), (207.7, 730.6), (127.7, 725.9), (73.0, 682.0), (73.0, 656.8), (73.0, 650.5), (73.0, 663.1), (73.0, 694.5), (73.0, 734.2), (73.0, 755.0), (73.0, 755.9), (73.0, 755.3), (73.0, 755.0), (73.0, 755.9), (73.0, 755.3), (73.0, 755.0), (73.0, 755.9), (73.0, 755.3), (73.0, 755.0), (73.0, 755.9), (73.0, 755.3), (73.0, 755.0), (73.0, 755.9), (73.0, 755.3), (73.0, 755.0), (73.0, 755.9), (73.0, 755.3), (73.0, 755.0), (73.0, 755.9), (73.0, 755.3), (73.0, 755.0), (73.0, 755.9), (73.0, 755.3), (73.0, 755.0), (73.0, 755.9)]",0,0,5.35
speedrunner,meatboy,8,Saw,2,0,-52.38,0.419,"[(329.0, 749.0), (376.3, 755.3), (428.7, 730.9), (346.5, 666.5), (266.5, 621.0), (295.2, 600.7)]",0,0,0.67
speedrunner,meatboy,8,Saw,19,0,-0.7,0.44,"[(329.0, 749.0), (376.3, 747.3), (439.0, 737.9), (439.0, 747.3), (476.3, 751.9), (556.3, 745.1), (631.0, 738.0), (548.6, 671.3), (489.0, 623.4), (489.0, 594.4), (525.7, 584.2), (604.8, 592.8), (564.3, 557.0), (489.0, 502.0), (489.0, 465.9), (489.0, 448.7), (502.3, 450.2), (571.3, 470.7), (610.7, 479.9), (528.8, 417.9), (490.3, 374.7), (490.3, 350.4), (490.3, 344.9), (541.3, 358.2), (621.3, 390.4), (559.1, 336.4), (489.0, 286.1), (490.3, 254.7), (490.3, 242.2), (514.2, 248.5), (591.3, 273.6), (590.0, 257.5), (508.8, 200.2), (509.0, 168.2), (586.3, 165.9), (591.0, 146.8), (485.6, 87.1), (385.2, 46.3), (290.2, 24.3), (200.6, 21.2), (128.7, 36.9), (133.3, 71.4), (186.0, 124.8), (254.0, 171.3), (334.0, 142.8), (414.0, 160.4), (494.0, 196.9), (574.0, 252.3), (610.3, 287.7), (528.5, 225.7), (453.8, 182.5), (384.5, 158.2), (304.5, 152.7), (227.2, 166.1), (148.7, 198.3), (128.0, 249.3), (188.4, 319.2), (163.3, 306.4), (82.5, 251.4), (73.0, 215.3), (73.0, 198.0), (73.0, 199.6), (73.0, 220.0), (113.0, 215.1), (210.9, 169.9), (290.0, 167.6)]",0,0,8.7
speedrunner,meatboy,8,Stuck,14,0,-2.89,0.453,"[(329.0, 749.0), (376.3, 755.3), (456.3, 749.3), (536.3, 755.9), (616.3, 747.3), (569.0, 691.4), (489.0, 638.8), (489.0, 605.0), (489.0, 590.1), (509.0, 594.0), (586.3, 616.8), (600.0, 613.4), (518.5, 553.7), (489.0, 512.9), (489.0, 490.9), (502.3, 487.8), (576.3, 503.5), (610.3, 509.2), (528.5, 447.2), (489.0, 404.0), (489.0, 379.7), (497.0, 374.2), (566.3, 387.5), (620.7, 405.3), (538.5, 340.9), (489.0, 295.4), (489.0, 268.7), (493.0, 260.9), (556.3, 271.9), (631.0, 301.7), (548.6, 235.0), (489.0, 187.1), (536.3, 173.2), (616.3, 180.2), (569.0, 133.1), (488.5, 80.5), (417.8, 66.0), (407.2, 73.1), (473.8, 99.1), (553.8, 143.8), (631.0, 207.5), (548.6, 140.7), (468.5, 92.8), (465.0, 71.3), (570.4, 66.6), (600.0, 46.0), (518.5, -13.7), (438.5, -54.5), (395.8, -63.9), (438.5, -54.5), (518.5, -26.2), (598.5, 21.0), (589.7, 15.9), (508.5, -41.4), (428.5, -76.2), (360.5, -80.9), (308.5, -66.7), (340.5, -33.7), (420.5, 18.1), (500.5, 88.8), (580.5, 178.4), (620.7, 253.5), (538.5, 189.1), (458.5, 143.6), (425.0, 116.9), (425.0, 109.0), (425.0, 120.0), (445.0, 149.9), (522.3, 198.6), (602.3, 266.1), (589.7, 265.5), (508.5, 208.2), (435.3, 169.7), (355.3, 150.1)]",0,0,9.82
speedrunner,meatboy,8,Stuck,12,0,-32.84,0.104,"[(329.0, 749.0), (376.3, 755.3), (456.3, 755.0), (536.3, 755.9), (616.3, 755.3), (569.0, 693.6), (489.0, 641.0), (489.0, 607.2), (489.0, 592.3), (489.0, 596.2), (493.0, 619.0), (556.3, 660.6), (631.0, 721.1), (524.6, 654.4), (423.5, 606.5), (381.5, 577.8), (424.7, 570.8), (359.0, 520.2), (265.0, 467.6), (265.0, 433.8), (265.0, 418.9), (265.0, 422.8), (263.7, 445.6), (207.7, 487.2), (127.7, 547.7), (77.0, 627.0), (90.3, 725.2), (73.0, 719.4), (73.0, 677.8), (73.0, 655.0), (73.0, 651.1), (73.0, 666.0), (73.0, 699.5), (73.0, 739.2), (73.0, 725.9), (73.0, 682.0), (73.0, 656.8), (73.0, 650.5), (73.0, 663.1), (73.0, 694.5), (73.0, 734.2), (73.0, 732.8), (73.0, 686.4), (73.0, 658.9), (73.0, 650.3), (73.0, 660.5), (73.0, 689.5), (73.0, 729.2), (73.0, 739.9), (73.0, 691.2), (73.0, 661.4), (73.0, 650.4), (73.0, 658.2), (73.0, 684.9), (73.0, 724.3), (73.0, 747.3), (73.0, 696.2)]",0,0,7.48
speedrunner,meatboy,8,Saw,7,0,-7.11,0.429,"[(329.0, 749.0), (376.3, 755.3), (456.3, 755.0), (536.3, 755.9), (616.3, 755.3), (569.0, 693.6), (489.0, 641.0), (489.0, 607.2), (489.0, 592.3), (489.0, 596.2), (493.0, 619.0), (556.3, 660.6), (631.0, 721.1), (558.7, 666.6), (479.8, 616.4), (437.2, 587.0), (439.0, 582.3), (443.0, 596.4), (506.3, 629.4), (586.3, 681.3), (610.3, 709.8), (528.5, 647.7), (461.8, 621.2), (472.5, 623.6), (548.5, 644.9), (628.5, 684.9), (558.7, 631.8), (478.5, 581.6), (410.5, 550.2), (335.8, 537.6), (267.8, 543.9), (269.0, 569.1)]",0,0,4.22
speedrunner,meatboy,8,Stuck,3,0,-44.74,0.104,"[(329.0, 749.0), (376.3, 755.3), (437.7, 713.2), (381.7, 673.9), (301.7, 653.5), (265.0, 651.9), (265.0, 669.2), (265.0, 704.4), (265.0, 744.1), (265.0, 726.2), (263.7, 687.4), (234.3, 682.7), (155.0, 696.8), (75.0, 729.8), (73.0, 755.9), (73.0, 755.3), (73.0, 755.0), (73.0, 755.9), (73.0, 755.3), (73.0, 755.0), (73.0, 755.9), (73.0, 755.3), (73.0, 755.0), (73.0, 755.9), (73.0, 755.3), (73.0, 755.0), (73.0, 755.9), (73.0, 755.3), (73.0, 755.0), (73.0, 755.9), (73.0, 755.3), (73.0, 755.0), (73.0, 755.9), (73.0, 755.3), (73.0, 755.0), (73.0, 755.9), (73.0, 755.3), (73.0, 755.0), (73.0, 755.9), (73.0, 755.3), (73.0, 755.0), (73.0, 755.9)]",0,0,5.57
speedrunner,meatboy,8,Stuck,9,0,-45.48,0.104,"[(329.0, 749.0), (376.3, 755.3), (425.7, 730.9), (319.5, 666.5), (265.0, 621.0), (265.0, 594.3), (265.0, 586.4), (265.0, 597.4), (278.3, 627.3), (352.3, 676.0), (432.3, 743.5), (512.3, 755.0), (592.3, 755.9), (577.7, 706.7), (489.0, 649.4), (489.0, 610.9), (489.0, 591.3), (489.0, 590.5), (489.0, 608.6), (536.3, 645.5), (616.3, 701.3), (564.3, 679.2), (460.0, 642.3), (361.0, 642.3), (268.6, 661.2), (265.0, 697.4), (265.0, 737.1), (312.3, 755.3), (392.3, 755.0), (472.3, 740.1), (552.3, 742.5), (631.0, 745.1), (524.6, 678.4), (485.0, 650.1), (429.0, 652.5), (349.0, 673.7), (269.0, 713.8), (207.6, 739.9), (133.4, 691.2), (73.0, 661.4), (73.0, 650.4), (73.0, 658.2), (73.0, 684.9)]",0,0,5.6
speedrunner,meatboy,8,Saw,2,0,-39.75,0.429,"[(329.0, 749.0), (376.3, 755.3), (428.7, 729.4), (346.5, 665.0), (267.8, 619.5), (302.3, 602.2)]",0,0,0.67
speedrunner,meatboy,8,Stuck,5,0,-43.52,0.104,"[(329.0, 749.0), (376.3, 745.3), (437.7, 738.2), (381.7, 750.0), (301.7, 714.1), (265.0, 674.8), (265.0, 654.4), (265.0, 652.8), (265.0, 670.1), (251.7, 706.2), (177.7, 755.0), (97.7, 701.6), (73.0, 667.0), (73.0, 651.3), (73.0, 654.5), (73.0, 676.4), (73.0, 714.3), (73.0, 754.0), (73.0, 755.3), (73.0, 755.0), (73.0, 755.9), (73.0, 755.3), (73.0, 755.0), (73.0, 755.9), (73.0, 755.3), (73.0, 755.0), (73.0, 755.9), (73.0, 755.3), (73.0, 755.0), (73.0, 755.9), (73.0, 755.3), (73.0, 755.0), (73.0, 755.9), (73.0, 755.3), (73.0, 755.0), (73.0, 755.9), (73.0, 755.3), (73.0, 755.0), (73.0, 755.9), (73.0, 755.3), (73.0, 755.0), (73.0, 755.9), (73.0, 755.3)]",0,0,5.68
speedrunner,meatboy,8,Saw,2,0,-39.75,0.429,"[(329.0, 749.0), (376.3, 747.3), (428.7, 728.7), (346.5, 664.3), (267.8, 618.8), (302.3, 601.5)]",0,0,0.67
speedrunner,meatboy,8,Saw,5,0,13.12,0.531,"[(329.0, 749.0), (376.3, 755.3), (425.7, 730.9), (319.5, 666.5), (265.0, 621.0), (265.0, 594.3), (265.0, 586.4), (265.0, 597.4), (278.3, 627.3), (352.3, 676.0), (432.3, 743.5), (512.3, 755.0), (592.3, 747.6), (589.7, 704.8), (508.5, 647.5), (489.0, 609.0), (489.0, 589.4), (489.0, 588.6), (489.0, 606.7), (526.3, 643.6), (606.3, 699.4), (579.3, 681.2), (498.5, 626.3), (418.5, 590.1)]",0,0,3.15
speedrunner,meatboy,8,Saw,19,0,-0.7,0.44,"[(329.0, 749.0), (376.3, 747.3), (439.0, 737.9), (439.0, 747.3), (476.3, 751.9), (556.3, 745.1), (631.0, 738.0), (548.6, 671.3), (489.0, 623.4), (489.0, 594.4), (525.7, 584.2), (604.8, 592.8), (564.3, 557.0), (489.0, 502.0), (489.0, 465.9), (489.0, 448.7), (502.3, 450.2), (571.3, 470.7), (610.7, 479.9), (528.8, 417.9), (490.3, 374.7), (490.3, 350.4), (490.3, 344.9), (541.3, 358.2), (621.3, 390.4), (559.1, 336.4), (489.0, 286.1), (490.3, 254.7), (490.3, 242.2), (514.2, 248.5), (591.3, 273.6), (590.0, 257.5), (508.8, 200.2), (509.0, 168.2), (586.3, 165.9), (591.0, 146.8), (485.6, 87.1), (385.2, 46.3), (290.2, 24.3), (200.6, 21.2), (128.7, 36.9), (133.3, 71.4), (186.0, 124.8), (254.0, 171.3), (334.0, 142.8), (414.0, 160.4), (494.0, 196.9), (574.0, 252.3), (610.3, 287.7), (528.5, 225.7), (453.8, 182.5), (384.5, 158.2), (304.5, 152.7), (227.2, 166.1), (148.7, 198.3), (128.0, 249.3), (188.4, 319.2), (163.3, 306.4), (82.5, 251.4), (73.0, 215.3), (73.0, 198.0), (73.0, 199.6), (73.0, 220.0), (113.0, 215.1), (210.9, 169.9), (290.0, 167.6)]",0,0,8.7
speedrunner,meatboy,8,Stuck,14,0,-2.89,0.453,"[(329.0, 749.0), (376.3, 755.3), (456.3, 749.3), (536.3, 755.9), (616.3, 747.3), (569.0, 691.4), (489.0, 638.8), (489.0, 605.0), (489.0, 590.1), (509.0, 594.0), (586.3, 616.8), (600.0, 613.4), (518.5, 553.7), (489.0, 512.9), (489.0, 490.9), (502.3, 487.8), (576.3, 503.5), (610.3, 509.2), (528.5, 447.2), (489.0, 404.0), (489.0, 379.7), (497.0, 374.2), (566.3, 387.5), (620.7, 405.3), (538.5, 340.9), (489.0, 295.4), (489.0, 268.7), (493.0, 260.9), (556.3, 271.9), (631.0, 301.7), (548.6, 235.0), (489.0, 187.1), (536.3, 173.2), (616.3, 180.2), (569.0, 133.1), (488.5, 80.5), (417.8, 66.0), (407.2, 73.1), (473.8, 99.1), (553.8, 143.8), (631.0, 207.5), (548.6, 140.7), (468.5, 92.8), (465.0, 71.3), (570.4, 66.6), (600.0, 46.0), (518.5, -13.7), (438.5, -54.5), (395.8, -63.9), (438.5, -54.5), (518.5, -26.2), (598.5, 21.0), (589.7, 15.9), (508.5, -41.4), (428.5, -76.2), (360.5, -80.9), (308.5, -66.7), (340.5, -33.7), (420.5, 18.1), (500.5, 88.8), (580.5, 178.4), (620.7, 253.5), (538.5, 189.1), (458.5, 143.6), (425.0, 116.9), (425.0, 109.0), (425.0, 120.0), (445.0, 149.9), (522.3, 198.6), (602.3, 266.1), (589.7, 265.5), (508.5, 208.2), (435.3, 169.7), (355.3, 150.1)]",0,0,9.82
speedrunner,meatboy,8,Stuck,12,0,-32.84,0.104,"[(329.0, 749.0), (376.3, 755.3), (456.3, 755.0), (536.3, 755.9), (616.3, 755.3), (569.0, 693.6), (489.0, 641.0), (489.0, 607.2), (489.0, 592.3), (489.0, 596.2), (493.0, 619.0), (556.3, 660.6), (631.0, 721.1), (524.6, 654.4), (423.5, 606.5), (381.5, 577.8), (424.7, 570.8), (359.0, 520.2), (265.0, 467.6), (265.0, 433.8), (265.0, 418.9), (265.0, 422.8), (263.7, 445.6), (207.7, 487.2), (127.7, 547.7), (77.0, 627.0), (90.3, 725.2), (73.0, 719.4), (73.0, 677.8), (73.0, 655.0), (73.0, 651.1), (73.0, 666.0), (73.0, 699.5), (73.0, 739.2), (73.0, 725.9), (73.0, 682.0), (73.0, 656.8), (73.0, 650.5), (73.0, 663.1), (73.0, 694.5), (73.0, 734.2), (73.0, 732.8), (73.0, 686.4), (73.0, 658.9), (73.0, 650.3), (73.0, 660.5), (73.0, 689.5), (73.0, 729.2), (73.0, 739.9), (73.0, 691.2), (73.0, 661.4), (73.0, 650.4), (73.0, 658.2), (73.0, 684.9), (73.0, 724.3), (73.0, 747.3), (73.0, 696.2)]",0,0,7.48
speedrunner,meatboy,8,Saw,7,0,-7.11,0.429,"[(329.0, 749.0), (376.3, 755.3), (456.3, 755.0), (536.3, 755.9), (616.3, 755.3), (569.0, 693.6), (489.0, 641.0), (489.0, 607.2), (489.0, 592.3), (489.0, 596.2), (493.0, 619.0), (556.3, 660.6), (631.0, 721.1), (558.7, 666.6), (479.8, 616.4), (437.2, 587.0), (439.0, 582.3), (443.0, 596.4), (506.3, 629.4), (586.3, 681.3), (610.3, 709.8), (528.5, 647.7), (461.8, 621.2), (472.5, 623.6), (548.5, 644.9), (628.5, 684.9), (558.7, 631.8), (478.5, 581.6), (410.5, 550.2), (335.8, 537.6), (267.8, 543.9), (269.0, 569.1)]",0,0,4.22
speedrunner,meatboy,8,Pit,13,0,161.59,1.0,"[(329.0, 749.0), (376.3, 747.3), (439.0, 737.9), (439.0, 747.3), (476.3, 751.9), (556.3, 745.1), (631.0, 738.0), (548.6, 671.3), (491.6, 623.4), (522.7, 594.4), (595.2, 584.2), (577.7, 550.4), (489.0, 493.1), (489.0, 454.6), (489.0, 435.0), (505.0, 434.2), (558.2, 452.3), (631.0, 489.2), (525.8, 422.5), (489.0, 374.6), (489.0, 345.6), (494.3, 335.4), (524.8, 344.0), (598.2, 371.5), (577.7, 356.6), (490.3, 299.3), (490.3, 260.8), (490.3, 241.2), (503.7, 240.4), (554.7, 258.5), (631.0, 295.4), (524.6, 228.6), (490.3, 180.8), (546.3, 166.8), (626.3, 173.9), (558.7, 116.7), (482.5, 66.5), (471.8, 41.4), (538.5, 41.4), (618.5, 60.3), (569.0, 16.1), (500.1, -36.5), (478.1, -69.3), (537.6, -76.3), (613.6, -64.5), (632.2, -33.9), (692.2, -24.8), (772.2, -29.5), (852.2, -15.4), (932.2, 17.6), (1012.2, 69.5), (1092.2, 140.2), (1172.2, 229.7), (1252.2, 338.1), (1332.2, 465.3), (1412.2, 611.4), (1492.2, 776.3)]",0,0,7.57
speedrunner,meatboy,8,Stuck,7,0,-39.19,0.104,"[(329.0, 749.0), (376.3, 755.3), (439.0, 713.2), (439.0, 673.9), (439.0, 653.5), (439.0, 651.9), (435.0, 669.2), (371.7, 705.3), (291.7, 755.0), (265.0, 701.6), (265.0, 667.0), (265.0, 651.3), (265.0, 654.5), (265.0, 676.4), (227.7, 717.3), (150.2, 739.9), (73.0, 691.2), (73.0, 661.4), (73.0, 650.4), (73.0, 658.2), (73.0, 684.9), (73.0, 724.3), (73.0, 747.3), (73.0, 696.2), (73.0, 664.1), (73.0, 650.7), (73.0, 656.2), (73.0, 680.5), (73.0, 719.3), (73.0, 755.0), (73.0, 701.6), (73.0, 667.0), (73.0, 651.3), (73.0, 654.5), (73.0, 676.4), (73.0, 714.3), (73.0, 754.0), (73.0, 707.2), (73.0, 670.3), (73.0, 652.3), (73.0, 653.0), (73.0, 672.7), (73.0, 709.4), (73.0, 749.1), (73.0, 713.2), (73.0, 673.9), (73.0, 653.5), (73.0, 651.9)]",0,0,6.32
speedrunner,meatboy,8,Stuck,5,0,57.18,0.896,"[(329.0, 749.0), (376.3, 755.3), (456.3, 755.0), (536.3, 755.9), (616.3, 755.3), (631.0, 713.2), (631.0, 673.9), (631.0, 653.5), (631.0, 651.9), (631.0, 669.2), (631.0, 704.4), (631.0, 744.1), (631.0, 719.4), (631.0, 677.8), (631.0, 655.0), (631.0, 651.1), (631.0, 666.0), (631.0, 699.5), (631.0, 739.2), (631.0, 725.9), (631.0, 682.0), (631.0, 656.8), (631.0, 650.5), (631.0, 663.1), (631.0, 694.5), (631.0, 734.2), (631.0, 732.8), (631.0, 686.4), (631.0, 658.9), (631.0, 650.3), (631.0, 660.5), (631.0, 689.5), (631.0, 729.2), (631.0, 739.9), (631.0, 691.2), (631.0, 661.4), (631.0, 650.4), (631.0, 658.2), (631.0, 684.9), (631.0, 724.3)]",0,0,5.2
speedrunner,meatboy,8,Success,21,0,0.67,0.508,"[(329.0, 749.0), (376.3, 755.3), (456.3, 755.0), (536.3, 755.9), (616.3, 755.3), (617.7, 721.1), (543.7, 718.8), (489.0, 735.3), (526.3, 755.9), (606.3, 755.3), (623.0, 721.8), (553.7, 717.1), (473.7, 731.3), (431.6, 755.3), (482.8, 755.0), (562.8, 755.9), (631.0, 747.3), (617.7, 707.4), (543.7, 705.1), (493.0, 721.6), (556.3, 755.0), (631.0, 745.1), (524.6, 678.4), (489.0, 630.5), (489.0, 601.4), (489.0, 591.2), (502.3, 599.9), (576.3, 627.4), (610.3, 641.9), (528.5, 579.9), (489.0, 536.7), (489.0, 512.4), (490.3, 506.9), (546.3, 520.2), (626.3, 552.4), (558.7, 498.3), (489.0, 448.1), (489.0, 416.7), (489.0, 404.1), (517.0, 410.4), (596.3, 435.6), (589.7, 419.5), (508.6, 362.2), (489.0, 323.7), (489.0, 304.1), (497.0, 303.3), (566.3, 321.4), (620.7, 343.3), (538.5, 278.9), (489.0, 233.4), (489.0, 206.7), (489.0, 198.8), (536.3, 209.8), (616.3, 239.7), (569.0, 198.3), (489.3, 145.7), (430.0, 111.9), (425.0, 97.0), (425.0, 100.9), (425.0, 123.7), (453.0, 165.3), (532.3, 225.8), (612.3, 305.1), (579.3, 288.9), (500.2, 234.0), (480.2, 206.5), (541.1, 206.5), (621.1, 225.4), (569.0, 181.2), (489.3, 132.0), (435.4, 124.9), (438.3, 136.7), (512.3, 167.4), (592.3, 216.9), (600.0, 226.4), (518.6, 166.7), (449.7, 125.9), (452.7, 96.2), (558.5, 89.1), (604.3, 77.8), (499.7, 15.7), (437.7, -19.2), (357.7, -21.5), (297.7, -5.0), (319.1, 30.4)]",0,0,11.27
speedrunner,meatboy,8,Saw,10,0,0.93,0.48,"[(329.0, 749.0), (376.3, 755.3), (456.3, 749.3), (536.3, 755.9), (616.3, 755.3), (569.0, 693.6), (489.0, 641.0), (489.0, 607.2), (502.3, 592.3), (576.3, 596.2), (610.3, 593.1), (528.5, 531.1), (489.0, 487.9), (489.0, 463.6), (526.3, 458.1), (606.3, 471.4), (579.3, 437.4), (501.1, 382.4), (489.0, 346.3), (493.0, 329.1), (556.3, 330.6), (631.0, 351.1), (548.6, 284.3), (489.0, 236.4), (489.0, 207.4), (509.0, 197.2), (586.3, 205.8), (600.0, 193.6), (518.5, 133.9), (438.5, 124.5), (433.0, 133.9), (502.3, 162.2), (582.3, 209.4), (610.3, 234.9), (528.5, 172.9), (448.5, 129.7), (425.0, 105.4), (425.0, 99.9), (425.0, 113.2), (453.0, 145.4), (532.3, 196.5), (612.3, 266.4), (579.3, 247.8), (498.5, 192.9), (423.8, 156.8), (345.2, 141.3), (323.8, 154.3)]",0,0,6.18
speedrunner,meatboy,8,Saw,2,0,-34.88,0.429,"[(329.0, 749.0), (370.4, 747.3), (428.8, 728.7), (346.7, 664.3), (266.7, 618.8), (278.3, 594.1)]",0,0,0.72
speedrunner,meatboy,8,Success,21,0,0.67,0.508,"[(329.0, 749.0), (376.3, 755.3), (456.3, 755.0), (536.3, 755.9), (616.3, 755.3), (617.7, 721.1), (543.7, 718.8), (489.0, 735.3), (526.3, 755.9), (606.3, 755.3), (623.0, 721.8), (553.7, 717.1), (473.7, 731.3), (431.6, 755.3), (482.8, 755.0), (562.8, 755.9), (631.0, 747.3), (617.7, 707.4), (543.7, 705.1), (493.0, 721.6), (556.3, 755.0), (631.0, 745.1), (524.6, 678.4), (489.0, 630.5), (489.0, 601.4), (489.0, 591.2), (502.3, 599.9), (576.3, 627.4), (610.3, 641.9), (528.5, 579.9), (489.0, 536.7), (489.0, 512.4), (490.3, 506.9), (546.3, 520.2), (626.3, 552.4), (558.7, 498.3), (489.0, 448.1), (489.0, 416.7), (489.0, 404.1), (517.0, 410.4), (596.3, 435.6), (589.7, 419.5), (508.6, 362.2), (489.0, 323.7), (489.0, 304.1), (497.0, 303.3), (566.3, 321.4), (620.7, 343.3), (538.5, 278.9), (489.0, 233.4), (489.0, 206.7), (489.0, 198.8), (536.3, 209.8), (616.3, 239.7), (569.0, 198.3), (489.3, 145.7), (430.0, 111.9), (425.0, 97.0), (425.0, 100.9), (425.0, 123.7), (453.0, 165.3), (532.3, 225.8), (612.3, 305.1), (579.3, 288.9), (500.2, 234.0), (480.2, 206.5), (541.1, 206.5), (621.1, 225.4), (569.0, 181.2), (489.3, 132.0), (435.4, 124.9), (438.3, 136.7), (512.3, 167.4), (592.3, 216.9), (600.0, 226.4), (518.6, 166.7), (449.7, 125.9), (452.7, 96.2), (558.5, 89.1), (604.3, 77.8), (499.7, 15.7), (437.7, -19.2), (357.7, -21.5), (297.7, -5.0), (319.1, 30.4)]",0,0,11.27
speedrunner,meatboy,8,Saw,19,0,-0.7,0.44,"[(329.0, 749.0), (376.3, 747.3), (439.0, 737.9), (439.0, 747.3), (476.3, 751.9), (556.3, 745.1), (631.0, 738.0), (548.6, 671.3), (489.0, 623.4), (489.0, 594.4), (525.7, 584.2), (604.8, 592.8), (564.3, 557.0), (489.0, 502.0), (489.0, 465.9), (489.0, 448.7), (502.3, 450.2), (571.3, 470.7), (610.7, 479.9), (528.8, 417.9), (490.3, 374.7), (490.3, 350.4), (490.3, 344.9), (541.3, 358.2), (621.3, 390.4), (559.1, 336.4), (489.0, 286.1), (490.3, 254.7), (490.3, 242.2), (514.2, 248.5), (591.3, 273.6), (590.0, 257.5), (508.8, 200.2), (509.0, 168.2), (586.3, 165.9), (591.0, 146.8), (485.6, 87.1), (385.2, 46.3), (290.2, 24.3), (200.6, 21.2), (128.7, 36.9), (133.3, 71.4), (186.0, 124.8), (254.0, 171.3), (334.0, 142.8), (414.0, 160.4), (494.0, 196.9), (574.0, 252.3), (610.3, 287.7), (528.5, 225.7), (453.8, 182.5), (384.5, 158.2), (304.5, 152.7), (227.2, 166.1), (148.7, 198.3), (128.0, 249.3), (188.4, 319.2), (163.3, 306.4), (82.5, 251.4), (73.0, 215.3), (73.0, 198.0), (73.0, 199.6), (73.0, 220.0), (113.0, 215.1), (210.9, 169.9), (290.0, 167.6)]",0,0,8.7
speedrunner,meatboy,8,Stuck,14,0,-2.89,0.453,"[(329.0, 749.0), (376.3, 755.3), (456.3, 749.3), (536.3, 755.9), (616.3, 747.3), (569.0, 691.4), (489.0, 638.8), (489.0, 605.0), (489.0, 590.1), (509.0, 594.0), (586.3, 616.8), (600.0, 613.4), (518.5, 553.7), (489.0, 512.9), (489.0, 490.9), (502.3, 487.8), (576.3, 503.5), (610.3, 509.2), (528.5, 447.2), (489.0, 404.0), (489.0, 379.7), (497.0, 374.2), (566.3, 387.5), (620.7, 405.3), (538.5, 340.9), (489.0, 295.4), (489.0, 268.7), (493.0, 260.9), (556.3, 271.9), (631.0, 301.7), (548.6, 235.0), (489.0, 187.1), (536.3, 173.2), (616.3, 180.2), (569.0, 133.1), (488.5, 80.5), (417.8, 66.0), (407.2, 73.1), (473.8, 99.1), (553.8, 143.8), (631.0, 207.5), (548.6, 140.7), (468.5, 92.8), (465.0, 71.3), (570.4, 66.6), (600.0, 46.0), (518.5, -13.7), (438.5, -54.5), (395.8, -63.9), (438.5, -54.5), (518.5, -26.2), (598.5, 21.0), (589.7, 15.9), (508.5, -41.4), (428.5, -76.2), (360.5, -80.9), (308.5, -66.7), (340.5, -33.7), (420.5, 18.1), (500.5, 88.8), (580.5, 178.4), (620.7, 253.5), (538.5, 189.1), (458.5, 143.6), (425.0, 116.9), (425.0, 109.0), (425.0, 120.0), (445.0, 149.9), (522.3, 198.6), (602.3, 266.1), (589.7, 265.5), (508.5, 208.2), (435.3, 169.7), (355.3, 150.1)]",0,0,9.82
speedrunner,meatboy,8,Saw,10,0,0.93,0.48,"[(329.0, 749.0), (376.3, 755.3), (456.3, 749.3), (536.3, 755.9), (616.3, 755.3), (569.0, 693.6), (489.0, 641.0), (489.0, 607.2), (502.3, 592.3), (576.3, 596.2), (610.3, 593.1), (528.5, 531.1), (489.0, 487.9), (489.0, 463.6), (526.3, 458.1), (606.3, 471.4), (579.3, 437.4), (501.1, 382.4), (489.0, 346.3), (493.0, 329.1), (556.3, 330.6), (631.0, 351.1), (548.6, 284.3), (489.0, 236.4), (489.0, 207.4), (509.0, 197.2), (586.3, 205.8), (600.0, 193.6), (518.5, 133.9), (438.5, 124.5), (433.0, 133.9), (502.3, 162.2), (582.3, 209.4), (610.3, 234.9), (528.5, 172.9), (448.5, 129.7), (425.0, 105.4), (425.0, 99.9), (425.0, 113.2), (453.0, 145.4), (532.3, 196.5), (612.3, 266.4), (579.3, 247.8), (498.5, 192.9), (423.8, 156.8), (345.2, 141.3), (323.8, 154.3)]",0,0,6.18
speedrunner,meatboy,8,Stuck,6,0,-45.73,0.104,"[(329.0, 749.0), (281.7, 740.1), (265.0, 691.4), (265.0, 661.5), (265.0, 650.5), (265.0, 658.4), (263.7, 685.1), (207.7, 730.6), (127.7, 725.9), (73.0, 682.0), (73.0, 656.8), (73.0, 650.5), (73.0, 663.1), (73.0, 694.5), (73.0, 734.2), (73.0, 732.8), (73.0, 686.4), (73.0, 658.9), (73.0, 650.3), (73.0, 660.5), (73.0, 689.5), (73.0, 729.2), (73.0, 739.9), (73.0, 691.2), (73.0, 661.4), (73.0, 650.4), (73.0, 658.2), (73.0, 684.9), (73.0, 724.3), (73.0, 747.3), (73.0, 696.2), (73.0, 664.1), (73.0, 650.7), (73.0, 656.2), (73.0, 680.5), (73.0, 719.3), (73.0, 755.0), (73.0, 701.6), (73.0, 667.0), (73.0, 651.3), (73.0, 654.5)]",0,0,5.35
speedrunner,meatboy,8,Success,20,0,2.83,0.453,"[(329.0, 749.0), (376.3, 747.3), (437.7, 737.9), (435.0, 747.3), (491.0, 751.9), (571.0, 740.2), (610.3, 720.0), (528.5, 658.0), (489.0, 614.8), (490.3, 590.5), (541.3, 585.0), (621.3, 598.4), (559.1, 541.9), (489.0, 491.7), (489.0, 460.3), (489.0, 447.7), (489.0, 454.0), (595.4, 387.3), (631.0, 339.4), (631.0, 310.4), (593.7, 300.2), (513.7, 308.8), (509.0, 336.3), (586.3, 382.6), (591.0, 393.9), (489.0, 334.3), (526.3, 304.4), (606.3, 304.5), (564.3, 265.4), (489.0, 210.5), (502.3, 177.5), (576.3, 172.8), (604.3, 163.2), (498.5, 101.2), (397.5, 58.0), (304.3, 33.7), (223.5, 28.2), (143.5, 41.5), (103.5, 73.7), (83.3, 108.0), (165.5, 43.6), (244.2, 27.6), (276.2, 34.7), (278.8, 60.7)]",0,0,5.83
speedrunner,meatboy,8,Stuck,6,0,52.99,0.896,"[(329.0, 749.0), (376.3, 755.3), (439.0, 732.8), (439.0, 686.4), (439.0, 658.9), (439.0, 650.3), (439.0, 660.5), (443.0, 689.5), (506.3, 737.4), (586.3, 755.9), (600.0, 728.1), (518.5, 723.4), (451.8, 737.5), (462.5, 755.9), (538.5, 755.3), (618.5, 745.4), (569.0, 724.4), (488.5, 726.8), (445.8, 748.0), (488.5, 755.0), (568.5, 755.9), (631.0, 725.9), (631.0, 682.0), (631.0, 656.8), (631.0, 650.5), (631.0, 663.1), (631.0, 694.5), (631.0, 734.2), (631.0, 755.0), (631.0, 755.9), (631.0, 755.3), (631.0, 755.0), (631.0, 755.9), (631.0, 755.3), (631.0, 755.0), (631.0, 755.9), (631.0, 755.3), (631.0, 755.0), (631.0, 755.9), (631.0, 755.3), (631.0, 755.0), (631.0, 755.9)]",0,0,5.47
speedrunner,meatboy,8,Stuck,13,0,-30.85,0.104,"[(329.0, 749.0), (370.4, 747.3), (439.0, 737.9), (433.7, 747.3), (435.0, 724.5), (371.7, 717.4), (291.7, 729.2), (265.7, 755.0), (313.1, 738.0), (393.1, 745.1), (473.1, 742.3), (553.1, 740.0), (631.0, 755.0), (631.0, 701.6), (629.7, 667.0), (573.7, 651.3), (493.7, 654.5), (489.0, 676.4), (489.0, 714.3), (451.7, 747.6), (371.7, 696.5), (291.7, 664.3), (265.0, 651.0), (265.0, 656.4), (265.0, 680.8), (265.0, 719.6), (219.7, 740.4), (140.3, 691.7), (73.0, 661.9), (73.0, 650.9), (73.0, 658.7), (73.0, 685.4), (73.0, 724.8), (73.0, 755.3), (73.0, 755.0), (73.0, 755.9), (73.0, 755.3), (73.0, 755.0), (73.0, 755.9), (73.0, 755.3), (73.0, 755.0), (73.0, 755.9), (73.0, 755.3), (73.0, 755.0), (73.0, 755.9), (73.0, 755.3), (73.0, 755.0), (73.0, 755.9), (73.0, 755.3), (73.0, 755.0), (73.0, 755.9), (73.0, 755.3), (73.0, 755.0), (73.0, 755.9), (73.0, 755.3), (73.0, 755.0), (73.0, 755.9), (73.0, 755.3), (73.0, 755.0)]",0,0,7.82
speedrunner,meatboy,8,Saw,7,0,-4.59,0.429,"[(329.0, 749.0), (376.3, 755.3), (437.7, 713.2), (381.7, 703.8), (301.7, 713.2), (265.0, 741.5), (312.3, 755.9), (392.3, 755.3), (472.3, 755.0), (552.3, 755.9), (631.0, 738.9), (524.6, 672.2), (489.0, 624.3), (489.0, 595.3), (489.0, 585.1), (489.0, 593.7), (497.0, 621.2), (566.3, 667.5), (617.7, 714.1), (511.5, 649.8), (417.3, 604.2), (396.0, 577.5), (456.0, 569.7), (536.0, 580.7), (616.0, 610.5), (551.0, 569.1), (489.0, 516.5), (489.0, 482.8), (489.0, 467.9), (489.0, 471.8), (497.0, 494.6), (566.3, 536.2), (617.7, 578.7), (511.5, 514.3), (409.8, 468.8), (313.5, 442.1), (265.0, 434.3), (265.0, 445.3), (265.0, 475.1), (266.3, 523.8)]",0,0,5.3
speedrunner,meatboy,8,Stuck,13,0,1.72,0.507,"[(329.0, 749.0), (376.3, 755.3), (456.3, 755.0), (536.3, 755.9), (616.3, 755.3), (551.0, 693.6), (489.0, 641.0), (489.0, 607.2), (489.0, 592.3), (489.0, 596.2), (517.0, 619.0), (596.3, 660.6), (589.7, 652.8), (508.6, 595.5), (441.9, 595.2), (452.6, 619.9), (528.6, 663.5), (608.6, 725.9), (629.7, 725.9), (573.7, 716.5), (493.7, 726.0), (502.3, 754.3), (576.3, 755.3), (604.3, 727.5), (498.5, 675.1), (397.5, 670.4), (301.8, 684.6), (265.0, 717.4), (278.3, 755.0), (352.3, 755.9), (432.3, 755.3), (512.3, 755.0), (592.3, 755.9), (631.0, 720.3), (631.0, 678.7), (583.7, 665.5), (503.7, 672.6), (423.7, 698.6), (371.7, 743.3), (403.7, 755.0), (483.7, 755.9), (563.7, 755.3), (617.7, 735.7), (511.5, 676.1), (409.8, 669.1), (313.5, 680.9), (222.5, 711.5), (171.8, 755.0), (168.7, 738.0), (176.3, 745.1), (246.7, 755.0), (326.7, 755.9)]",0,0,6.85
speedrunner,meatboy,8,Success,20,0,2.83,0.453,"[(329.0, 749.0), (376.3, 747.3), (437.7, 737.9), (435.0, 747.3), (491.0, 751.9), (571.0, 740.2), (610.3, 720.0), (528.5, 658.0), (489.0, 614.8), (490.3, 590.5), (541.3, 585.0), (621.3, 598.4), (559.1, 541.9), (489.0, 491.7), (489.0, 460.3), (489.0, 447.7), (489.0, 454.0), (595.4, 387.3), (631.0, 339.4), (631.0, 310.4), (593.7, 300.2), (513.7, 308.8), (509.0, 336.3), (586.3, 382.6), (591.0, 393.9), (489.0, 334.3), (526.3, 304.4), (606.3, 304.5), (564.3, 265.4), (489.0, 210.5), (502.3, 177.5), (576.3, 172.8), (604.3, 163.2), (498.5, 101.2), (397.5, 58.0), (304.3, 33.7), (223.5, 28.2), (143.5, 41.5), (103.5, 73.7), (83.3, 108.0), (165.5, 43.6), (244.2, 27.6), (276.2, 34.7), (278.8, 60.7)]",0,0,5.83
speedrunner,meatboy,8,Success,21,0,0.67,0.508,"[(329.0, 749.0), (376.3, 755.3), (456.3, 755.0), (536.3, 755.9), (616.3, 755.3), (617.7, 721.1), (543.7, 718.8), (489.0, 735.3), (526.3, 755.9), (606.3, 755.3), (623.0, 721.8), (553.7, 717.1), (473.7, 731.3), (431.6, 755.3), (482.8, 755.0), (562.8, 755.9), (631.0, 747.3), (617.7, 707.4), (543.7, 705.1), (493.0, 721.6), (556.3, 755.0), (631.0, 745.1), (524.6, 678.4), (489.0, 630.5), (489.0, 601.4), (489.0, 591.2), (502.3, 599.9), (576.3, 627.4), (610.3, 641.9), (528.5, 579.9), (489.0, 536.7), (489.0, 512.4), (490.3, 506.9), (546.3, 520.2), (626.3, 552.4), (558.7, 498.3), (489.0, 448.1), (489.0, 416.7), (489.0, 404.1), (517.0, 410.4), (596.3, 435.6), (589.7, 419.5), (508.6, 362.2), (489.0, 323.7), (489.0, 304.1), (497.0, 303.3), (566.3, 321.4), (620.7, 343.3), (538.5, 278.9), (489.0, 233.4), (489.0, 206.7), (489.0, 198.8), (536.3, 209.8), (616.3, 239.7), (569.0, 198.3), (489.3, 145.7), (430.0, 111.9), (425.0, 97.0), (425.0, 100.9), (425.0, 123.7), (453.0, 165.3), (532.3, 225.8), (612.3, 305.1), (579.3, 288.9), (500.2, 234.0), (480.2, 206.5), (541.1, 206.5), (621.1, 225.4), (569.0, 181.2), (489.3, 132.0), (435.4, 124.9), (438.3, 136.7), (512.3, 167.4), (592.3, 216.9), (600.0, 226.4), (518.6, 166.7), (449.7, 125.9), (452.7, 96.2), (558.5, 89.1), (604.3, 77.8), (499.7, 15.7), (437.7, -19.2), (357.7, -21.5), (297.7, -5.0), (319.1, 30.4)]",0,0,11.27
speedrunner,meatboy,8,Saw,19,0,-0.7,0.44,"[(329.0, 749.0), (376.3, 747.3), (439.0, 737.9), (439.0, 747.3), (476.3, 751.9), (556.3, 745.1), (631.0, 738.0), (548.6, 671.3), (489.0, 623.4), (489.0, 594.4), (525.7, 584.2), (604.8, 592.8), (564.3, 557.0), (489.0, 502.0), (489.0, 465.9), (489.0, 448.7), (502.3, 450.2), (571.3, 470.7), (610.7, 479.9), (528.8, 417.9), (490.3, 374.7), (490.3, 350.4), (490.3, 344.9), (541.3, 358.2), (621.3, 390.4), (559.1, 336.4), (489.0, 286.1), (490.3, 254.7), (490.3, 242.2), (514.2, 248.5), (591.3, 273.6), (590.0, 257.5), (508.8, 200.2), (509.0, 168.2), (586.3, 165.9), (591.0, 146.8), (485.6, 87.1), (385.2, 46.3), (290.2, 24.3), (200.6, 21.2), (128.7, 36.9), (133.3, 71.4), (186.0, 124.8), (254.0, 171.3), (334.0, 142.8), (414.0, 160.4), (494.0, 196.9), (574.0, 252.3), (610.3, 287.7), (528.5, 225.7), (453.8, 182.5), (384.5, 158.2), (304.5, 152.7), (227.2, 166.1), (148.7, 198.3), (128.0, 249.3), (188.4, 319.2), (163.3, 306.4), (82.5, 251.4), (73.0, 215.3), (73.0, 198.0), (73.0, 199.6), (73.0, 220.0), (113.0, 215.1), (210.9, 169.9), (290.0, 167.6)]",0,0,8.7
speedrunner,meatboy,8,Stuck,14,0,-2.89,0.453,"[(329.0, 749.0), (376.3, 755.3), (456.3, 749.3), (536.3, 755.9), (616.3, 747.3), (569.0, 691.4), (489.0, 638.8), (489.0, 605.0), (489.0, 590.1), (509.0, 594.0), (586.3, 616.8), (600.0, 613.4), (518.5, 553.7), (489.0, 512.9), (489.0, 490.9), (502.3, 487.8), (576.3, 503.5), (610.3, 509.2), (528.5, 447.2), (489.0, 404.0), (489.0, 379.7), (497.0, 374.2), (566.3, 387.5), (620.7, 405.3), (538.5, 340.9), (489.0, 295.4), (489.0, 268.7), (493.0, 260.9), (556.3, 271.9), (631.0, 301.7), (548.6, 235.0), (489.0, 187.1), (536.3, 173.2), (616.3, 180.2), (569.0, 133.1), (488.5, 80.5), (417.8, 66.0), (407.2, 73.1), (473.8, 99.1), (553.8, 143.8), (631.0, 207.5), (548.6, 140.7), (468.5, 92.8), (465.0, 71.3), (570.4, 66.6), (600.0, 46.0), (518.5, -13.7), (438.5, -54.5), (395.8, -63.9), (438.5, -54.5), (518.5, -26.2), (598.5, 21.0), (589.7, 15.9), (508.5, -41.4), (428.5, -76.2), (360.5, -80.9), (308.5, -66.7), (340.5, -33.7), (420.5, 18.1), (500.5, 88.8), (580.5, 178.4), (620.7, 253.5), (538.5, 189.1), (458.5, 143.6), (425.0, 116.9), (425.0, 109.0), (425.0, 120.0), (445.0, 149.9), (522.3, 198.6), (602.3, 266.1), (589.7, 265.5), (508.5, 208.2), (435.3, 169.7), (355.3, 150.1)]",0,0,9.82
speedrunner,meatboy,8,Pit,11,0,125.29,1.0,"[(329.0, 749.0), (376.3, 755.3), (439.0, 732.8), (391.7, 716.7), (311.7, 723.8), (273.0, 749.7), (342.3, 755.0), (422.3, 755.9), (502.3, 755.3), (582.3, 755.0), (600.0, 716.8), (518.5, 657.2), (489.0, 616.3), (489.0, 594.4), (511.3, 591.2), (584.8, 606.9), (600.0, 599.1), (518.6, 539.4), (489.0, 498.6), (489.0, 476.6), (524.2, 473.5), (603.4, 489.2), (579.3, 456.0), (498.6, 401.1), (489.0, 365.0), (493.0, 347.7), (543.4, 349.3), (623.4, 369.7), (558.7, 314.2), (489.0, 263.9), (489.0, 232.5), (500.9, 220.0), (563.4, 226.3), (620.7, 237.8), (538.5, 173.5), (459.8, 127.9), (425.0, 101.2), (438.3, 93.4), (512.2, 104.4), (592.2, 134.2), (589.7, 120.5), (508.6, 63.2), (476.6, 48.1), (528.6, 55.2), (608.6, 81.1), (579.3, 51.8), (502.5, -3.2), (491.8, -18.0), (558.5, -10.9), (631.0, 15.1), (569.0, -27.3), (534.3, -68.1), (584.0, -70.5), (664.0, -54.0), (744.0, -18.6), (823.7, 35.6), (903.7, 108.6), (983.7, 200.5), (1063.7, 311.3), (1143.7, 440.8), (1223.7, 589.2), (1303.7, 756.5)]",0,0,8.25
speedrunner,meatboy,8,Stuck,11,0,8.72,0.592,"[(329.0, 749.0), (376.3, 755.3), (456.3, 755.0), (536.3, 755.9), (616.3, 755.3), (603.0, 708.1), (523.7, 671.2), (489.0, 653.1), (489.0, 653.9), (489.0, 673.6), (489.0, 710.3), (493.0, 750.8), (556.3, 755.3), (631.0, 748.2), (583.7, 731.5), (503.7, 738.6), (453.0, 739.9), (377.0, 691.2), (297.0, 661.4), (265.0, 650.4), (265.0, 658.2), (265.0, 684.9), (265.0, 724.3), (285.0, 755.3), (362.3, 755.0), (442.3, 755.9), (522.3, 755.3), (602.3, 755.0), (611.0, 733.7), (533.7, 733.7), (467.0, 752.6), (407.0, 725.7), (375.0, 725.7), (427.0, 744.6), (507.0, 755.9), (587.0, 755.3), (623.0, 736.6), (553.7, 732.0), (477.7, 746.1), (427.0, 728.6), (375.0, 724.0), (407.0, 738.1), (487.0, 755.0), (567.0, 755.9), (629.7, 740.8), (573.7, 731.4), (493.7, 740.8), (445.7, 732.8), (380.3, 723.4), (391.0, 732.8), (467.0, 755.3), (547.0, 755.0), (627.0, 755.9), (593.7, 731.9), (513.7, 736.7), (459.0, 747.3)]",0,0,7.42
speedrunner,meatboy,8,Pit,11,0,180.45,1.0,"[(329.0, 749.0), (376.3, 755.3), (456.3, 749.3), (536.3, 755.9), (616.3, 747.3), (569.0, 691.4), (489.0, 638.8), (531.3, 612.5), (611.3, 612.5), (569.3, 563.6), (493.9, 511.0), (526.3, 488.1), (606.3, 490.5), (579.3, 452.3), (509.7, 397.3), (509.0, 366.8), (586.3, 364.5), (600.0, 345.4), (522.3, 285.7), (502.3, 249.2), (576.3, 244.5), (610.3, 234.9), (532.2, 172.9), (465.1, 129.7), (425.0, 105.4), (425.0, 99.9), (425.0, 113.2), (433.0, 145.4), (502.3, 179.9), (582.3, 195.2), (600.0, 187.1), (518.5, 127.4), (438.5, 90.9), (505.0, 70.5), (608.7, 72.9), (569.0, 24.6), (489.8, -28.0), (468.5, -57.0), (528.5, -59.3), (608.5, -42.8), (688.5, -20.7), (768.5, -30.1), (848.5, -20.7), (928.5, 7.6), (1008.5, 54.8), (1088.5, 120.7), (1168.5, 205.6), (1248.5, 309.2), (1328.5, 431.7), (1408.5, 573.1), (1488.5, 733.3), (1568.5, 912.3)]",0,0,6.8
speedrunner,meatboy,8,Stuck,21,0,-19.66,0.104,"[(329.0, 749.0), (376.3, 747.3), (439.0, 737.9), (439.0, 747.3), (476.3, 751.9), (556.3, 745.1), (631.0, 738.0), (548.6, 671.3), (489.0, 623.4), (489.0, 594.4), (489.0, 584.2), (531.3, 592.8), (611.3, 620.3), (569.3, 578.3), (489.0, 525.7), (489.0, 492.0), (489.0, 477.0), (490.3, 481.0), (509.7, 477.8), (591.5, 415.8), (631.0, 372.6), (631.0, 348.3), (617.7, 342.8), (543.7, 356.2), (493.0, 388.4), (551.3, 439.4), (631.3, 509.3), (537.7, 454.9), (493.0, 404.6), (556.3, 390.4), (631.0, 397.5), (548.6, 330.8), (489.0, 282.9), (489.0, 253.8), (489.0, 243.6), (489.0, 252.3), (542.3, 227.9), (631.0, 170.6), (631.0, 132.2), (631.0, 112.5), (629.7, 111.8), (573.7, 129.8), (493.7, 166.7), (438.1, 143.4), (425.0, 101.8), (423.7, 79.0), (418.3, 75.1), (465.7, 90.0), (545.7, 123.8), (625.7, 176.4), (537.7, 124.8), (434.7, 74.6), (337.1, 43.2), (253.5, 30.6), (173.5, 36.9), (121.5, 62.1), (121.5, 106.0), (173.5, 168.9), (184.0, 190.5), (110.1, 130.8), (73.0, 90.0), (73.0, 68.0), (73.0, 64.9), (73.0, 80.6), (73.0, 114.6), (73.0, 154.3), (73.0, 194.0), (73.0, 233.7), (73.0, 273.4), (73.0, 313.1), (74.3, 353.1), (125.3, 405.7), (205.3, 477.2), (143.1, 428.0), (73.0, 377.8), (73.0, 346.4), (73.0, 333.8), (73.0, 340.1), (113.0, 326.4), (215.0, 281.2), (132.6, 214.4), (73.0, 166.5), (73.0, 137.5), (73.0, 127.3), (73.0, 135.9), (73.0, 163.4), (73.0, 202.9), (73.0, 242.6), (73.0, 282.3), (73.0, 322.0)]",0,0,11.92
speedrunner,meatboy,8,Saw,2,0,-41.58,0.429,"[(329.0, 749.0), (376.3, 747.3), (425.7, 728.7), (319.5, 664.3), (266.3, 618.8)]",0,0,0.63
speedrunner,meatboy,8,Saw,4,0,-7.76,0.466,"[(329.0, 749.0), (376.3, 755.3), (437.7, 726.8), (439.0, 717.4), (387.3, 674.8)]",0,0,0.63
speedrunner,meatboy,8,Success,21,0,0.67,0.508,"[(329.0, 749.0), (376.3, 755.3), (456.3, 755.0), (536.3, 755.9), (616.3, 755.3), (617.7, 721.1), (543.7, 718.8), (489.0, 735.3), (526.3, 755.9), (606.3, 755.3), (623.0, 721.8), (553.7, 717.1), (473.7, 731.3), (431.6, 755.3), (482.8, 755.0), (562.8, 755.9), (631.0, 747.3), (617.7, 707.4), (543.7, 705.1), (493.0, 721.6), (556.3, 755.0), (631.0, 745.1), (524.6, 678.4), (489.0, 630.5), (489.0, 601.4), (489.0, 591.2), (502.3, 599.9), (576.3, 627.4), (610.3, 641.9), (528.5, 579.9), (489.0, 536.7), (489.0, 512.4), (490.3, 506.9), (546.3, 520.2), (626.3, 552.4), (558.7, 498.3), (489.0, 448.1), (489.0, 416.7), (489.0, 404.1), (517.0, 410.4), (596.3, 435.6), (589.7, 419.5), (508.6, 362.2), (489.0, 323.7), (489.0, 304.1), (497.0, 303.3), (566.3, 321.4), (620.7, 343.3), (538.5, 278.9), (489.0, 233.4), (489.0, 206.7), (489.0, 198.8), (536.3, 209.8), (616.3, 239.7), (569.0, 198.3), (489.3, 145.7), (430.0, 111.9), (425.0, 97.0), (425.0, 100.9), (425.0, 123.7), (453.0, 165.3), (532.3, 225.8), (612.3, 305.1), (579.3, 288.9), (500.2, 234.0), (480.2, 206.5), (541.1, 206.5), (621.1, 225.4), (569.0, 181.2), (489.3, 132.0), (435.4, 124.9), (438.3, 136.7), (512.3, 167.4), (592.3, 216.9), (600.0, 226.4), (518.6, 166.7), (449.7, 125.9), (452.7, 96.2), (558.5, 89.1), (604.3, 77.8), (499.7, 15.7), (437.7, -19.2), (357.7, -21.5), (297.7, -5.0), (319.1, 30.4)]",0,0,11.27
speedrunner,meatboy,8,Success,20,0,2.83,0.453,"[(329.0, 749.0), (376.3, 747.3), (437.7, 737.9), (435.0, 747.3), (491.0, 751.9), (571.0, 740.2), (610.3, 720.0), (528.5, 658.0), (489.0, 614.8), (490.3, 590.5), (541.3, 585.0), (621.3, 598.4), (559.1, 541.9), (489.0, 491.7), (489.0, 460.3), (489.0, 447.7), (489.0, 454.0), (595.4, 387.3), (631.0, 339.4), (631.0, 310.4), (593.7, 300.2), (513.7, 308.8), (509.0, 336.3), (586.3, 382.6), (591.0, 393.9), (489.0, 334.3), (526.3, 304.4), (606.3, 304.5), (564.3, 265.4), (489.0, 210.5), (502.3, 177.5), (576.3, 172.8), (604.3, 163.2), (498.5, 101.2), (397.5, 58.0), (304.3, 33.7), (223.5, 28.2), (143.5, 41.5), (103.5, 73.7), (83.3, 108.0), (165.5, 43.6), (244.2, 27.6), (276.2, 34.7), (278.8, 60.7)]",0,0,5.83
speedrunner,meatboy,8,Stuck,21,0,-19.66,0.104,"[(329.0, 749.0), (376.3, 747.3), (439.0, 737.9), (439.0, 747.3), (476.3, 751.9), (556.3, 745.1), (631.0, 738.0), (548.6, 671.3), (489.0, 623.4), (489.0, 594.4), (489.0, 584.2), (531.3, 592.8), (611.3, 620.3), (569.3, 578.3), (489.0, 525.7), (489.0, 492.0), (489.0, 477.0), (490.3, 481.0), (509.7, 477.8), (591.5, 415.8), (631.0, 372.6), (631.0, 348.3), (617.7, 342.8), (543.7, 356.2), (493.0, 388.4), (551.3, 439.4), (631.3, 509.3), (537.7, 454.9), (493.0, 404.6), (556.3, 390.4), (631.0, 397.5), (548.6, 330.8), (489.0, 282.9), (489.0, 253.8), (489.0, 243.6), (489.0, 252.3), (542.3, 227.9), (631.0, 170.6), (631.0, 132.2), (631.0, 112.5), (629.7, 111.8), (573.7, 129.8), (493.7, 166.7), (438.1, 143.4), (425.0, 101.8), (423.7, 79.0), (418.3, 75.1), (465.7, 90.0), (545.7, 123.8), (625.7, 176.4), (537.7, 124.8), (434.7, 74.6), (337.1, 43.2), (253.5, 30.6), (173.5, 36.9), (121.5, 62.1), (121.5, 106.0), (173.5, 168.9), (184.0, 190.5), (110.1, 130.8), (73.0, 90.0), (73.0, 68.0), (73.0, 64.9), (73.0, 80.6), (73.0, 114.6), (73.0, 154.3), (73.0, 194.0), (73.0, 233.7), (73.0, 273.4), (73.0, 313.1), (74.3, 353.1), (125.3, 405.7), (205.3, 477.2), (143.1, 428.0), (73.0, 377.8), (73.0, 346.4), (73.0, 333.8), (73.0, 340.1), (113.0, 326.4), (215.0, 281.2), (132.6, 214.4), (73.0, 166.5), (73.0, 137.5), (73.0, 127.3), (73.0, 135.9), (73.0, 163.4), (73.0, 202.9), (73.0, 242.6), (73.0, 282.3), (73.0, 322.0)]",0,0,11.92
speedrunner,meatboy,8,Saw,19,0,-0.7,0.44,"[(329.0, 749.0), (376.3, 747.3), (439.0, 737.9), (439.0, 747.3), (476.3, 751.9), (556.3, 745.1), (631.0, 738.0), (548.6, 671.3), (489.0, 623.4), (489.0, 594.4), (525.7, 584.2), (604.8, 592.8), (564.3, 557.0), (489.0, 502.0), (489.0, 465.9), (489.0, 448.7), (502.3, 450.2), (571.3, 470.7), (610.7, 479.9), (528.8, 417.9), (490.3, 374.7), (490.3, 350.4), (490.3, 344.9), (541.3, 358.2), (621.3, 390.4), (559.1, 336.4), (489.0, 286.1), (490.3, 254.7), (490.3, 242.2), (514.2, 248.5), (591.3, 273.6), (590.0, 257.5), (508.8, 200.2), (509.0, 168.2), (586.3, 165.9), (591.0, 146.8), (485.6, 87.1), (385.2, 46.3), (290.2, 24.3), (200.6, 21.2), (128.7, 36.9), (133.3, 71.4), (186.0, 124.8), (254.0, 171.3), (334.0, 142.8), (414.0, 160.4), (494.0, 196.9), (574.0, 252.3), (610.3, 287.7), (528.5, 225.7), (453.8, 182.5), (384.5, 158.2), (304.5, 152.7), (227.2, 166.1), (148.7, 198.3), (128.0, 249.3), (188.4, 319.2), (163.3, 306.4), (82.5, 251.4), (73.0, 215.3), (73.0, 198.0), (73.0, 199.6), (73.0, 220.0), (113.0, 215.1), (210.9, 169.9), (290.0, 167.6)]",0,0,8.7
speedrunner,meatboy,8,Saw,2,0,-33.98,0.423,"[(329.0, 749.0), (376.3, 747.3), (425.7, 728.7), (319.5, 664.3), (265.0, 618.8), (265.0, 592.1), (271.6, 584.2)]",0,0,0.9
speedrunner,meatboy,8,Stuck,2,0,50.54,0.896,"[(329.0, 749.0), (376.3, 755.3), (456.3, 755.0), (536.3, 755.9), (616.3, 755.3), (623.0, 713.2), (553.7, 673.9), (489.0, 653.5), (489.0, 651.9), (489.0, 669.2), (489.0, 704.4), (490.3, 744.4), (546.3, 755.9), (626.3, 755.3), (631.0, 701.9), (631.0, 667.3), (631.0, 651.6), (631.0, 654.8), (631.0, 676.7), (631.0, 714.6), (631.0, 754.3), (631.0, 755.3), (631.0, 755.0), (631.0, 755.9), (631.0, 755.3), (631.0, 755.0), (631.0, 755.9), (631.0, 755.3), (631.0, 755.0), (631.0, 755.9), (631.0, 755.3), (631.0, 755.0), (631.0, 755.9), (631.0, 755.3), (631.0, 755.0), (631.0, 755.9), (631.0, 755.3), (631.0, 755.0), (631.0, 755.9), (631.0, 755.3), (631.0, 755.0), (631.0, 755.9), (631.0, 755.3), (631.0, 755.0), (631.0, 755.9)]",0,0,5.88
speedrunner,meatboy,8,Stuck,7,0,31.95,0.787,"[(329.0, 749.0), (376.3, 755.3), (456.3, 755.0), (536.3, 755.9), (616.3, 747.3), (603.0, 696.2), (523.7, 664.1), (489.0, 650.7), (489.0, 656.2), (489.0, 680.5), (489.0, 719.3), (502.3, 755.0), (576.3, 755.9), (627.0, 725.9), (563.7, 682.0), (483.7, 656.8), (403.7, 650.5), (323.7, 663.1), (265.0, 694.5), (265.0, 734.2), (269.2, 748.2), (265.0, 738.8), (265.0, 748.2), (282.3, 755.9), (286.1, 755.3), (289.8, 755.0), (293.6, 755.9), (297.4, 755.3), (301.2, 755.0), (304.9, 755.9), (308.7, 755.3), (312.5, 755.0), (316.3, 755.9), (320.1, 755.3), (323.8, 755.0), (327.6, 755.9), (328.7, 755.3), (321.8, 755.0), (314.9, 755.9), (308.1, 755.3), (301.2, 755.0), (294.3, 755.9), (287.4, 755.3), (280.5, 755.0), (273.6, 755.9), (266.7, 755.3), (260.4, 743.2), (274.7, 738.5), (349.0, 752.6), (426.4, 755.0), (506.4, 755.9), (586.4, 755.3), (623.0, 713.2), (553.7, 673.9)]",0,0,7.07
speedrunner,meatboy,8,Saw,2,0,-39.75,0.429,"[(329.0, 749.0), (376.3, 747.3), (428.7, 728.7), (346.5, 664.3), (267.8, 618.8), (302.3, 601.5)]",0,0,0.67
speedrunner,meatboy,8,Pit,13,0,140.55,1.0,"[(329.0, 749.0), (376.3, 755.3), (437.7, 713.2), (381.7, 703.8), (301.7, 713.2), (266.3, 741.5), (322.3, 755.9), (402.3, 755.3), (482.3, 755.0), (562.3, 755.9), (629.7, 707.2), (573.7, 697.8), (493.7, 707.3), (415.0, 735.6), (396.1, 741.6), (459.2, 739.2), (539.2, 755.7), (619.2, 741.1), (551.0, 687.5), (489.0, 634.9), (489.0, 601.2), (531.3, 589.0), (611.3, 596.1), (569.3, 549.0), (489.0, 496.4), (509.0, 470.1), (586.3, 470.2), (591.0, 452.5), (499.0, 392.8), (493.0, 353.9), (556.3, 346.8), (631.0, 358.6), (527.1, 291.9), (489.0, 244.0), (526.3, 226.2), (606.3, 230.9), (564.3, 193.6), (479.1, 138.7), (425.0, 102.6), (445.0, 85.3), (522.3, 86.9), (602.3, 107.3), (564.3, 75.9), (478.7, 20.9), (474.7, -2.9), (544.7, -0.5), (624.7, 20.7), (537.7, -34.7), (461.0, -85.0), (468.3, -99.2), (543.1, -92.1), (615.1, -66.2), (691.1, -21.4), (771.1, -6.8), (851.1, 17.9), (931.1, 61.5), (1011.1, 123.9), (1091.1, 205.2), (1171.1, 305.3), (1251.1, 424.2), (1331.1, 562.0), (1411.1, 718.7), (1491.1, 894.2)]",0,0,8.28
speedrunner,meatboy,8,Saw,2,0,-41.75,0.429,"[(329.0, 749.0), (376.3, 747.3), (428.7, 728.7), (346.5, 664.3), (266.5, 618.8), (302.3, 601.5)]",0,0,0.67
speedrunner,meatboy,8,Success,20,0,2.83,0.453,"[(329.0, 749.0), (376.3, 747.3), (437.7, 737.9), (435.0, 747.3), (491.0, 751.9), (571.0, 740.2), (610.3, 720.0), (528.5, 658.0), (489.0, 614.8), (490.3, 590.5), (541.3, 585.0), (621.3, 598.4), (559.1, 541.9), (489.0, 491.7), (489.0, 460.3), (489.0, 447.7), (489.0, 454.0), (595.4, 387.3), (631.0, 339.4), (631.0, 310.4), (593.7, 300.2), (513.7, 308.8), (509.0, 336.3), (586.3, 382.6), (591.0, 393.9), (489.0, 334.3), (526.3, 304.4), (606.3, 304.5), (564.3, 265.4), (489.0, 210.5), (502.3, 177.5), (576.3, 172.8), (604.3, 163.2), (498.5, 101.2), (397.5, 58.0), (304.3, 33.7), (223.5, 28.2), (143.5, 41.5), (103.5, 73.7), (83.3, 108.0), (165.5, 43.6), (244.2, 27.6), (276.2, 34.7), (278.8, 60.7)]",0,0,5.83
speedrunner,meatboy,8,Success,21,0,0.67,0.508,"[(329.0, 749.0), (376.3, 755.3), (456.3, 755.0), (536.3, 755.9), (616.3, 755.3), (617.7, 721.1), (543.7, 718.8), (489.0, 735.3), (526.3, 755.9), (606.3, 755.3), (623.0, 721.8), (553.7, 717.1), (473.7, 731.3), (431.6, 755.3), (482.8, 755.0), (562.8, 755.9), (631.0, 747.3), (617.7, 707.4), (543.7, 705.1), (493.0, 721.6), (556.3, 755.0), (631.0, 745.1), (524.6, 678.4), (489.0, 630.5), (489.0, 601.4), (489.0, 591.2), (502.3, 599.9), (576.3, 627.4), (610.3, 641.9), (528.5, 579.9), (489.0, 536.7), (489.0, 512.4), (490.3, 506.9), (546.3, 520.2), (626.3, 552.4), (558.7, 498.3), (489.0, 448.1), (489.0, 416.7), (489.0, 404.1), (517.0, 410.4), (596.3, 435.6), (589.7, 419.5), (508.6, 362.2), (489.0, 323.7), (489.0, 304.1), (497.0, 303.3), (566.3, 321.4), (620.7, 343.3), (538.5, 278.9), (489.0, 233.4), (489.0, 206.7), (489.0, 198.8), (536.3, 209.8), (616.3, 239.7), (569.0, 198.3), (489.3, 145.7), (430.0, 111.9), (425.0, 97.0), (425.0, 100.9), (425.0, 123.7), (453.0, 165.3), (532.3, 225.8), (612.3, 305.1), (579.3, 288.9), (500.2, 234.0), (480.2, 206.5), (541.1, 206.5), (621.1, 225.4), (569.0, 181.2), (489.3, 132.0), (435.4, 124.9), (438.3, 136.7), (512.3, 167.4), (592.3, 216.9), (600.0, 226.4), (518.6, 166.7), (449.7, 125.9), (452.7, 96.2), (558.5, 89.1), (604.3, 77.8), (499.7, 15.7), (437.7, -19.2), (357.7, -21.5), (297.7, -5.0), (319.1, 30.4)]",0,0,11.27
speedrunner,meatboy,8,Saw,19,0,-0.7,0.44,"[(329.0, 749.0), (376.3, 747.3), (439.0, 737.9), (439.0, 747.3), (476.3, 751.9), (556.3, 745.1), (631.0, 738.0), (548.6, 671.3), (489.0, 623.4), (489.0, 594.4), (525.7, 584.2), (604.8, 592.8), (564.3, 557.0), (489.0, 502.0), (489.0, 465.9), (489.0, 448.7), (502.3, 450.2), (571.3, 470.7), (610.7, 479.9), (528.8, 417.9), (490.3, 374.7), (490.3, 350.4), (490.3, 344.9), (541.3, 358.2), (621.3, 390.4), (559.1, 336.4), (489.0, 286.1), (490.3, 254.7), (490.3, 242.2), (514.2, 248.5), (591.3, 273.6), (590.0, 257.5), (508.8, 200.2), (509.0, 168.2), (586.3, 165.9), (591.0, 146.8), (485.6, 87.1), (385.2, 46.3), (290.2, 24.3), (200.6, 21.2), (128.7, 36.9), (133.3, 71.4), (186.0, 124.8), (254.0, 171.3), (334.0, 142.8), (414.0, 160.4), (494.0, 196.9), (574.0, 252.3), (610.3, 287.7), (528.5, 225.7), (453.8, 182.5), (384.5, 158.2), (304.5, 152.7), (227.2, 166.1), (148.7, 198.3), (128.0, 249.3), (188.4, 319.2), (163.3, 306.4), (82.5, 251.4), (73.0, 215.3), (73.0, 198.0), (73.0, 199.6), (73.0, 220.0), (113.0, 215.1), (210.9, 169.9), (290.0, 167.6)]",0,0,8.7
speedrunner,meatboy,8,Stuck,21,0,-19.66,0.104,"[(329.0, 749.0), (376.3, 747.3), (439.0, 737.9), (439.0, 747.3), (476.3, 751.9), (556.3, 745.1), (631.0, 738.0), (548.6, 671.3), (489.0, 623.4), (489.0, 594.4), (489.0, 584.2), (531.3, 592.8), (611.3, 620.3), (569.3, 578.3), (489.0, 525.7), (489.0, 492.0), (489.0, 477.0), (490.3, 481.0), (509.7, 477.8), (591.5, 415.8), (631.0, 372.6), (631.0, 348.3), (617.7, 342.8), (543.7, 356.2), (493.0, 388.4), (551.3, 439.4), (631.3, 509.3), (537.7, 454.9), (493.0, 404.6), (556.3, 390.4), (631.0, 397.5), (548.6, 330.8), (489.0, 282.9), (489.0, 253.8), (489.0, 243.6), (489.0, 252.3), (542.3, 227.9), (631.0, 170.6), (631.0, 132.2), (631.0, 112.5), (629.7, 111.8), (573.7, 129.8), (493.7, 166.7), (438.1, 143.4), (425.0, 101.8), (423.7, 79.0), (418.3, 75.1), (465.7, 90.0), (545.7, 123.8), (625.7, 176.4), (537.7, 124.8), (434.7, 74.6), (337.1, 43.2), (253.5, 30.6), (173.5, 36.9), (121.5, 62.1), (121.5, 106.0), (173.5, 168.9), (184.0, 190.5), (110.1, 130.8), (73.0, 90.0), (73.0, 68.0), (73.0, 64.9), (73.0, 80.6), (73.0, 114.6), (73.0, 154.3), (73.0, 194.0), (73.0, 233.7), (73.0, 273.4), (73.0, 313.1), (74.3, 353.1), (125.3, 405.7), (205.3, 477.2), (143.1, 428.0), (73.0, 377.8), (73.0, 346.4), (73.0, 333.8), (73.0, 340.1), (113.0, 326.4), (215.0, 281.2), (132.6, 214.4), (73.0, 166.5), (73.0, 137.5), (73.0, 127.3), (73.0, 135.9), (73.0, 163.4), (73.0, 202.9), (73.0, 242.6), (73.0, 282.3), (73.0, 322.0)]",0,0,11.92
speedrunner,meatboy,8,Stuck,2,0,50.54,0.896,"[(329.0, 749.0), (376.3, 755.3), (456.3, 755.0), (536.3, 755.9), (616.3, 755.3), (623.0, 713.2), (553.7, 673.9), (489.0, 653.5), (489.0, 651.9), (489.0, 669.2), (489.0, 704.4), (490.3, 744.4), (546.3, 755.9), (626.3, 755.3), (631.0, 701.9), (631.0, 667.3), (631.0, 651.6), (631.0, 654.8), (631.0, 676.7), (631.0, 714.6), (631.0, 754.3), (631.0, 755.3), (631.0, 755.0), (631.0, 755.9), (631.0, 755.3), (631.0, 755.0), (631.0, 755.9), (631.0, 755.3), (631.0, 755.0), (631.0, 755.9), (631.0, 755.3), (631.0, 755.0), (631.0, 755.9), (631.0, 755.3), (631.0, 755.0), (631.0, 755.9), (631.0, 755.3), (631.0, 755.0), (631.0, 755.9), (631.0, 755.3), (631.0, 755.0), (631.0, 755.9), (631.0, 755.3), (631.0, 755.0), (631.0, 755.9)]",0,0,5.88
speedrunner,meatboy,8,Saw,2,0,-41.58,0.429,"[(329.0, 749.0), (376.3, 745.3), (425.7, 728.7), (319.5, 664.3), (266.3, 618.8)]",0,0,0.63
speedrunner,meatboy,8,Success,18,0,0.61,0.442,"[(329.0, 749.0), (376.3, 747.3), (439.0, 737.9), (439.0, 747.3), (476.3, 751.9), (556.3, 745.1), (631.0, 738.0), (548.6, 671.3), (489.0, 623.4), (522.1, 594.4), (601.3, 584.2), (579.7, 541.3), (498.8, 486.3), (489.0, 450.2), (526.3, 433.0), (606.3, 434.5), (564.3, 396.1), (490.3, 341.1), (490.3, 305.0), (509.0, 287.7), (586.3, 289.3), (591.0, 272.6), (489.0, 213.0), (502.3, 176.5), (576.3, 171.8), (610.3, 162.2), (528.5, 100.2), (449.8, 57.0), (369.8, 32.7), (295.2, 27.2), (215.2, 40.5), (139.2, 72.7), (128.5, 123.8), (195.2, 193.7), (153.2, 162.3), (118.5, 109.7), (115.8, 75.9), (113.2, 61.0), (86.5, 64.9), (113.0, 49.7), (215.9, -5.7), (287.5, -12.8), (293.5, -1.0), (294.2, 29.7)]",0,0,5.85
speedrunner,meatboy,8,Pit,21,0,-156.82,0.0,"[(329.0, 749.0), (376.3, 745.3), (437.7, 738.2), (435.0, 750.0), (491.0, 753.4), (571.0, 739.2), (610.3, 720.8), (528.5, 658.8), (489.0, 615.6), (490.3, 591.2), (514.2, 585.8), (591.3, 599.1), (590.0, 577.1), (508.8, 519.8), (490.3, 481.4), (490.3, 461.7), (490.3, 461.0), (569.0, 411.9), (631.0, 359.3), (631.0, 325.5), (603.0, 310.6), (523.7, 314.6), (502.3, 337.3), (576.3, 379.0), (604.3, 404.1), (498.5, 342.1), (517.0, 307.1), (596.3, 304.8), (577.7, 275.0), (489.0, 217.7), (498.3, 182.9), (567.7, 178.3), (617.7, 180.2), (511.5, 115.9), (438.3, 75.6), (544.5, 49.0), (617.7, 42.7), (511.5, -21.7), (409.8, -67.2), (313.5, -93.9), (222.5, -101.8), (136.8, -90.8), (75.2, -60.9), (-4.8, -13.0), (-84.8, -2.4), (-164.8, 27.0), (-244.8, 75.3), (-324.8, 142.5), (-404.8, 228.4), (-484.8, 333.3), (-564.8, 456.9), (-644.8, 599.4), (-724.8, 760.8)]",0,0,7.05
speedrunner,meatboy,8,Saw,2,0,-48.9,0.419,"[(329.0, 749.0), (376.3, 747.3), (425.7, 728.7), (319.5, 664.3), (265.0, 618.8), (287.3, 596.0)]",0,0,0.68
speedrunner,meatboy,8,Saw,2,0,-32.24,0.429,"[(329.0, 749.0), (376.3, 747.3), (425.7, 728.7), (319.5, 664.3), (265.0, 618.8), (265.0, 592.1), (293.0, 584.2)]",0,0,0.82
speedrunner,meatboy,8,Success,18,0,0.61,0.442,"[(329.0, 749.0), (376.3, 747.3), (439.0, 737.9), (439.0, 747.3), (476.3, 751.9), (556.3, 745.1), (631.0, 738.0), (548.6, 671.3), (489.0, 623.4), (522.1, 594.4), (601.3, 584.2), (579.7, 541.3), (498.8, 486.3), (489.0, 450.2), (526.3, 433.0), (606.3, 434.5), (564.3, 396.1), (490.3, 341.1), (490.3, 305.0), (509.0, 287.7), (586.3, 289.3), (591.0, 272.6), (489.0, 213.0), (502.3, 176.5), (576.3, 171.8), (610.3, 162.2), (528.5, 100.2), (449.8, 57.0), (369.8, 32.7), (295.2, 27.2), (215.2, 40.5), (139.2, 72.7), (128.5, 123.8), (195.2, 193.7), (153.2, 162.3), (118.5, 109.7), (115.8, 75.9), (113.2, 61.0), (86.5, 64.9), (113.0, 49.7), (215.9, -5.7), (287.5, -12.8), (293.5, -1.0), (294.2, 29.7)]",0,0,5.85
speedrunner,meatboy,8,Success,21,0,0.67,0.508,"[(329.0, 749.0), (376.3, 755.3), (456.3, 755.0), (536.3, 755.9), (616.3, 755.3), (617.7, 721.1), (543.7, 718.8), (489.0, 735.3), (526.3, 755.9), (606.3, 755.3), (623.0, 721.8), (553.7, 717.1), (473.7, 731.3), (431.6, 755.3), (482.8, 755.0), (562.8, 755.9), (631.0, 747.3), (617.7, 707.4), (543.7, 705.1), (493.0, 721.6), (556.3, 755.0), (631.0, 745.1), (524.6, 678.4), (489.0, 630.5), (489.0, 601.4), (489.0, 591.2), (502.3, 599.9), (576.3, 627.4), (610.3, 641.9), (528.5, 579.9), (489.0, 536.7), (489.0, 512.4), (490.3, 506.9), (546.3, 520.2), (626.3, 552.4), (558.7, 498.3), (489.0, 448.1), (489.0, 416.7), (489.0, 404.1), (517.0, 410.4), (596.3, 435.6), (589.7, 419.5), (508.6, 362.2), (489.0, 323.7), (489.0, 304.1), (497.0, 303.3), (566.3, 321.4), (620.7, 343.3), (538.5, 278.9), (489.0, 233.4), (489.0, 206.7), (489.0, 198.8), (536.3, 209.8), (616.3, 239.7), (569.0, 198.3), (489.3, 145.7), (430.0, 111.9), (425.0, 97.0), (425.0, 100.9), (425.0, 123.7), (453.0, 165.3), (532.3, 225.8), (612.3, 305.1), (579.3, 288.9), (500.2, 234.0), (480.2, 206.5), (541.1, 206.5), (621.1, 225.4), (569.0, 181.2), (489.3, 132.0), (435.4, 124.9), (438.3, 136.7), (512.3, 167.4), (592.3, 216.9), (600.0, 226.4), (518.6, 166.7), (449.7, 125.9), (452.7, 96.2), (558.5, 89.1), (604.3, 77.8), (499.7, 15.7), (437.7, -19.2), (357.7, -21.5), (297.7, -5.0), (319.1, 30.4)]",0,0,11.27
speedrunner,meatboy,8,Success,20,0,2.83,0.453,"[(329.0, 749.0), (376.3, 747.3), (437.7, 737.9), (435.0, 747.3), (491.0, 751.9), (571.0, 740.2), (610.3, 720.0), (528.5, 658.0), (489.0, 614.8), (490.3, 590.5), (541.3, 585.0), (621.3, 598.4), (559.1, 541.9), (489.0, 491.7), (489.0, 460.3), (489.0, 447.7), (489.0, 454.0), (595.4, 387.3), (631.0, 339.4), (631.0, 310.4), (593.7, 300.2), (513.7, 308.8), (509.0, 336.3), (586.3, 382.6), (591.0, 393.9), (489.0, 334.3), (526.3, 304.4), (606.3, 304.5), (564.3, 265.4), (489.0, 210.5), (502.3, 177.5), (576.3, 172.8), (604.3, 163.2), (498.5, 101.2), (397.5, 58.0), (304.3, 33.7), (223.5, 28.2), (143.5, 41.5), (103.5, 73.7), (83.3, 108.0), (165.5, 43.6), (244.2, 27.6), (276.2, 34.7), (278.8, 60.7)]",0,0,5.83
speedrunner,meatboy,8,Stuck,21,0,-19.66,0.104,"[(329.0, 749.0), (376.3, 747.3), (439.0, 737.9), (439.0, 747.3), (476.3, 751.9), (556.3, 745.1), (631.0, 738.0), (548.6, 671.3), (489.0, 623.4), (489.0, 594.4), (489.0, 584.2), (531.3, 592.8), (611.3, 620.3), (569.3, 578.3), (489.0, 525.7), (489.0, 492.0), (489.0, 477.0), (490.3, 481.0), (509.7, 477.8), (591.5, 415.8), (631.0, 372.6), (631.0, 348.3), (617.7, 342.8), (543.7, 356.2), (493.0, 388.4), (551.3, 439.4), (631.3, 509.3), (537.7, 454.9), (493.0, 404.6), (556.3, 390.4), (631.0, 397.5), (548.6, 330.8), (489.0, 282.9), (489.0, 253.8), (489.0, 243.6), (489.0, 252.3), (542.3, 227.9), (631.0, 170.6), (631.0, 132.2), (631.0, 112.5), (629.7, 111.8), (573.7, 129.8), (493.7, 166.7), (438.1, 143.4), (425.0, 101.8), (423.7, 79.0), (418.3, 75.1), (465.7, 90.0), (545.7, 123.8), (625.7, 176.4), (537.7, 124.8), (434.7, 74.6), (337.1, 43.2), (253.5, 30.6), (173.5, 36.9), (121.5, 62.1), (121.5, 106.0), (173.5, 168.9), (184.0, 190.5), (110.1, 130.8), (73.0, 90.0), (73.0, 68.0), (73.0, 64.9), (73.0, 80.6), (73.0, 114.6), (73.0, 154.3), (73.0, 194.0), (73.0, 233.7), (73.0, 273.4), (73.0, 313.1), (74.3, 353.1), (125.3, 405.7), (205.3, 477.2), (143.1, 428.0), (73.0, 377.8), (73.0, 346.4), (73.0, 333.8), (73.0, 340.1), (113.0, 326.4), (215.0, 281.2), (132.6, 214.4), (73.0, 166.5), (73.0, 137.5), (73.0, 127.3), (73.0, 135.9), (73.0, 163.4), (73.0, 202.9), (73.0, 242.6), (73.0, 282.3), (73.0, 322.0)]",0,0,11.92
speedrunner,meatboy,8,Saw,3,0,-35.49,0.424,"[(329.0, 749.0), (367.2, 747.3), (436.9, 737.9), (345.8, 678.6), (265.0, 628.4), (266.3, 597.0), (298.3, 584.4)]",0,0,0.8
speedrunner,meatboy,8,Saw,2,0,-41.75,0.429,"[(329.0, 749.0), (376.3, 747.3), (428.7, 728.7), (346.5, 664.3), (266.5, 618.8), (302.3, 601.5)]",0,0,0.67
speedrunner,meatboy,8,Saw,2,0,-39.75,0.429,"[(329.0, 749.0), (376.3, 747.3), (428.7, 728.7), (346.5, 664.3), (267.8, 618.8), (302.3, 601.5)]",0,0,0.67
speedrunner,meatboy,8,Stuck,7,0,36.59,0.828,"[(329.0, 749.0), (376.3, 755.3), (456.3, 755.0), (536.3, 755.9), (616.3, 755.3), (603.0, 708.1), (523.7, 671.2), (489.0, 653.1), (489.0, 653.9), (489.0, 673.6), (489.0, 710.3), (493.0, 750.8), (556.3, 755.3), (631.0, 748.2), (583.7, 731.5), (505.0, 738.6), (484.9, 755.9), (547.9, 755.3), (627.9, 755.0), (593.7, 731.1), (513.7, 735.8), (471.6, 755.0), (522.8, 755.9), (602.8, 755.3), (611.0, 732.8), (533.7, 732.9), (473.7, 751.7), (502.9, 755.0), (582.8, 755.9), (623.0, 735.8), (553.7, 731.1), (481.7, 745.2), (487.2, 755.3), (562.8, 755.0), (629.7, 739.9), (573.7, 730.5), (495.0, 739.9), (476.7, 755.9), (542.8, 755.3), (622.8, 755.0), (593.7, 731.1), (513.7, 735.8), (471.6, 755.0), (522.8, 755.9)]",0,0,5.83
speedrunner,meatboy,8,Saw,2,0,-39.5,0.429,"[(329.0, 749.0), (376.3, 747.3), (425.7, 728.7), (319.5, 664.3), (265.0, 618.8), (302.3, 601.5)]",0,0,0.67
speedrunner,meatboy,8,Saw,2,0,-39.75,0.429,"[(329.0, 749.0), (376.3, 747.3), (428.7, 728.7), (346.5, 664.3), (267.8, 618.8), (302.3, 601.5)]",0,0,0.67
